135, 125, 58, 15, NOME
131, 142, 169, 10, JUNIOR AMORIN DIN
434, 232, 35, 18, CPF
424, 250, 151, 13, 471.041.227-88
717, 424, 57, 19, CAT. HAB.
734, 447, 21, 12, AB
588, 487, 114, 19, 1ª HABILITAÇÃO
611, 508, 97, 14, 15/04/2015
406, 486, 72, 18, VALIDADE
413, 505, 107, 13, 26/08/1994
133, 484, 91, 17, Nº REGISTRO
165, 501, 140, 14, 72667497420
10, 340, 23, 162, VÁLIDA EM TODO
67, 324, 24, 191, 075809514
649, 231, 124, 18, DATA NASCIMENTO
643, 250, 126, 16, 30/10/2013
435, 176, 246, 17, DOC. IDENTIDADE/ÓRG EMISSOR UF
431, 194, 96, 13, 886924114
621, 196, 31, 12, SSP
743, 198, 17, 10, RS
439, 284, 64, 15, FILIAÇÃO
428, 306, 218, 12, JOMAR FAVERSANI ADAD
425, 347, 279, 19, GESSE CANASSA KAZUNO
426, 373, 80, 10, CALDEIRA
