236, 254, 92, 39, NOME
221, 299, 637, 22, CAMPANELLI NAGAMATSU SCHIESSL
778, 473, 63, 33, CPF
763, 508, 343, 27, 012.790.126-41
1279, 841, 111, 31, CAT. HAB.
1302, 883, 20, 22, B
1060, 963, 196, 29, 1ª HABILITAÇÃO
1103, 990, 244, 34, 04/10/1953
744, 964, 118, 25, VALIDADE
745, 996, 225, 31, 27/02/1957
232, 962, 166, 33, Nº REGISTRO
297, 1004, 214, 22, 87393520094
5, 683, 33, 309, VÁLIDA EM TODO
100, 653, 48, 385, 570776894
1162, 473, 236, 33, DATA NASCIMENTO
1148, 511, 206, 27, 24/09/1986
781, 364, 431, 37, DOC. IDENTIDADE/ÓRG EMISSOR UF
761, 404, 194, 24, 706861899
1098, 409, 48, 17, SJS
1322, 403, 44, 23, GO
788, 572, 118, 37, FILIAÇÃO
764, 615, 482, 21, JOSIFRAN MELANY PESSOA
760, 651, 174, 29, DA MATA
762, 696, 484, 27, SLOMPO WANDER GILM
765, 742, 146, 24, CAMPOS
