133, 106, 37, 16, NOME
130, 125, 142, 9, OKINO KALINE ELDER
378, 201, 29, 16, CPF
372, 229, 136, 11, 281.277.779-60
605, 386, 49, 17, CAT. HAB.
612, 412, 18, 10, AB
509, 441, 90, 19, 1ª HABILITAÇÃO
512, 458, 127, 19, 26/11/2010
354, 443, 60, 16, VALIDADE
344, 463, 106, 13, 28/07/1968
133, 439, 73, 16, Nº REGISTRO
128, 462, 95, 10, 46014284136
14, 303, 17, 135, VÁLIDA EM TODO
52, 295, 21, 175, 071258323
554, 651, 97, -98, DATA NASCIMENTO
555, 231, 77, 12, 11/01/1962
382, 498, 210, 94, DOC. IDENTIDADE/ÓRG EMISSOR/UF
373, 177, 157, 13, 206540358 SDS AM
379, 251, 58, 19, FILIAÇÃO
369, 282, 187, 10, MIORANDO NISI PRINI
370, 333, 198, 11, BRIGIDA FERRITE VAIN
373, 357, 64, 11, DA LUZ
