159, 116, 45, 16, NOME
147, 139, 274, 12, ESAU KOPEL THEODOROVITZ
446, 231, 27, 16, CPF
427, 251, 191, 20, 107.521.902-70
703, 439, 67, 19, CAT. HAB.
718, 466, 10, 12, A
638, 499, 110, 18, 1ª HABILITAÇÃO
620, 516, 127, 18, 03/04/1980
462, 497, 68, 16, VALIDADE
425, 516, 137, 18, 22/09/1980
161, 495, 88, 19, Nº REGISTRO
179, 516, 140, 15, 25980242803
15, 357, 23, 164, VÁLIDA EM TODO
-1, 73, 200, 23, 752931409
647, 232, 127, 20, DATA NASCIMENTO
643, 252, 123, 15, 13/06/1971
448, 174, 252, 18, DOC. IDENTIDADE/ÓRG EMISSOR/UF
426, 193, 176, 14, 317944067 POM MG
446, 289, 64, 19, FILIAÇÃO
435, 314, 310, 13, FINOTTO ELIZELAINE AEREE
430, 341, 104, 13, CARVALHO
433, 377, 271, 13, DANDOLO FRIGORI PROTA
430, 408, 97, 12, RODRIGUES
