129, 111, 37, 18, NOME
124, 129, 189, 21, LALUCI KASAI VARJAO
368, 210, 26, 13, CPF
362, 232, 123, 14, 609.160.621-20
584, 379, 51, 15, CAT. HAB.
590, 402, 9, 9, A
491, 432, 85, 18, 1ª HABILITAÇÃO
489, 448, 107, 14, 12/06/1999
343, 431, 55, 17, VALIDADE
337, 449, 98, 12, 08/06/2014
128, 432, 75, 14, Nº REGISTRO
128, 450, 96, 11, 24033699457
19, 299, 17, 133, VÁLIDA EM TODO
57, 306, 19, 157, 933403730
532, 208, 105, 13, DATA NASCIMENTO
533, 230, 97, 14, 25/05/2014
368, 162, 207, 16, DOC. IDENTIDADE/ÓRG EMISSOR/UF
365, 184, 157, 13, 725521175 SJS SP
369, 255, 49, 16, FILIAÇÃO
361, 282, 197, 9, TSUCHIE PIERALLINI MASSEI
358, 304, 49, 10, VIANA
361, 327, 227, 12, KLAUSSNER SCAPIN PO
