135, 125, 58, 15, NOME
133, 142, 267, 13, FORNERETO QUINTANILHA ROIUK
434, 232, 35, 18, CPF
423, 250, 152, 13, 006.314.712-27
717, 424, 57, 19, CAT. HAB.
733, 447, 11, 13, C
588, 487, 114, 19, 1ª HABILITAÇÃO
611, 508, 97, 13, 16/09/1963
406, 486, 72, 18, VALIDADE
413, 505, 107, 14, 21/07/2019
133, 484, 91, 17, Nº REGISTRO
166, 501, 137, 15, 27573791321
10, 340, 23, 162, VÁLIDA EM TODO
67, 324, 24, 192, 521129341
649, 231, 124, 18, DATA NASCIMENTO
643, 250, 126, 16, 31/12/1977
435, 176, 246, 17, DOC. IDENTIDADE/ÓRG EMISSOR UF
429, 194, 96, 13, 529712921
621, 196, 42, 12, SESP
744, 198, 17, 10, PR
439, 284, 64, 15, FILIAÇÃO
426, 306, 264, 12, CARBONARO TAKASAKI BRAUL
427, 347, 231, 19, IRAI KNOLL CERONI
426, 373, 80, 10, CARVALHO
