151, 128, 56, 16, NOME
144, 147, 228, 12, GILTADIA PEIXOTTO P
442, 238, 34, 19, CPF
436, 258, 149, 13, 975.166.393-89
724, 433, 59, 18, CAT. HAB.
736, 459, 8, 9, A
601, 494, 105, 18, 1ª HABILITAÇÃO
616, 516, 127, 16, 09/02/2002
414, 492, 72, 19, VALIDADE
422, 506, 127, 23, 06/01/2005
148, 489, 87, 19, Nº REGISTRO
182, 511, 118, 14, 46314153227
24, 344, 22, 163, VÁLIDA EM TODO
71, 355, 23, 189, 978294284
660, 240, 127, 18, DATA NASCIMENTO
647, 259, 107, 16, 26/11/1955
446, 181, 240, 19, DOC. IDENTIDADE/ÓRG EMISSOR UF
625, 206, 27, 10, SES
746, 207, 22, 10, GO
436, 202, 103, 13, 542000921
451, 292, 60, 15, FILIAÇÃO
436, 312, 207, 13, MELISSA FRASSETT
434, 358, 236, 14, KAMONSEKI FORMENT
435, 379, 90, 13, MARTINS
