118, 97, 40, 15, NOME
112, 116, 250, 10, MEDOLAGO THEREZINHA LONGO
352, 193, 29, 11, CPF
345, 204, 137, 13, 528.130.350-33
577, 358, 47, 13, CAT. HAB.
583, 376, 7, 9, E
478, 405, 83, 20, 1ª HABILITAÇÃO
487, 421, 96, 16, 19/08/2002
329, 405, 60, 17, VALIDADE
335, 422, 96, 15, 22/03/2020
112, 401, 74, 17, Nº REGISTRO
138, 421, 107, 11, 17442644139
9, 279, 18, 137, VÁLIDA EM TODO
60, 302, 19, 162, 672184230
521, 191, 108, 16, DATA NASCIMENTO
517, 209, 98, 14, 10/04/2007
353, 145, 190, 14, DOC. IDENTIDADE/ÓRG EMISSOR UF
349, 161, 69, 12, 792420287
501, 164, 24, 7, SSP
594, 165, 15, 7, PR
350, 234, 60, 16, FILIAÇÃO
344, 254, 174, 9, GIRSELEY MIAGAVA ASSAD
345, 273, 48, 10, JESUS
345, 292, 223, 12, CEBALLOS MARQUESINI LINGI
347, 312, 57, 15, FARIAS
