117, 115, 40, 15, NOME
108, 130, 198, 9, CAPELLARO GIZELE ANAHY
349, 203, 25, 15, CPF
337, 219, 141, 12, 706.195.980-00
574, 367, 48, 15, CAT. HAB.
585, 386, 8, 11, C
476, 422, 87, 13, 1ª HABILITAÇÃO
490, 435, 105, 15, 16/07/1981
333, 422, 55, 15, VALIDADE
333, 438, 86, 17, 11/09/1971
115, 420, 68, 15, Nº REGISTRO
142, 439, 105, 11, 35297842118
17, 296, 17, 127, VÁLIDA EM TODO
62, 297, 20, 165, 392745853
521, 204, 100, 13, DATA NASCIMENTO
513, 218, 97, 13, 27/06/1994
349, 156, 188, 15, DOC. IDENTIDADE/ÓRG EMISSOR UF
494, 173, 29, 9, SESP
592, 173, 15, 8, SP
345, 172, 68, 11, 843176076
351, 247, 54, 18, FILIAÇÃO
344, 265, 205, 13, SCUTA VIDOTO LUDOVI
346, 303, 226, 12, FACCIONE URBANO KEIDI
