137, 104, 41, 12, NOME
132, 125, 185, 11, KENJ CALVI NATTAN
376, 195, 29, 18, CPF
354, 213, 137, 12, 654.842.475-19
595, 367, 61, 13, CAT. HAB.
605, 384, 6, 9, D
534, 409, 103, 18, 1ª HABILITAÇÃO
522, 428, 108, 14, 07/07/2009
388, 409, 65, 17, VALIDADE
363, 427, 97, 12, 06/05/1990
143, 407, 84, 13, Nº REGISTRO
162, 425, 118, 14, 47737084666
26, 287, 17, 138, VÁLIDA EM TODO
71, 269, 21, 175, 726774320
542, 198, 121, 15, DATA NASCIMENTO
537, 214, 97, 17, 08/12/2015
378, 150, 241, 15, DOC. IDENTIDADE/ÓRG EMISSOR/UF
352, 166, 142, 10, 666394167 POM SC
374, 242, 66, 15, FILIAÇÃO
352, 263, 265, 12, SZNIFER PARAISO FRANCESCONI
353, 285, 68, 10, REZENDE
350, 307, 251, 12, CESANA CATALANO SCODE
348, 331, 58, 10, CAMPOS
