133, 111, 40, 18, NOME
132, 135, 228, 15, HELEODORO SHAIDDY SAADE
376, 210, 27, 15, CPF
372, 233, 122, 11, 415.676.680-20
602, 383, 57, 17, CAT. HAB.
611, 408, 6, 8, D
506, 439, 90, 14, 1ª HABILITAÇÃO
508, 455, 107, 15, 29/07/2010
350, 435, 63, 18, VALIDADE
350, 454, 96, 13, 30/04/2002
131, 431, 76, 17, Nº REGISTRO
126, 453, 95, 10, 96115785402
8, 301, 21, 134, VÁLIDA EM TODO
49, 311, 19, 156, 832017407
544, 209, 105, 15, DATA NASCIMENTO
544, 233, 86, 12, 01/07/2002
374, 163, 212, 13, DOC. IDENTIDADE/ÓRG EMISSOR/UF
370, 186, 142, 11, 966538330 SDS SC
376, 257, 53, 14, FILIAÇÃO
371, 283, 168, 10, KITABAYASHI BERGS
370, 308, 39, 8, PORTO
369, 332, 227, 10, SOMOLANJI VALIERIS TEST
372, 356, 47, 10, SALES
