136, 118, 39, 19, NOME
135, 139, 268, 13, FERRARIO HOSHINA LEOPOLDINO
380, 216, 23, 16, CPF
373, 235, 122, 20, 458.750.922-11
598, 390, 53, 17, CAT. HAB.
612, 413, 7, 10, E
504, 444, 93, 15, 1ª HABILITAÇÃO
508, 462, 107, 15, 16/02/1985
356, 445, 56, 13, VALIDADE
350, 461, 104, 16, 30/01/1974
136, 442, 74, 15, Nº REGISTRO
131, 460, 95, 11, 31540272756
689, 680, -23, -13, VÁLIDA EM TODO
49, 320, 24, 148, 1793079
542, 217, 105, 16, DATA NASCIMENTO
544, 240, 78, 15, 10/04/2009
376, 166, 211, 19, DOC. IDENTIDADE/ÓRG EMISSOR/UF
373, 193, 151, 14, 537132491 SESP SC
377, 263, 53, 15, FILIAÇÃO
373, 289, 149, 10, BREGALDA AKIOMA
371, 315, 44, 9, VIANA
372, 339, 211, 10, JARINE BRIANEZ BENEDETI
382, 363, 70, 9, SILVEIRA
