126, 97, 40, 19, NOME
123, 114, 205, 14, STAPAIT FINGERMANN YUNG
356, 189, 30, 15, CPF
353, 212, 123, 11, 944.640.387-19
566, 357, 53, 16, CAT. HAB.
577, 380, 8, 11, D
480, 410, 80, 15, 1ª HABILITAÇÃO
487, 426, 87, 13, 03/07/1995
337, 410, 57, 14, VALIDADE
329, 425, 96, 13, 01/04/1992
129, 408, 70, 16, Nº REGISTRO
141, 424, 118, 12, 97391258620
9, 282, 20, 143, VÁLIDA EM TODO
50, 284, 20, 181, 497158654
517, 191, 101, 15, DATA NASCIMENTO
519, 210, 87, 12, 14/06/1978
359, 143, 202, 16, DOC. IDENTIDADE/ÓRG EMISSOR/UF
355, 164, 154, 11, 905947241 POF PI
359, 234, 51, 17, FILIAÇÃO
351, 260, 197, 11, CHRISTOFOLO PINEZZI AR
352, 283, 59, 10, MENDES
352, 308, 188, 9, TERRA IKEMOTO MOSCOSO
351, 331, 63, 9, NOGUEIRA
