152, 125, 51, 17, NOME
146, 143, 219, 11, MACHLINE SU GAZZETTA
452, 231, 27, 14, CPF
439, 248, 151, 14, 333.442.752-83
733, 422, 63, 16, CAT. HAB.
747, 443, 11, 13, D
610, 483, 111, 21, 1ª HABILITAÇÃO
627, 503, 118, 15, 02/07/1965
427, 484, 82, 17, VALIDADE
434, 504, 107, 15, 08/07/1962
156, 485, 87, 20, Nº REGISTRO
191, 504, 138, 14, 13794173249
23, 350, 23, 162, VÁLIDA EM TODO
83, 358, 24, 201, 790301049
666, 228, 127, 16, DATA NASCIMENTO
659, 245, 116, 16, 16/01/2015
451, 175, 235, 15, DOC. IDENTIDADE/ÓRG EMISSOR UF
442, 194, 96, 12, 971054010
631, 195, 28, 10, POM
754, 195, 19, 10, AM
455, 279, 65, 21, FILIAÇÃO
441, 304, 230, 10, TURTURA TAZIMA BALEEIRO
442, 349, 241, 12, DIVINA SALICIO COLOGNA
