160, 116, 45, 16, NOME
149, 139, 298, 12, PROCOPIO MONFORT BALSEIRO
447, 231, 27, 16, CPF
426, 251, 193, 20, 718.727.996-55
704, 439, 67, 19, CAT. HAB.
718, 466, 11, 12, C
639, 499, 110, 18, 1ª HABILITAÇÃO
620, 517, 127, 18, 31/12/2012
463, 497, 68, 16, VALIDADE
428, 516, 135, 18, 15/02/1953
162, 495, 88, 19, Nº REGISTRO
179, 517, 141, 19, 01977277790
16, 357, 23, 164, VÁLIDA EM TODO
74, 380, 23, 198, 408850951
648, 232, 127, 20, DATA NASCIMENTO
644, 252, 126, 15, 13/03/1959
449, 174, 252, 18, DOC. IDENTIDADE/ÓRG EMISSOR/UF
427, 193, 176, 13, 574659122 POF SC
447, 289, 64, 19, FILIAÇÃO
435, 314, 282, 13, DALCIO ANTEGHINI CARRI
431, 341, 104, 13, CARVALHO
434, 377, 284, 13, KENNDY DIOSEF PORTUGAL
431, 408, 64, 12, NOVAES
