151, 129, 49, 20, NOME
142, 149, 287, 12, GIRALDES KANAMURA JULIUS
446, 238, 32, 15, CPF
434, 257, 149, 14, 505.218.527-81
726, 431, 64, 13, CAT. HAB.
743, 451, 9, 11, C
606, 491, 106, 19, 1ª HABILITAÇÃO
620, 511, 107, 15, 23/10/1978
419, 491, 76, 21, VALIDADE
427, 509, 126, 17, 29/07/1952
149, 490, 93, 21, Nº REGISTRO
183, 513, 130, 13, 00789391120
18, 348, 23, 171, VÁLIDA EM TODO
70, 345, 23, 190, 059986320
660, 236, 130, 16, DATA NASCIMENTO
651, 255, 107, 14, 23/05/1969
443, 182, 242, 15, DOC. IDENTIDADE/ÓRG EMISSOR UF
627, 202, 27, 10, SNJ
749, 202, 18, 10, BA
439, 201, 86, 11, 971524920
443, 287, 75, 17, FILIAÇÃO
436, 310, 283, 12, CAMPEIRO DIPOLITTO MASUTTI
438, 355, 208, 12, KELLI GIKAS CANTANO
439, 378, 70, 12, DUARTE
