135, 111, 37, 21, NOME
130, 136, 210, 10, CEVIDANES ISSAKA YUCO
374, 206, 28, 19, CPF
371, 235, 123, 11, 163.602.502-17
597, 383, 58, 15, CAT. HAB.
609, 407, 8, 9, A
507, 438, 91, 15, 1ª HABILITAÇÃO
508, 456, 106, 14, 10/06/1963
351, 437, 61, 16, VALIDADE
338, 452, 122, 15, 16/09/1999
128, 430, 82, 22, Nº REGISTRO
126, 452, 117, 12, 64933397874
6, 299, 23, 142, VÁLIDA EM TODO
44, 315, 24, 148, 0972868
541, 208, 110, 16, DATA NASCIMENTO
545, 233, 97, 13, 02/02/1980
373, 158, 213, 21, DOC. IDENTIDADE/ÓRG EMISSOR/UF
368, 186, 142, 10, 559903339 SES PR
373, 256, 57, 17, FILIAÇÃO
371, 282, 158, 11, LOGAR MITSUSHIGU
368, 306, 69, 10, RIBEIRO
368, 330, 210, 11, MARILDA ZAMARO PEREDO
369, 355, 52, 9, BARROS
