156, 124, 49, 16, NOME
149, 143, 230, 12, MUZZIO RICARD FRIEDLA
454, 237, 33, 15, CPF
442, 256, 165, 14, 431.543.784-05
737, 436, 56, 16, CAT. HAB.
752, 461, 9, 8, D
612, 494, 107, 17, 1ª HABILITAÇÃO
624, 514, 127, 21, 01/02/1978
421, 492, 71, 13, VALIDADE
429, 510, 117, 15, 28/05/1989
147, 483, 85, 16, Nº REGISTRO
180, 506, 118, 12, 94468362379
21, 339, 22, 167, VÁLIDA EM TODO
-1, 76, 218, 26, 046288421
674, 244, 128, 16, DATA NASCIMENTO
663, 260, 117, 16, 09/05/1952
456, 184, 239, 19, DOC. IDENTIDADE/ÓRG EMISSOR UF
446, 202, 85, 11, 161563491
639, 207, 31, 12, POM
765, 209, 21, 12, BA
456, 288, 68, 16, FILIAÇÃO
447, 311, 142, 12, KIVIA CIRINEU
446, 379, 68, 10, PEREIRA
446, 354, 262, 12, LYRA STRONGOLI LARANJO
