116, 104, 39, 13, NOME
111, 120, 229, 13, GARSON BELLIZA YUKIYOSH
349, 196, 28, 13, CPF
342, 210, 137, 12, 814.768.589-00
574, 359, 47, 16, CAT. HAB.
588, 380, 7, 8, E
476, 411, 87, 17, 1ª HABILITAÇÃO
490, 428, 97, 13, 22/12/2009
330, 413, 54, 13, VALIDADE
335, 427, 117, 16, 24/01/1975
113, 410, 68, 16, Nº REGISTRO
141, 429, 106, 11, 12813253554
12, 287, 17, 139, VÁLIDA EM TODO
52, 311, 17, 139, 431224064
521, 195, 103, 15, DATA NASCIMENTO
514, 210, 96, 13, 05/03/1968
351, 146, 187, 17, DOC. IDENTIDADE/ÓRG EMISSOR UF
494, 166, 23, 9, SEJ
345, 164, 78, 10, 437109809
591, 166, 14, 8, PR
356, 239, 49, 15, FILIAÇÃO
344, 258, 206, 9, WELITON SAVAZONI IRAMIN
344, 277, 62, 9, MARTINS
342, 296, 218, 10, KOKITSU BRUNETI CEDRAN
