169, 110, 50, 16, NOME
159, 126, 343, 12, BIERRENBACH ANAE SPLENDORELLI
468, 217, 32, 17, CPF
455, 235, 179, 19, 038.114.919-62
758, 411, 57, 21, CAT. HAB.
770, 435, 9, 11, C
630, 473, 108, 20, 1ª HABILITAÇÃO
644, 495, 126, 16, 27/09/1997
443, 473, 69, 21, VALIDADE
439, 496, 118, 15, 07/02/2009
162, 474, 90, 17, Nº REGISTRO
198, 495, 129, 13, 92750260383
23, 337, 24, 179, VÁLIDA EM TODO
84, 348, 24, 192, 072599822
693, 218, 123, 16, DATA NASCIMENTO
678, 235, 108, 13, 04/09/1987
466, 159, 247, 20, DOC. IDENTIDADE/ÓRG EMISSOR UF
462, 181, 86, 11, 104123795
652, 182, 27, 10, POM
780, 181, 19, 11, SC
471, 268, 67, 20, FILIAÇÃO
460, 292, 238, 11, SIVIDAL KIELING PAVESE
463, 314, 74, 12, FREITAS
461, 336, 257, 13, FARIAS BETTI GAZZOLA
459, 361, 39, 10, LIMA
