130, 111, 38, 15, NOME
123, 128, 205, 9, HERMENEGILDA VANCO MOCO
360, 204, 28, 13, CPF
353, 218, 136, 13, 312.879.148-10
586, 368, 49, 15, CAT. HAB.
597, 387, 7, 10, E
487, 422, 87, 13, 1ª HABILITAÇÃO
501, 436, 98, 12, 08/04/1954
344, 419, 50, 17, VALIDADE
345, 435, 106, 14, 03/05/2011
124, 420, 71, 13, Nº REGISTRO
149, 436, 105, 11, 31712717294
20, 292, 16, 131, VÁLIDA EM TODO
67, 289, 19, 156, 813918087
530, 203, 103, 14, DATA NASCIMENTO
526, 219, 97, 12, 26/01/1954
362, 158, 188, 13, DOC. IDENTIDADE/ÓRG EMISSOR UF
506, 176, 22, 7, SJS
356, 173, 70, 10, 935806313
602, 176, 17, 9, PR
363, 248, 55, 15, FILIAÇÃO
356, 266, 223, 10, SECAMILLI IZUKAWA MILITAO
357, 305, 226, 12, ARACKAWA NICOLLE PAVONI
