136, 112, 37, 21, NOME
131, 137, 260, 10, CASSON EUVALDO KAMIGASHIMA
375, 207, 28, 19, CPF
371, 236, 123, 11, 588.347.477-20
598, 384, 58, 15, CAT. HAB.
610, 408, 16, 9, AB
508, 439, 91, 15, 1ª HABILITAÇÃO
507, 456, 108, 15, 09/05/2017
352, 438, 61, 16, VALIDADE
339, 453, 122, 15, 18/12/1965
129, 431, 82, 22, Nº REGISTRO
126, 453, 118, 12, 08834596047
7, 300, 23, 142, VÁLIDA EM TODO
45, 316, 24, 148, 4228912
542, 209, 110, 16, DATA NASCIMENTO
546, 234, 97, 13, 26/04/2010
374, 159, 213, 21, DOC. IDENTIDADE/ÓRG EMISSOR/UF
371, 187, 140, 11, 356365761 SEJ PB
374, 257, 57, 17, FILIAÇÃO
372, 284, 148, 10, RAGNO JOEFERSON
369, 307, 57, 10, DA PAZ
369, 332, 209, 10, MILITAO RUBINGER MESS
370, 356, 52, 9, VIEIRA
