160, 115, 45, 16, NOME
149, 136, 310, 13, ZUCCHERELLI URION GIACON
447, 230, 27, 16, CPF
428, 249, 191, 18, 349.177.906-54
704, 438, 67, 19, CAT. HAB.
718, 465, 11, 12, C
639, 498, 110, 18, 1ª HABILITAÇÃO
620, 515, 128, 18, 30/07/1955
463, 496, 68, 16, VALIDADE
428, 515, 134, 18, 19/03/1992
162, 494, 88, 19, Nº REGISTRO
180, 515, 140, 15, 88853604617
16, 356, 23, 164, VÁLIDA EM TODO
74, 379, 23, 206, 439588372
648, 231, 127, 20, DATA NASCIMENTO
644, 252, 125, 15, 11/06/1989
449, 173, 252, 18, DOC. IDENTIDADE/ÓRG EMISSOR/UF
429, 194, 171, 12, 668949624 SEJ PI
447, 288, 64, 19, FILIAÇÃO
434, 313, 312, 13, ODEBRECHT BENEDECTI MARC
431, 340, 126, 13, CAVALCANTI
435, 376, 231, 16, FAYAD JUNQUE BENEZ
430, 407, 65, 12, MENDES
