136, 106, 35, 15, NOME
132, 123, 178, 14, EMYR SIROBABA RUIS
373, 203, 24, 16, CPF
365, 226, 109, 11, 264.198.914-00
590, 374, 53, 18, CAT. HAB.
598, 399, 6, 9, E
492, 428, 91, 16, 1ª HABILITAÇÃO
497, 447, 96, 15, 14/11/2016
344, 424, 58, 20, VALIDADE
337, 444, 97, 12, 21/10/1959
129, 420, 76, 19, Nº REGISTRO
127, 440, 107, 11, 09561803508
19, 292, 19, 129, VÁLIDA EM TODO
60, 281, 21, 165, 197039978
535, 204, 103, 15, DATA NASCIMENTO
534, 227, 87, 12, 18/09/2015
373, 156, 205, 15, DOC. IDENTIDADE/ÓRG EMISSOR/UF
366, 177, 127, 10, 267496813 POF MG
369, 248, 55, 15, FILIAÇÃO
365, 275, 209, 9, SCARIN BOZZINI GOTTARDI
361, 323, 209, 10, CORBINI FUZITA BASSAN
362, 347, 79, 9, FERNANDES
