158, 138, 46, 15, NOME
148, 153, 224, 12, EDGARD MATTA BERTTI
453, 248, 34, 15, CPF
441, 265, 165, 14, 586.905.842-26
735, 442, 59, 15, CAT. HAB.
741, 462, 15, 16, A
607, 500, 111, 18, 1ª HABILITAÇÃO
626, 523, 127, 16, 02/01/2018
426, 500, 69, 20, VALIDADE
426, 522, 117, 15, 03/10/2012
151, 493, 88, 21, Nº REGISTRO
183, 516, 140, 14, 59289090356
34, 346, 23, 159, VÁLIDA EM TODO
83, 345, 25, 200, 646981591
669, 250, 130, 18, DATA NASCIMENTO
657, 268, 107, 15, 26/10/1980
457, 192, 232, 20, DOC. IDENTIDADE/ÓRG EMISSOR UF
445, 210, 96, 13, 621308602
633, 214, 30, 11, POF
759, 214, 25, 13, SC
457, 297, 64, 17, FILIAÇÃO
445, 321, 217, 13, FURLONI CASTILHO ABA
445, 342, 76, 12, BARBOSA
447, 363, 251, 15, ALLIP COLLADO MELATTO
