133, 106, 37, 16, NOME
130, 125, 152, 9, BINGRE PRATES SEIGO
378, 201, 29, 16, CPF
372, 229, 136, 11, 268.857.430-20
605, 386, 49, 17, CAT. HAB.
612, 412, 9, 9, A
509, 441, 90, 19, 1ª HABILITAÇÃO
514, 461, 125, 16, 10/04/1989
354, 443, 60, 16, VALIDADE
338, 463, 113, 15, 12/02/2016
133, 439, 73, 16, Nº REGISTRO
128, 462, 96, 10, 05924168413
14, 303, 17, 135, VÁLIDA EM TODO
52, 296, 21, 173, 183614657
554, 651, 97, -98, DATA NASCIMENTO
555, 231, 76, 12, 01/08/1951
382, 498, 210, 94, DOC. IDENTIDADE/ÓRG EMISSOR/UF
374, 177, 155, 13, 767788564 SEJ MT
379, 251, 58, 19, FILIAÇÃO
369, 282, 210, 11, TONACIO GHIROTTI ROND
372, 334, 195, 10, IKEBE KELSON NORIYOS
373, 357, 97, 11, RODRIGUES
