129, 106, 37, 15, NOME
125, 123, 199, 20, TORELLI SISTI BAYEUX
374, 202, 27, 15, CPF
367, 226, 110, 12, 487.150.079-95
375, 373, 69, 16, PERMISSÃO
372, 395, 88, 12, PERMISSÃO
593, 372, 55, 15, CAT. HAB.
603, 397, 7, 9, E
501, 426, 86, 17, 1ª HABILITAÇÃO
502, 444, 97, 12, 25/09/1998
349, 428, 60, 17, VALIDADE
346, 446, 97, 14, 06/04/1965
129, 426, 79, 20, Nº REGISTRO
130, 446, 94, 10, 38540530961
11, 302, 17, 141, VÁLIDA EM TODO
55, 289, 22, 175, 875662350
540, 200, 107, 17, DATA NASCIMENTO
543, 224, 77, 9, 28/03/1986
375, 154, 210, 16, DOC. IDENTIDADE/ÓRG EMISSOR/UF
370, 177, 140, 11, 391352799 SEJ PE
373, 250, 56, 15, FILIAÇÃO
366, 276, 187, 10, MASSULA WOWK COGLIATI
369, 299, 48, 10, PINTO
370, 325, 186, 10, ZONA RINDEIKA YOSHIYE
369, 349, 38, 10, LIMA
