113, 106, 39, 14, NOME
108, 122, 181, 9, LUCINARI UCKUS TAKAHAGI
347, 195, 29, 16, CPF
341, 211, 134, 11, 917.050.798-81
575, 358, 46, 14, CAT. HAB.
580, 377, 8, 10, B
472, 409, 90, 16, 1ª HABILITAÇÃO
489, 427, 97, 19, 10/03/1973
331, 411, 52, 15, VALIDADE
333, 426, 87, 16, 16/09/1999
111, 411, 68, 17, Nº REGISTRO
138, 432, 107, 11, 69137960185
9, 286, 17, 139, VÁLIDA EM TODO
48, 309, 23, 141, 307849219
520, 193, 100, 15, DATA NASCIMENTO
513, 210, 86, 12, 25/01/1960
347, 151, 189, 12, DOC. IDENTIDADE/ÓRG EMISSOR UF
340, 165, 77, 10, 168465796
493, 165, 26, 10, SJS
589, 165, 15, 7, RS
349, 240, 55, 12, FILIAÇÃO
342, 258, 152, 9, LUGLI AUD ARCANJO
341, 295, 198, 12, TUKIAMA TAKASHI SE
