136, 107, 36, 13, NOME
132, 128, 257, 10, ZAPPAROLLI POPPA STRONGREN
373, 205, 25, 13, CPF
367, 227, 137, 12, 511.260.485-93
590, 375, 55, 18, CAT. HAB.
596, 401, 7, 8, A
494, 429, 91, 18, 1ª HABILITAÇÃO
495, 449, 107, 13, 17/06/1993
343, 424, 60, 21, VALIDADE
338, 444, 95, 14, 21/05/2011
127, 423, 77, 17, Nº REGISTRO
126, 442, 106, 11, 78980112165
7, 299, 17, 143, VÁLIDA EM TODO
47, 279, 23, 182, 931452820
538, 203, 106, 20, DATA NASCIMENTO
535, 228, 96, 15, 22/04/1980
374, 156, 206, 19, DOC. IDENTIDADE/ÓRG EMISSOR/UF
366, 179, 157, 11, 410654899 SJS RS
371, 251, 52, 16, FILIAÇÃO
363, 275, 151, 10, CILURZO VIEIRADES
365, 300, 57, 10, FARIAS
362, 324, 157, 10, TAVERNA RELVA TI
363, 349, 53, 9, MENDES
