118, 106, 37, 11, NOME
113, 118, 227, 10, PICCHETTI FANNY AGUSTIN
352, 190, 26, 14, CPF
340, 206, 137, 12, 130.904.052-45
573, 351, 52, 15, CAT. HAB.
584, 370, 8, 10, B
477, 403, 90, 16, 1ª HABILITAÇÃO
490, 419, 107, 14, 04/04/1975
332, 407, 57, 15, VALIDADE
335, 421, 95, 17, 27/01/1951
117, 407, 69, 15, Nº REGISTRO
144, 424, 105, 11, 46896556631
17, 291, 19, 140, VÁLIDA EM TODO
59, 279, 21, 175, 305943470
518, 189, 106, 14, DATA NASCIMENTO
516, 204, 97, 14, 08/03/2017
353, 145, 185, 12, DOC. IDENTIDADE/ÓRG EMISSOR UF
344, 160, 76, 14, 330976072
493, 160, 24, 9, SJS
592, 161, 15, 7, RS
355, 233, 55, 17, FILIAÇÃO
346, 250, 219, 12, DALEL WALTRICK SILVE
344, 290, 199, 10, ROSEMARY HELEN RITTA
355, 310, 61, 9, RIBEIRO
