129, 107, 35, 11, NOME
116, 123, 227, 10, GUIRALDELI HANASILO MOI
355, 194, 27, 17, CPF
343, 215, 149, 16, 900.659.102-57
563, 366, 55, 14, CAT. HAB.
581, 387, 7, 10, E
512, 414, 89, 13, 1ª HABILITAÇÃO
498, 429, 107, 18, 29/01/1963
370, 412, 55, 13, VALIDADE
342, 428, 96, 12, 30/09/1962
128, 409, 72, 17, Nº REGISTRO
148, 427, 118, 13, 69595872076
18, 292, 18, 130, VÁLIDA EM TODO
64, 319, 24, 141, 057868450
518, 197, 104, 17, DATA NASCIMENTO
513, 215, 97, 15, 03/11/1976
358, 153, 205, 15, DOC. IDENTIDADE/ÓRG EMISSOR/UF
342, 169, 166, 12, 470526907 SPTC RR
358, 244, 52, 14, FILIAÇÃO
346, 264, 196, 11, MITIE LUPIANHAS CE
347, 286, 76, 12, RIBEIRO
347, 315, 230, 11, BERTONCELLO ROUSE KUL
