156, 124, 49, 16, NOME
149, 143, 230, 12, EDY BUTKERAITIS FLORE
454, 237, 33, 15, CPF
441, 256, 166, 14, 089.170.332-29
737, 436, 56, 16, CAT. HAB.
751, 460, 11, 10, C
612, 494, 107, 17, 1ª HABILITAÇÃO
624, 514, 127, 21, 08/12/2008
421, 492, 71, 13, VALIDADE
429, 510, 117, 15, 27/08/1990
147, 483, 85, 16, Nº REGISTRO
179, 506, 119, 12, 03485470796
21, 339, 22, 167, VÁLIDA EM TODO
-1, 76, 218, 32, 948502701
674, 244, 128, 16, DATA NASCIMENTO
664, 260, 117, 16, 21/06/1955
456, 184, 239, 19, DOC. IDENTIDADE/ÓRG EMISSOR UF
447, 202, 85, 11, 724062038
639, 207, 31, 12, POM
764, 209, 22, 12, CE
456, 288, 68, 16, FILIAÇÃO
447, 311, 153, 12, BROETTO RUANDA
445, 379, 88, 10, RODRIGUES
445, 354, 260, 12, MAGATON TAMAI MANFREDI
