156, 123, 49, 16, NOME
149, 139, 230, 15, DAMIATI DELACHIAVE AL
454, 236, 33, 15, CPF
442, 255, 164, 14, 252.679.214-24
737, 435, 56, 16, CAT. HAB.
751, 459, 11, 10, C
612, 493, 107, 17, 1ª HABILITAÇÃO
625, 513, 127, 21, 26/07/2016
421, 491, 71, 13, VALIDADE
430, 509, 114, 15, 18/01/1991
147, 482, 85, 16, Nº REGISTRO
180, 505, 118, 12, 60951268706
21, 338, 22, 167, VÁLIDA EM TODO
76, 332, 32, 218, 486275624
674, 243, 128, 16, DATA NASCIMENTO
664, 259, 116, 16, 24/10/2004
456, 183, 239, 19, DOC. IDENTIDADE/ÓRG EMISSOR UF
445, 201, 87, 12, 035639576
638, 206, 31, 12, SDS
765, 208, 21, 11, MG
456, 287, 68, 16, FILIAÇÃO
448, 310, 152, 12, FORNEIRO POLIC
445, 378, 39, 10, LIMA
445, 353, 238, 12, MOARIA MASAMI DUCKUR
