114, 116, 40, 15, NOME
108, 132, 246, 10, BAYLAO IMIRIM CASTIGLIONI
350, 206, 27, 16, CPF
343, 221, 150, 12, 385.204.666-13
345, 371, 64, 13, PERMISSÃO
342, 379, 106, 20, PERMISSÃO
575, 367, 51, 17, CAT. HAB.
581, 388, 9, 10, D
477, 420, 85, 15, 1ª HABILITAÇÃO
483, 437, 98, 15, 01/03/1955
327, 422, 61, 14, VALIDADE
330, 435, 97, 18, 16/02/1989
111, 421, 72, 17, Nº REGISTRO
136, 440, 107, 11, 53880518313
8, 298, 19, 146, VÁLIDA EM TODO
55, 310, 23, 148, 672382486
523, 204, 97, 15, DATA NASCIMENTO
510, 221, 96, 13, 09/09/2006
346, 157, 193, 16, DOC. IDENTIDADE/ÓRG EMISSOR UF
343, 177, 78, 10, 922705069
492, 178, 25, 7, POM
588, 177, 16, 7, RS
351, 248, 55, 17, FILIAÇÃO
342, 268, 188, 11, SCISCI ALBOLEA RAIN
341, 288, 50, 10, COSTA
345, 307, 219, 11, SHIGUEHIRO VELLEGO DAO
