135, 111, 37, 21, NOME
130, 136, 199, 10, CARRADITA SHY PARRAS
374, 206, 28, 19, CPF
371, 235, 123, 11, 086.524.786-27
597, 383, 58, 15, CAT. HAB.
609, 407, 16, 9, AB
507, 438, 91, 15, 1ª HABILITAÇÃO
508, 456, 105, 14, 30/08/1972
351, 437, 61, 16, VALIDADE
343, 452, 116, 15, 29/02/1964
128, 430, 82, 22, Nº REGISTRO
126, 452, 118, 12, 81375594343
6, 299, 23, 142, VÁLIDA EM TODO
44, 314, 24, 149, 8054369
541, 208, 110, 16, DATA NASCIMENTO
545, 233, 96, 13, 05/12/2018
373, 158, 213, 21, DOC. IDENTIDADE/ÓRG EMISSOR/UF
370, 186, 140, 10, 324953422 SES RS
373, 256, 57, 17, FILIAÇÃO
370, 283, 157, 10, GLEDSON NEGRETTI
367, 306, 59, 10, CAMPOS
369, 331, 208, 10, AWADE PAGLIARUSSI CEL
368, 354, 88, 11, CAVALCANTI
