82, 85, 29, 11, NOME
79, 96, 167, 10, SIFFONI UDIHARA BONZO
255, 153, 23, 11, CPF
249, 161, 96, 13, 434.098.423-06
423, 275, 39, 14, CAT. HAB.
430, 293, 7, 6, A
350, 317, 64, 10, 1ª HABILITAÇÃO
359, 328, 77, 12, 17/06/1978
239, 316, 47, 11, VALIDADE
242, 328, 77, 13, 03/07/2008
79, 312, 53, 16, Nº REGISTRO
100, 330, 84, 9, 03883262820
6, 225, 11, 103, VÁLIDA EM TODO
39, 233, 14, 130, 248713823
384, 152, 79, 13, DATA NASCIMENTO
378, 162, 68, 13, 18/02/1974
257, 119, 146, 11, DOC. IDENTIDADE/ÓRG EMISSOR UF
252, 131, 61, 9, 840543165
365, 132, 19, 7, SES
438, 132, 14, 7, RS
260, 188, 37, 9, FILIAÇÃO
252, 201, 190, 9, FUGIKAWA DIORACI NATALYA
250, 230, 174, 8, SATURNINO PERESIN BERT
