132, 112, 40, 18, NOME
132, 136, 225, 10, SORGINI LISBAO TOALIARI
375, 211, 27, 15, CPF
372, 234, 121, 11, 373.099.853-62
601, 384, 57, 17, CAT. HAB.
610, 408, 8, 10, B
505, 440, 90, 14, 1ª HABILITAÇÃO
507, 456, 107, 15, 10/05/1999
349, 436, 63, 18, VALIDADE
348, 454, 97, 14, 20/12/2002
130, 432, 76, 17, Nº REGISTRO
125, 454, 95, 10, 91814965280
7, 302, 21, 134, VÁLIDA EM TODO
48, 311, 19, 158, 730273766
543, 210, 105, 15, DATA NASCIMENTO
543, 234, 86, 13, 09/08/2011
373, 164, 212, 13, DOC. IDENTIDADE/ÓRG EMISSOR/UF
369, 187, 142, 11, 969408006 SEJ SC
375, 258, 53, 14, FILIAÇÃO
369, 284, 173, 10, MAKI JANAINA HABI
369, 309, 38, 8, ALVES
367, 333, 198, 11, MACARIO TSUMORI RACY
369, 357, 49, 10, MOURA
