138, 104, 34, 17, NOME
132, 129, 257, 11, FUCCIO CAVICHIOLI CATARINA
371, 203, 29, 16, CPF
368, 227, 150, 12, 131.492.910-03
590, 375, 55, 20, CAT. HAB.
596, 402, 7, 7, B
493, 430, 93, 16, 1ª HABILITAÇÃO
499, 447, 107, 14, 29/11/1954
347, 427, 53, 15, VALIDADE
340, 445, 107, 14, 22/08/2003
123, 423, 81, 19, Nº REGISTRO
126, 442, 118, 13, 47781723222
430, 300, -129, 87, VÁLIDA EM TODO
49, 292, 21, 173, 841720874
538, 204, 104, 16, DATA NASCIMENTO
536, 229, 87, 16, 06/08/1997
371, 155, 211, 20, DOC. IDENTIDADE/ÓRG EMISSOR/UF
367, 179, 142, 10, 870068659 SSP CE
368, 249, 59, 16, FILIAÇÃO
365, 275, 143, 12, CECARA INGRAC
365, 300, 87, 10, RODRIGUES
364, 324, 155, 10, CAPPABIANCO REV
364, 350, 53, 9, MENDES
