136, 125, 58, 15, NOME
133, 142, 229, 10, HOMSI GIANCOLLI FRANCCO
435, 232, 35, 18, CPF
425, 250, 151, 13, 507.126.575-33
718, 424, 57, 19, CAT. HAB.
735, 447, 10, 12, A
589, 487, 114, 19, 1ª HABILITAÇÃO
612, 508, 97, 13, 26/12/1972
407, 486, 72, 18, VALIDADE
413, 505, 108, 14, 03/11/1979
134, 484, 91, 17, Nº REGISTRO
166, 501, 145, 14, 01480207142
11, 340, 23, 162, VÁLIDA EM TODO
68, 323, 24, 192, 864069312
650, 231, 124, 18, DATA NASCIMENTO
643, 250, 127, 16, 25/03/2020
436, 176, 246, 17, DOC. IDENTIDADE/ÓRG EMISSOR UF
431, 194, 97, 13, 071785474
622, 196, 31, 12, SNJ
744, 198, 18, 10, ES
440, 284, 64, 15, FILIAÇÃO
428, 306, 284, 15, RIANI BOQUIMPANI BARTHMANN
425, 347, 279, 14, CARBONIERI ONAYA LET
428, 373, 58, 10, NOVAES
