122, 101, 39, 13, NOME
117, 115, 231, 10, BALDY ARMIGLIATO ANTONIAZI
354, 193, 25, 12, CPF
347, 207, 136, 15, 159.249.321-17
578, 355, 50, 15, CAT. HAB.
592, 375, 9, 9, C
482, 410, 83, 16, 1ª HABILITAÇÃO
491, 425, 98, 13, 02/09/1997
337, 409, 53, 13, VALIDADE
342, 418, 98, 19, 08/03/1969
120, 408, 70, 18, Nº REGISTRO
146, 425, 106, 11, 03520611591
19, 287, 17, 130, VÁLIDA EM TODO
69, 295, 24, 140, 433089373
525, 191, 99, 15, DATA NASCIMENTO
520, 203, 95, 19, 20/04/1991
355, 143, 189, 15, DOC. IDENTIDADE/ÓRG EMISSOR UF
499, 162, 24, 9, SJS
597, 163, 15, 7, PB
349, 161, 77, 10, 153529891
359, 235, 51, 13, FILIAÇÃO
349, 255, 180, 9, CLETO DALMASCHIO DIO
349, 272, 65, 12, MENDES
348, 293, 178, 10, GRANDOLPHO JANNUZZ
352, 311, 54, 12, SOUZA
