129, 118, 39, 13, NOME
123, 133, 188, 9, MONIA TALMELLI FAVRIN
362, 208, 27, 15, CPF
355, 223, 138, 15, 042.643.988-00
586, 370, 48, 17, CAT. HAB.
600, 392, 8, 8, A
489, 425, 87, 15, 1ª HABILITAÇÃO
502, 442, 86, 11, 20/01/1992
343, 425, 53, 15, VALIDADE
349, 442, 87, 12, 28/06/1994
122, 423, 76, 17, Nº REGISTRO
149, 442, 106, 11, 25127491105
17, 298, 17, 135, VÁLIDA EM TODO
68, 298, 22, 186, 276132412
535, 209, 101, 12, DATA NASCIMENTO
528, 224, 96, 14, 16/11/1972
362, 160, 192, 15, DOC. IDENTIDADE/ÓRG EMISSOR UF
507, 179, 29, 8, SESP
360, 177, 68, 10, 388294218
608, 179, 15, 8, PR
366, 251, 51, 16, FILIAÇÃO
359, 272, 173, 8, RODONDO FILIPPINI BAHI
358, 290, 88, 10, RODRIGUES
356, 310, 180, 9, GUERSHOM MASTANTUONO
358, 328, 79, 10, CARVALHO
