117, 96, 40, 15, NOME
113, 115, 208, 10, POSTAL BRAZAO ANDUEZA
351, 192, 29, 11, CPF
344, 205, 135, 11, 223.360.636-11
576, 357, 47, 13, CAT. HAB.
582, 376, 7, 7, B
477, 404, 83, 20, 1ª HABILITAÇÃO
486, 420, 96, 18, 17/08/1975
328, 404, 60, 17, VALIDADE
333, 421, 98, 17, 07/10/1978
111, 400, 74, 17, Nº REGISTRO
137, 420, 107, 11, 19460543190
8, 278, 18, 137, VÁLIDA EM TODO
59, 303, 19, 160, 261769321
520, 190, 108, 16, DATA NASCIMENTO
516, 208, 96, 14, 25/12/2014
352, 144, 190, 14, DOC. IDENTIDADE/ÓRG EMISSOR UF
347, 160, 69, 11, 195850075
500, 163, 25, 7, POM
593, 164, 15, 7, SP
349, 233, 60, 16, FILIAÇÃO
343, 252, 142, 10, GA PASSARO AVELLAR
344, 272, 57, 10, DA PAZ
344, 291, 224, 10, MILESKI CAVALLIERI TOYAMA
344, 311, 49, 10, COSTA
