123, 115, 39, 14, NOME
115, 131, 179, 10, MEIRY GENIVAL PAUL
357, 207, 25, 12, CPF
347, 221, 152, 12, 061.503.140-49
581, 369, 49, 13, CAT. HAB.
590, 388, 10, 11, C
481, 423, 89, 13, 1ª HABILITAÇÃO
498, 440, 87, 14, 16/01/2015
337, 424, 54, 13, VALIDADE
341, 438, 98, 14, 08/11/2002
122, 422, 71, 16, Nº REGISTRO
150, 439, 104, 11, 71606102691
18, 300, 17, 129, VÁLIDA EM TODO
62, 280, 21, 176, 720022915
525, 205, 105, 14, DATA NASCIMENTO
521, 221, 97, 18, 19/09/2018
357, 158, 186, 15, DOC. IDENTIDADE/ÓRG EMISSOR UF
501, 176, 24, 9, SES
353, 175, 77, 10, 260433780
598, 176, 15, 7, PR
361, 248, 54, 15, FILIAÇÃO
349, 269, 216, 10, BOLFARINE HECK OHNISHI
351, 307, 145, 10, FREITAS CAVALLI
351, 325, 68, 10, PEREIRA
