133, 108, 38, 15, NOME
133, 131, 267, 11, PEROBELLI ESTEVO LASEVICIUS
378, 207, 27, 15, CPF
372, 231, 111, 12, 282.372.368-40
599, 383, 55, 19, CAT. HAB.
610, 409, 8, 9, B
503, 436, 89, 17, 1ª HABILITAÇÃO
508, 456, 106, 14, 30/01/1966
354, 436, 57, 14, VALIDADE
349, 454, 106, 15, 05/10/1991
137, 432, 77, 19, Nº REGISTRO
138, 452, 106, 11, 31941672612
14, 309, 15, 131, VÁLIDA EM TODO
55, 296, 22, 176, 281905323
543, 205, 106, 19, DATA NASCIMENTO
547, 233, 95, 13, 10/09/1961
375, 157, 214, 19, DOC. IDENTIDADE/ÓRG EMISSOR/UF
374, 183, 157, 11, 735185906 SSP SC
376, 257, 53, 13, FILIAÇÃO
371, 282, 198, 12, CURCIO RIZERIO FIL
369, 308, 62, 9, MARTINS
370, 331, 196, 11, CASERTA RIZZOLI COBIAK
