138, 110, 40, 13, NOME
129, 132, 218, 10, ALHO GRACIELLI BARRETA
377, 202, 28, 15, CPF
351, 219, 151, 13, 580.147.522-28
602, 372, 63, 15, CAT. HAB.
605, 391, 19, 10, AB
539, 417, 107, 16, 1ª HABILITAÇÃO
523, 435, 107, 15, 15/04/1976
390, 418, 68, 16, VALIDADE
359, 436, 96, 12, 18/08/1996
139, 417, 87, 15, Nº REGISTRO
155, 436, 118, 13, 02709070295
13, 298, 19, 137, VÁLIDA EM TODO
53, 291, 20, 166, 405581638
542, 199, 126, 15, DATA NASCIMENTO
541, 219, 97, 12, 11/08/1975
378, 154, 242, 14, DOC. IDENTIDADE/ÓRG EMISSOR/UF
352, 171, 155, 11, 411006332 SJS PI
376, 247, 63, 16, FILIAÇÃO
349, 268, 228, 10, RAULWILSON MASAHARU TOL
350, 316, 231, 12, CRUZ YUUKI ZANGUETTIN
350, 340, 88, 11, CARVALHO
