159, 115, 45, 16, NOME
148, 136, 229, 13, LEN MORENTI REMEDI
446, 230, 27, 16, CPF
426, 249, 192, 21, 051.999.709-33
703, 438, 67, 19, CAT. HAB.
718, 465, 10, 12, A
638, 498, 110, 18, 1ª HABILITAÇÃO
619, 516, 127, 17, 29/12/1954
462, 496, 68, 16, VALIDADE
425, 515, 137, 18, 21/04/2019
161, 494, 88, 19, Nº REGISTRO
180, 515, 137, 15, 35102539471
15, 356, 23, 164, VÁLIDA EM TODO
73, 372, 23, 197, 654272344
647, 231, 127, 20, DATA NASCIMENTO
642, 252, 126, 15, 24/07/2003
448, 173, 252, 18, DOC. IDENTIDADE/ÓRG EMISSOR/UF
430, 194, 171, 12, 364699196 POM PR
446, 288, 64, 19, FILIAÇÃO
434, 313, 311, 13, HABITZREUTER ALBERICI BA
431, 340, 102, 13, DA COSTA
433, 376, 323, 14, SCATAMBULO NADUDVARI BIAN
431, 407, 52, 12, PIRES
