135, 111, 37, 21, NOME
131, 136, 266, 10, ALBERICI PETELINCAR ZANGARI
374, 206, 28, 19, CPF
370, 235, 124, 11, 801.671.798-53
597, 383, 58, 15, CAT. HAB.
608, 407, 9, 9, C
507, 438, 91, 15, 1ª HABILITAÇÃO
506, 456, 108, 14, 01/02/1999
351, 437, 61, 16, VALIDADE
343, 452, 117, 15, 28/09/1999
128, 430, 82, 22, Nº REGISTRO
127, 452, 115, 12, 30938079461
6, 299, 23, 142, VÁLIDA EM TODO
44, 315, 24, 148, 3755008
541, 208, 110, 16, DATA NASCIMENTO
546, 233, 95, 13, 10/07/2007
373, 158, 213, 21, DOC. IDENTIDADE/ÓRG EMISSOR/UF
369, 185, 141, 11, 904810318 POF SP
373, 256, 57, 17, FILIAÇÃO
371, 283, 158, 10, BRIGHI RYUITI OU
369, 306, 68, 11, PEIXOTO
369, 331, 209, 10, BELTRAM DUPAS LINDEMA
368, 355, 36, 9, MELO
