82, 85, 29, 11, NOME
77, 96, 168, 14, MATSUDA URBINATTI LEH
255, 153, 23, 11, CPF
249, 162, 96, 12, 664.319.096-74
423, 275, 39, 14, CAT. HAB.
430, 292, 7, 8, D
350, 317, 64, 10, 1ª HABILITAÇÃO
358, 328, 78, 13, 20/11/2004
239, 316, 47, 11, VALIDADE
242, 328, 78, 10, 28/05/1953
79, 312, 53, 16, Nº REGISTRO
99, 330, 86, 11, 87726787399
6, 225, 11, 103, VÁLIDA EM TODO
39, 233, 14, 113, 114575923
384, 152, 79, 13, DATA NASCIMENTO
379, 162, 67, 12, 04/09/1973
257, 119, 146, 11, DOC. IDENTIDADE/ÓRG EMISSOR UF
252, 130, 61, 12, 752797554
365, 132, 19, 7, SES
437, 132, 15, 7, MT
260, 188, 37, 9, FILIAÇÃO
252, 202, 159, 9, LINTI PIEVE DELGATTO
250, 229, 175, 10, TRANSLATTI HILDA SOTTO
