112, 98, 46, 18, NOME
107, 115, 175, 10, NOSSACK CLIVATI ELORZA
345, 190, 32, 16, CPF
342, 205, 137, 11, 530.330.774-39
569, 351, 53, 17, CAT. HAB.
583, 372, 8, 9, A
476, 406, 83, 15, 1ª HABILITAÇÃO
483, 422, 97, 15, 18/02/1963
329, 406, 58, 17, VALIDADE
333, 424, 87, 14, 02/07/1997
108, 407, 78, 16, Nº REGISTRO
137, 423, 107, 12, 57303792742
14, 296, 17, 139, VÁLIDA EM TODO
66, 273, 20, 167, 053161196
519, 189, 105, 14, DATA NASCIMENTO
512, 206, 97, 13, 14/08/1964
347, 145, 190, 15, DOC. IDENTIDADE/ÓRG EMISSOR UF
344, 160, 77, 11, 302843367
492, 162, 33, 10, SPTC
589, 160, 15, 9, BA
350, 235, 53, 15, FILIAÇÃO
341, 253, 200, 10, VARRONI ROSMERI RETT
340, 292, 187, 9, FEKETE MARCHI ELIENOS
339, 307, 55, 12, COSTA
