127, 100, 38, 15, NOME
122, 115, 197, 12, RUFFOLO SOMER FELL
357, 192, 27, 15, CPF
349, 209, 137, 13, 489.792.310-75
583, 357, 47, 15, CAT. HAB.
587, 377, 11, 9, C
482, 409, 87, 17, 1ª HABILITAÇÃO
496, 426, 95, 13, 05/01/2011
339, 409, 52, 15, VALIDADE
343, 424, 108, 13, 04/01/1953
119, 406, 79, 15, Nº REGISTRO
153, 425, 107, 11, 58607630893
23, 288, 16, 142, VÁLIDA EM TODO
64, 295, 19, 150, 497030633
528, 194, 103, 14, DATA NASCIMENTO
521, 210, 87, 12, 11/02/1979
360, 147, 187, 14, DOC. IDENTIDADE/ÓRG EMISSOR UF
352, 163, 79, 12, 548477917
502, 166, 25, 7, POM
594, 165, 24, 10, BA
360, 238, 55, 15, FILIAÇÃO
354, 251, 186, 14, NEHMI ATIZANI GARBINI
354, 294, 208, 13, JONKE VELASQUES DIORN
