235, 254, 92, 39, NOME
219, 299, 637, 22, VIRGILLIAN ARIOLANDO YAMAMARU
777, 473, 63, 33, CPF
763, 508, 343, 27, 915.523.366-03
1278, 841, 111, 31, CAT. HAB.
1300, 883, 22, 22, A
1059, 963, 196, 29, 1ª HABILITAÇÃO
1103, 990, 243, 34, 18/05/1957
743, 964, 118, 25, VALIDADE
745, 996, 224, 31, 06/01/1982
231, 962, 166, 33, Nº REGISTRO
296, 1004, 214, 22, 39299713814
4, 683, 33, 309, VÁLIDA EM TODO
99, 653, 48, 382, 927668417
1161, 473, 236, 33, DATA NASCIMENTO
1147, 511, 206, 27, 22/10/1986
780, 364, 431, 37, DOC. IDENTIDADE/ÓRG EMISSOR UF
762, 404, 189, 24, 124979634
1097, 409, 66, 17, SESP
1320, 403, 45, 23, MG
787, 572, 118, 37, FILIAÇÃO
762, 615, 438, 21, KAY BARBERATO SOELTL
761, 656, 169, 24, FREITAS
974, 696, 269, 27, MORALES NALVA COLB
763, 742, 175, 24, MOREIRA
