154, 128, 51, 12, NOME
144, 139, 347, 17, CHARLESTON UILIAN BIAGGIONI
447, 235, 46, 15, CPF
443, 252, 151, 13, 881.118.240-92
740, 426, 63, 16, CAT. HAB.
755, 447, 11, 12, C
617, 486, 107, 16, 1ª HABILITAÇÃO
631, 508, 105, 14, 15/08/1988
157, 487, 89, 17, Nº REGISTRO
193, 505, 140, 14, 58254512896
435, 489, 63, 15, VÁLIDA EM TODO
-1, 87, 196, 23, 948645514
33, 336, 24, 170, VALIDADE
437, 507, 108, 15, 08/07/2017
668, 234, 135, 14, DATA NASCIMENTO
660, 252, 98, 12, 05/08/2017
452, 178, 246, 20, DOC. IDENTIDADE/ÓRG EMISSOR UF
445, 196, 95, 12, 549636332
634, 198, 31, 11, SJS
756, 198, 19, 10, BA
456, 283, 67, 19, FILIAÇÃO
445, 306, 231, 12, CHELIN ATSUSHI IRWING
447, 329, 44, 12, MELO
447, 351, 187, 10, ZAGO BOCALON SAVIAN
449, 374, 75, 12, PEIXOTO
