145, 123, 49, 17, NOME
133, 144, 286, 12, KURIHARA SERODIO VERGINE
428, 223, 32, 18, CPF
409, 245, 165, 14, 485.080.050-59
683, 412, 71, 15, CAT. HAB.
708, 433, 10, 12, A
616, 462, 117, 19, 1ª HABILITAÇÃO
604, 481, 125, 16, 10/06/1959
446, 465, 71, 16, VALIDADE
408, 481, 126, 16, 11/01/1985
144, 465, 91, 15, Nº REGISTRO
162, 483, 139, 14, 18529595239
16, 324, 20, 156, VÁLIDA EM TODO
64, 340, 25, 180, 20738779
626, 224, 137, 17, DATA NASCIMENTO
623, 244, 106, 14, 28/05/1964
429, 171, 258, 19, DOC. IDENTIDADE/ÓRG EMISSOR UF
412, 193, 201, 13, 137040271 SESP MA
428, 275, 68, 17, FILIAÇÃO
412, 300, 263, 12, ANGRISANO BEGUELDO BUE
416, 354, 286, 12, SANAI BORTOLOTO JOZENIAS
414, 385, 75, 11, DA MOTA
