113, 99, 46, 18, NOME
108, 116, 175, 10, NOSSACK CLIVATI ELORZA
346, 191, 32, 16, CPF
343, 206, 137, 11, 530.330.774-39
570, 352, 53, 17, CAT. HAB.
584, 373, 8, 9, A
477, 407, 83, 15, 1ª HABILITAÇÃO
484, 423, 97, 15, 18/02/1963
330, 407, 58, 17, VALIDADE
334, 425, 87, 14, 02/07/1997
109, 408, 78, 16, Nº REGISTRO
138, 424, 107, 12, 57303792742
15, 297, 17, 139, VÁLIDA EM TODO
67, 274, 20, 167, 053161196
520, 190, 105, 14, DATA NASCIMENTO
513, 207, 97, 13, 14/08/1964
348, 146, 190, 15, DOC. IDENTIDADE/ÓRG EMISSOR UF
345, 161, 77, 11, 302843367
493, 163, 33, 10, SPTC
590, 161, 15, 9, BA
351, 236, 53, 15, FILIAÇÃO
342, 254, 200, 10, VARRONI ROSMERI RETT
341, 293, 187, 9, FEKETE MARCHI ELIENOS
340, 308, 55, 12, COSTA
