130, 114, 35, 17, NOME
125, 136, 187, 10, BENATTI IAGHO MUGNELA
372, 212, 27, 15, CPF
367, 236, 136, 11, 781.657.806-70
594, 389, 54, 17, CAT. HAB.
602, 416, 9, 8, D
497, 443, 92, 19, 1ª HABILITAÇÃO
498, 464, 97, 13, 27/08/1959
346, 443, 63, 16, VALIDADE
341, 458, 106, 19, 11/06/1959
126, 443, 77, 15, Nº REGISTRO
127, 461, 126, 13, 74907539701
13, 305, 17, 141, VÁLIDA EM TODO
52, 306, 20, 165, 327118920
544, 212, 106, 17, DATA NASCIMENTO
542, 236, 107, 14, 29/02/1952
374, 160, 215, 19, DOC. IDENTIDADE/ÓRG EMISSOR/UF
369, 186, 158, 11, 059379116 POF RS
371, 261, 57, 17, FILIAÇÃO
364, 288, 219, 10, CAZONATO EBERTH BAEDER
364, 315, 63, 8, MONTEIRO
363, 338, 231, 12, VALLERINI MARCELL GRE
367, 364, 69, 10, RIBEIRO
