129, 110, 38, 15, NOME
122, 123, 177, 13, BUGY FALCINI SONCINI
359, 203, 28, 13, CPF
351, 217, 137, 13, 613.163.507-20
585, 367, 49, 15, CAT. HAB.
596, 386, 8, 10, B
486, 421, 87, 13, 1ª HABILITAÇÃO
501, 435, 96, 12, 14/12/1985
343, 418, 50, 17, VALIDADE
345, 434, 105, 14, 29/08/1981
123, 419, 71, 13, Nº REGISTRO
148, 435, 104, 11, 77224028101
19, 291, 16, 131, VÁLIDA EM TODO
66, 287, 19, 158, 031427790
529, 202, 103, 14, DATA NASCIMENTO
524, 218, 98, 12, 02/08/1959
361, 157, 188, 13, DOC. IDENTIDADE/ÓRG EMISSOR UF
505, 174, 30, 9, SPTC
356, 172, 69, 11, 773544809
601, 173, 17, 10, SC
362, 247, 55, 15, FILIAÇÃO
355, 265, 204, 9, PAROLIN PARDELLI SEEBER
357, 304, 226, 10, SELINGARDI MALAGO TOMAZ
