129, 107, 35, 11, NOME
116, 123, 229, 10, CANOVAS MOREIRA COMENAL
355, 194, 27, 17, CPF
341, 215, 149, 16, 251.035.924-01
563, 366, 55, 14, CAT. HAB.
580, 387, 10, 11, C
512, 414, 89, 13, 1ª HABILITAÇÃO
498, 429, 107, 17, 17/05/2017
370, 412, 55, 13, VALIDADE
340, 427, 96, 13, 08/06/2011
128, 409, 72, 17, Nº REGISTRO
147, 427, 119, 13, 04305575866
18, 292, 18, 130, VÁLIDA EM TODO
64, 319, 24, 141, 209073090
518, 197, 104, 17, DATA NASCIMENTO
514, 215, 97, 14, 27/04/1985
358, 153, 205, 15, DOC. IDENTIDADE/ÓRG EMISSOR/UF
343, 169, 155, 11, 769004908 SEJ CE
358, 244, 52, 14, FILIAÇÃO
348, 264, 172, 11, SHELY NAVIA SHIE
347, 286, 63, 17, DA LUZ
346, 315, 231, 11, GROLLA ISABEL EDNELSO
