119, 100, 46, 14, NOME
112, 116, 241, 11, MISUMI CALIFE YOKOSAWA
353, 193, 26, 13, CPF
345, 207, 150, 15, 742.914.175-78
575, 356, 50, 17, CAT. HAB.
588, 377, 9, 11, C
478, 411, 84, 14, 1ª HABILITAÇÃO
490, 425, 108, 14, 18/08/1996
334, 409, 50, 16, VALIDADE
333, 425, 107, 13, 28/07/1966
112, 404, 71, 17, Nº REGISTRO
139, 423, 118, 13, 09905035215
15, 288, 18, 131, VÁLIDA EM TODO
62, 294, 24, 149, 566372718
523, 194, 103, 13, DATA NASCIMENTO
516, 209, 97, 13, 21/03/1989
352, 145, 189, 14, DOC. IDENTIDADE/ÓRG EMISSOR UF
344, 161, 79, 10, 662952303
496, 165, 22, 8, POF
595, 164, 17, 9, PR
354, 236, 52, 15, FILIAÇÃO
345, 254, 226, 10, ATALIBA PATAVINO LAZULI
346, 293, 194, 11, FARJAT PARES CALHE
347, 310, 87, 10, FERNANDES
