114, 107, 39, 14, NOME
107, 122, 177, 10, CURIATI EIMORI BARBOLO
348, 196, 29, 16, CPF
342, 212, 136, 11, 925.164.648-19
576, 359, 46, 14, CAT. HAB.
581, 379, 9, 8, D
473, 410, 90, 16, 1ª HABILITAÇÃO
489, 429, 98, 18, 03/12/1984
332, 412, 52, 15, VALIDADE
334, 431, 87, 16, 07/07/2019
112, 412, 68, 17, Nº REGISTRO
139, 433, 107, 11, 22023824240
10, 287, 17, 139, VÁLIDA EM TODO
49, 311, 18, 139, 580588143
521, 194, 100, 15, DATA NASCIMENTO
514, 211, 86, 12, 04/10/2011
348, 152, 189, 12, DOC. IDENTIDADE/ÓRG EMISSOR UF
340, 166, 78, 10, 623568640
494, 167, 26, 9, SDS
589, 165, 17, 9, MA
350, 241, 55, 12, FILIAÇÃO
342, 259, 179, 10, CADIDE LOMENSO ROJAS
342, 296, 198, 12, MARABESI SOBROZA T
