135, 117, 39, 19, NOME
134, 138, 268, 13, FERRARIO HOSHINA LEOPOLDINO
379, 215, 23, 16, CPF
372, 234, 122, 20, 458.750.922-11
597, 389, 53, 17, CAT. HAB.
611, 412, 7, 10, E
503, 443, 93, 15, 1ª HABILITAÇÃO
507, 461, 107, 15, 16/02/1985
355, 444, 56, 13, VALIDADE
349, 460, 104, 16, 30/01/1974
135, 441, 74, 15, Nº REGISTRO
130, 459, 95, 11, 31540272756
10, 19, 23, 13, VÁLIDA EM TODO
48, 319, 24, 148, 1793079
541, 216, 105, 16, DATA NASCIMENTO
543, 239, 78, 15, 10/04/2009
375, 165, 211, 19, DOC. IDENTIDADE/ÓRG EMISSOR/UF
372, 192, 151, 14, 537132491 SESP SC
376, 262, 53, 15, FILIAÇÃO
372, 288, 149, 10, BREGALDA AKIOMA
370, 314, 44, 9, VIANA
371, 338, 211, 10, JARINE BRIANEZ BENEDETI
381, 362, 70, 9, SILVEIRA
