136, 118, 39, 19, NOME
134, 142, 256, 10, NORMANHA HUMANTSCHUK PRETI
380, 216, 23, 16, CPF
374, 235, 121, 20, 730.188.933-01
598, 390, 53, 17, CAT. HAB.
611, 412, 9, 11, C
504, 444, 93, 15, 1ª HABILITAÇÃO
508, 462, 107, 14, 17/10/1966
356, 445, 56, 13, VALIDADE
350, 461, 104, 16, 30/09/1968
136, 442, 74, 15, Nº REGISTRO
130, 460, 95, 11, 03748820310
689, 680, -23, -13, VÁLIDA EM TODO
49, 321, 24, 148, 3793797
542, 217, 105, 16, DATA NASCIMENTO
545, 240, 77, 14, 31/07/2017
376, 166, 211, 19, DOC. IDENTIDADE/ÓRG EMISSOR/UF
373, 193, 151, 11, 502415186 SESP SP
377, 263, 53, 15, FILIAÇÃO
372, 289, 150, 10, TCHIZLI FUZIY C
371, 315, 53, 9, ARAUJO
373, 339, 204, 9, HAJALA JADE KLEINHAPPEL
380, 363, 44, 9, COSTA
