236, 254, 92, 39, NOME
221, 299, 591, 22, TAFFARELLO NICOLUCCI ARRAES
778, 473, 63, 33, CPF
762, 508, 344, 27, 281.292.778-08
1279, 841, 111, 31, CAT. HAB.
1301, 883, 43, 22, AB
1060, 963, 196, 29, 1ª HABILITAÇÃO
1104, 990, 243, 34, 11/03/1958
744, 964, 118, 25, VALIDADE
746, 996, 224, 31, 04/07/2018
232, 962, 166, 33, Nº REGISTRO
297, 1003, 215, 23, 07160065815
5, 683, 33, 309, VÁLIDA EM TODO
100, 653, 48, 389, 347298581
1162, 473, 236, 33, DATA NASCIMENTO
1148, 511, 205, 27, 27/02/1950
781, 364, 431, 37, DOC. IDENTIDADE/ÓRG EMISSOR UF
761, 404, 193, 24, 518490865
1098, 409, 48, 17, SJS
1321, 403, 45, 23, MG
788, 572, 118, 37, FILIAÇÃO
762, 615, 484, 21, MISSONO PASSETTO MISIA
761, 656, 220, 24, RODRIGUES
760, 696, 486, 27, CARVELLI MODLER BA
765, 742, 172, 24, REZENDE
