116, 97, 42, 15, NOME
107, 114, 204, 11, DEUTNER MENICI PARON
346, 190, 33, 13, CPF
342, 205, 136, 11, 308.396.334-32
573, 353, 47, 15, CAT. HAB.
585, 375, 7, 7, B
470, 407, 93, 17, 1ª HABILITAÇÃO
486, 423, 106, 15, 26/07/1972
325, 407, 60, 16, VALIDADE
331, 422, 98, 14, 08/05/1979
110, 403, 73, 17, Nº REGISTRO
140, 422, 106, 12, 12947683370
18, 281, 17, 132, VÁLIDA EM TODO
59, 284, 28, 149, 789119050
520, 189, 103, 14, DATA NASCIMENTO
511, 205, 97, 14, 13/05/2009
350, 141, 188, 17, DOC. IDENTIDADE/ÓRG EMISSOR UF
344, 159, 68, 15, 728753431
492, 161, 21, 9, SDS
591, 161, 14, 10, PI
350, 233, 54, 18, FILIAÇÃO
340, 253, 208, 10, PATARO FABIANE YBARRA
343, 290, 239, 11, LAURENTINO LELIO JOICE
