158, 124, 53, 16, NOME
150, 139, 249, 10, TAHAN MASSERANI CUBOTOMAE
457, 228, 31, 15, CPF
443, 244, 151, 15, 440.919.608-12
738, 414, 59, 20, CAT. HAB.
753, 438, 10, 12, A
608, 477, 115, 19, 1ª HABILITAÇÃO
632, 497, 116, 15, 18/06/2000
430, 482, 67, 15, VALIDADE
431, 499, 107, 16, 29/07/2019
151, 482, 93, 18, Nº REGISTRO
186, 500, 139, 15, 26319922894
25, 344, 25, 163, VÁLIDA EM TODO
81, 339, 30, 223, 093035198
673, 226, 127, 15, DATA NASCIMENTO
661, 242, 116, 16, 02/10/2011
457, 172, 236, 16, DOC. IDENTIDADE/ÓRG EMISSOR UF
760, 190, 22, 12, GO
635, 191, 27, 10, SDS
445, 192, 87, 11, 637202004
459, 279, 68, 20, FILIAÇÃO
451, 345, 295, 12, SCATAMBULO SHISHIDO MONGUIL
448, 299, 208, 12, AZZINI DIENNI IEMMA
