128, 99, 38, 15, NOME
124, 114, 195, 12, POLICANO GUELI MAK
358, 191, 27, 15, CPF
351, 208, 137, 12, 564.284.501-27
584, 356, 47, 15, CAT. HAB.
588, 377, 10, 8, D
483, 408, 87, 17, 1ª HABILITAÇÃO
491, 425, 102, 13, 15/10/1984
340, 408, 52, 15, VALIDADE
344, 423, 107, 13, 04/06/1964
120, 405, 79, 15, Nº REGISTRO
155, 424, 106, 11, 98683347748
24, 287, 16, 142, VÁLIDA EM TODO
65, 294, 19, 150, 472648903
529, 193, 103, 14, DATA NASCIMENTO
522, 209, 86, 12, 08/07/1962
361, 146, 187, 14, DOC. IDENTIDADE/ÓRG EMISSOR UF
355, 162, 77, 12, 750811997
503, 164, 24, 8, POF
602, 164, 17, 9, PR
361, 237, 55, 15, FILIAÇÃO
354, 255, 206, 11, VASQUEZ AVELINO CARELLY
355, 293, 156, 10, KNUD VOROS MUKAI
