114, 106, 39, 14, NOME
109, 122, 181, 9, LUCINARI UCKUS TAKAHAGI
348, 195, 29, 16, CPF
342, 211, 134, 11, 917.050.798-81
576, 358, 46, 14, CAT. HAB.
581, 377, 8, 10, B
473, 409, 90, 16, 1ª HABILITAÇÃO
490, 427, 97, 19, 10/03/1973
332, 411, 52, 15, VALIDADE
334, 426, 87, 16, 16/09/1999
112, 411, 68, 17, Nº REGISTRO
139, 432, 107, 11, 69137960185
10, 286, 17, 139, VÁLIDA EM TODO
49, 309, 23, 141, 307849219
521, 193, 100, 15, DATA NASCIMENTO
514, 210, 86, 12, 25/01/1960
348, 151, 189, 12, DOC. IDENTIDADE/ÓRG EMISSOR UF
341, 165, 77, 10, 168465796
494, 165, 26, 10, SJS
590, 165, 15, 7, RS
350, 240, 55, 12, FILIAÇÃO
343, 258, 152, 9, LUGLI AUD ARCANJO
342, 295, 198, 12, TUKIAMA TAKASHI SE
