136, 105, 35, 15, NOME
132, 126, 208, 10, YOKOGAWA MIE PANACHAO
373, 202, 24, 16, CPF
364, 225, 111, 11, 852.369.146-47
590, 373, 53, 18, CAT. HAB.
598, 398, 6, 9, E
492, 427, 91, 16, 1ª HABILITAÇÃO
496, 446, 98, 14, 04/03/1958
344, 423, 58, 20, VALIDADE
337, 442, 96, 13, 27/04/1976
129, 419, 76, 19, Nº REGISTRO
127, 439, 108, 11, 56321042949
19, 291, 19, 129, VÁLIDA EM TODO
60, 280, 21, 167, 436668678
535, 203, 103, 15, DATA NASCIMENTO
534, 227, 87, 11, 25/02/2015
373, 155, 205, 15, DOC. IDENTIDADE/ÓRG EMISSOR/UF
366, 176, 135, 11, 883714814 SPTC RN
369, 247, 55, 15, FILIAÇÃO
364, 274, 224, 10, BUSHATSKY BERTOLONI ZANNO
362, 322, 196, 11, STABEL PECHUTI JUSTI
362, 346, 61, 9, DA MOTA
