130, 114, 35, 17, NOME
125, 136, 196, 9, LABRONICI AYAKA FREDDY
372, 212, 27, 15, CPF
367, 236, 136, 11, 920.600.718-10
594, 389, 54, 17, CAT. HAB.
602, 415, 8, 10, E
497, 443, 92, 19, 1ª HABILITAÇÃO
498, 464, 97, 13, 25/02/2007
346, 443, 63, 16, VALIDADE
340, 458, 106, 19, 24/04/1954
126, 443, 77, 15, Nº REGISTRO
127, 461, 128, 13, 76795264893
13, 305, 17, 141, VÁLIDA EM TODO
52, 306, 20, 166, 225512028
544, 212, 106, 17, DATA NASCIMENTO
541, 236, 108, 15, 07/08/1964
374, 160, 215, 19, DOC. IDENTIDADE/ÓRG EMISSOR/UF
369, 186, 168, 12, 852552841 SESP PE
371, 261, 57, 17, FILIAÇÃO
364, 288, 219, 12, GOBEL EMRANI PANARIELL
364, 315, 47, 9, MENDES
364, 338, 231, 12, DALMO SLOBODTICOV JEF
366, 364, 70, 10, DA ROSA
