138, 109, 40, 13, NOME
129, 131, 197, 10, HSIANG PIANCA ISSLER
377, 201, 28, 15, CPF
351, 218, 150, 13, 060.038.473-01
602, 371, 63, 15, CAT. HAB.
605, 391, 8, 9, D
539, 416, 107, 16, 1ª HABILITAÇÃO
523, 434, 106, 15, 20/08/1967
390, 417, 68, 16, VALIDADE
359, 434, 97, 13, 27/11/1952
139, 416, 87, 15, Nº REGISTRO
155, 435, 119, 13, 04653890168
13, 297, 19, 137, VÁLIDA EM TODO
53, 289, 20, 166, 188931985
542, 198, 126, 15, DATA NASCIMENTO
540, 218, 98, 12, 02/10/1970
378, 153, 242, 14, DOC. IDENTIDADE/ÓRG EMISSOR/UF
352, 170, 157, 11, 001690875 SDS BA
376, 246, 63, 16, FILIAÇÃO
349, 267, 179, 10, KUBA GERKEN FURUYA
350, 315, 261, 12, MAEZONO BENDAZOLI ROSELI
350, 339, 76, 11, MARTINS
