113, 107, 39, 14, NOME
106, 122, 199, 11, CAPARICA PIZZATO GILBERTI
347, 196, 29, 16, CPF
340, 212, 136, 11, 668.233.554-76
575, 359, 46, 14, CAT. HAB.
580, 378, 8, 10, E
472, 410, 90, 16, 1ª HABILITAÇÃO
489, 429, 96, 18, 12/07/1986
331, 412, 52, 15, VALIDADE
333, 431, 87, 13, 23/01/1954
111, 412, 68, 17, Nº REGISTRO
138, 433, 105, 13, 66289966671
9, 287, 17, 139, VÁLIDA EM TODO
48, 311, 23, 139, 568501777
520, 194, 100, 15, DATA NASCIMENTO
513, 211, 87, 12, 20/05/2004
347, 152, 189, 12, DOC. IDENTIDADE/ÓRG EMISSOR UF
340, 166, 77, 10, 087401320
493, 166, 27, 10, SNJ
590, 165, 15, 9, PA
349, 241, 55, 12, FILIAÇÃO
342, 259, 178, 9, WALDNER WIERMANN FON
342, 296, 197, 12, AILLON GAGLIARDI D
