150, 129, 49, 20, NOME
143, 149, 247, 12, LUCA CELENE GALAFACCI
445, 238, 32, 15, CPF
433, 257, 149, 14, 637.496.257-51
725, 431, 64, 13, CAT. HAB.
742, 451, 9, 11, C
605, 491, 106, 19, 1ª HABILITAÇÃO
619, 511, 107, 15, 16/04/2000
418, 491, 76, 21, VALIDADE
427, 509, 125, 17, 14/05/2004
148, 490, 93, 21, Nº REGISTRO
183, 513, 129, 13, 88892805735
17, 348, 23, 171, VÁLIDA EM TODO
69, 351, 23, 185, 437289389
659, 236, 130, 16, DATA NASCIMENTO
650, 255, 107, 15, 17/06/1959
442, 182, 242, 15, DOC. IDENTIDADE/ÓRG EMISSOR UF
626, 202, 27, 10, POF
747, 202, 19, 9, MG
436, 201, 88, 11, 882482518
442, 287, 75, 17, FILIAÇÃO
436, 310, 238, 12, BENEVALDO LOVO ROSSETI
437, 355, 230, 12, MIZAEL AMBRA AGNOLETO
438, 378, 71, 12, ARAGAO
