154, 116, 57, 18, NOME
152, 138, 208, 11, ZAMUNER PENKO CUCIO
462, 221, 34, 21, CPF
450, 244, 179, 18, 725.893.946-67
751, 418, 63, 20, CAT. HAB.
771, 445, 10, 10, B
628, 482, 108, 22, 1ª HABILITAÇÃO
642, 504, 114, 15, 16/08/2011
440, 485, 68, 16, VALIDADE
441, 503, 126, 16, 02/01/2007
159, 483, 95, 22, Nº REGISTRO
195, 505, 139, 14, 63485490324
21, 352, 21, 160, VÁLIDA EM TODO
74, 335, 33, 200, 884249691
682, 226, 131, 17, DATA NASCIMENTO
676, 243, 116, 16, 20/10/1982
459, 167, 245, 22, DOC. IDENTIDADE/ÓRG EMISSOR UF
643, 190, 38, 10, SPTC
773, 189, 20, 11, MT
456, 187, 103, 13, 339726763
467, 278, 67, 19, FILIAÇÃO
453, 299, 260, 13, MENEGUELE LEONARA CA
454, 322, 75, 13, MORAES
453, 348, 239, 11, TADDEO BARABANOV ASSEI
458, 370, 59, 12, GOMES
