134, 106, 39, 16, NOME
130, 125, 240, 10, DEUSDIANTE PIRUZELI MAJOARI
373, 203, 25, 15, CPF
365, 225, 137, 12, 219.347.335-80
591, 374, 51, 16, CAT. HAB.
597, 398, 15, 9, AB
495, 425, 87, 18, 1ª HABILITAÇÃO
494, 445, 108, 16, 01/10/1972
343, 425, 61, 16, VALIDADE
337, 442, 107, 15, 29/12/1996
129, 419, 77, 17, Nº REGISTRO
126, 439, 107, 11, 24599329172
18, 288, 21, 135, VÁLIDA EM TODO
59, 270, 22, 175, 024921739
536, 201, 103, 18, DATA NASCIMENTO
538, 227, 87, 12, 05/06/1968
371, 157, 207, 16, DOC. IDENTIDADE/ÓRG EMISSOR/UF
368, 177, 155, 11, 306817184 SJS MT
371, 248, 51, 18, FILIAÇÃO
362, 274, 191, 10, JANSEN WIRTH TOMIKO
362, 322, 174, 9, TACIANO SAVASSA JARBAS
361, 347, 47, 9, MENDES
