118, 115, 40, 15, NOME
111, 130, 216, 10, LANDSBERGER TARRA FABRIC
350, 203, 25, 15, CPF
343, 219, 136, 12, 352.812.051-70
575, 367, 48, 15, CAT. HAB.
587, 386, 8, 9, A
477, 422, 87, 13, 1ª HABILITAÇÃO
491, 435, 107, 15, 14/01/1983
334, 422, 55, 15, VALIDADE
334, 438, 87, 13, 13/02/1965
116, 420, 68, 15, Nº REGISTRO
142, 439, 106, 11, 19225641024
18, 296, 17, 127, VÁLIDA EM TODO
63, 297, 20, 165, 915974000
522, 204, 100, 13, DATA NASCIMENTO
515, 218, 95, 13, 04/07/1961
350, 156, 188, 15, DOC. IDENTIDADE/ÓRG EMISSOR UF
495, 173, 29, 10, SPTC
592, 173, 16, 9, ES
345, 172, 70, 11, 078205757
352, 247, 54, 18, FILIAÇÃO
346, 265, 207, 12, PAIS CAJERON MICHIE
346, 303, 208, 12, DINIS TARDEGO SASAO
