123, 100, 43, 14, NOME
116, 123, 208, 10, SACCO MIZUMA NARUZAWA
358, 192, 33, 13, CPF
335, 209, 136, 13, 047.308.924-61
583, 363, 61, 12, CAT. HAB.
594, 379, 7, 10, E
522, 408, 102, 15, 1ª HABILITAÇÃO
509, 425, 97, 13, 23/11/1967
374, 405, 69, 17, VALIDADE
344, 425, 95, 13, 20/01/2001
120, 408, 91, 15, Nº REGISTRO
140, 427, 106, 11, 91704539807
10, 286, 25, 142, VÁLIDA EM TODO
56, 263, 23, 190, 962814751
524, 192, 123, 13, DATA NASCIMENTO
521, 209, 96, 13, 23/03/1952
359, 145, 242, 14, DOC. IDENTIDADE/ÓRG EMISSOR/UF
337, 161, 140, 11, 327048700 SEJ SP
362, 237, 59, 14, FILIAÇÃO
337, 257, 239, 10, HOLZHAUSEN SEPTANIL GOYA
331, 281, 65, 13, ARAGAO
336, 304, 225, 12, FUMIE MOSTAZO JACOB
336, 329, 68, 10, PEREIRA
