129, 111, 38, 15, NOME
122, 128, 205, 9, HERMENEGILDA VANCO MOCO
359, 204, 28, 13, CPF
352, 218, 136, 13, 312.879.148-10
585, 368, 49, 15, CAT. HAB.
596, 387, 7, 10, E
486, 422, 87, 13, 1ª HABILITAÇÃO
500, 436, 98, 12, 08/04/1954
343, 419, 50, 17, VALIDADE
344, 435, 106, 14, 03/05/2011
123, 420, 71, 13, Nº REGISTRO
148, 436, 105, 11, 31712717294
19, 292, 16, 131, VÁLIDA EM TODO
66, 289, 19, 156, 813918087
529, 203, 103, 14, DATA NASCIMENTO
525, 219, 97, 12, 26/01/1954
361, 158, 188, 13, DOC. IDENTIDADE/ÓRG EMISSOR UF
505, 176, 22, 7, SJS
355, 173, 70, 10, 935806313
601, 176, 17, 9, PR
362, 248, 55, 15, FILIAÇÃO
355, 266, 223, 10, SECAMILLI IZUKAWA MILITAO
356, 305, 226, 12, ARACKAWA NICOLLE PAVONI
