137, 106, 35, 15, NOME
134, 127, 237, 13, FRANCIANI QUARTERO ADRIA
374, 203, 24, 16, CPF
366, 226, 110, 11, 038.655.310-67
591, 374, 53, 18, CAT. HAB.
599, 400, 7, 7, B
493, 428, 91, 16, 1ª HABILITAÇÃO
498, 446, 97, 17, 20/01/2019
345, 424, 58, 20, VALIDADE
338, 444, 96, 12, 07/11/1982
130, 420, 76, 19, Nº REGISTRO
128, 440, 107, 11, 22638976318
20, 292, 19, 129, VÁLIDA EM TODO
61, 281, 21, 166, 857286397
536, 204, 103, 15, DATA NASCIMENTO
535, 228, 87, 11, 09/02/1954
374, 156, 205, 15, DOC. IDENTIDADE/ÓRG EMISSOR/UF
368, 177, 126, 10, 938495343 POF MG
370, 248, 55, 15, FILIAÇÃO
366, 275, 222, 9, PATRIK PONOMARENCO VADALA
362, 323, 209, 10, CANINA ESCOBAR GUAPIN
363, 347, 52, 9, DUARTE
