124, 114, 39, 14, NOME
116, 130, 250, 10, GUERLENDA PAZIANI TAROUCO
358, 206, 25, 12, CPF
349, 220, 151, 12, 437.906.151-53
582, 368, 49, 13, CAT. HAB.
592, 387, 18, 10, AB
482, 422, 89, 13, 1ª HABILITAÇÃO
499, 438, 86, 15, 16/08/1972
338, 423, 54, 13, VALIDADE
342, 437, 98, 15, 02/11/1989
123, 421, 71, 16, Nº REGISTRO
149, 438, 107, 15, 06876561750
19, 299, 17, 129, VÁLIDA EM TODO
63, 273, 22, 182, 777076658
526, 204, 105, 14, DATA NASCIMENTO
521, 220, 98, 18, 04/04/1979
358, 157, 186, 15, DOC. IDENTIDADE/ÓRG EMISSOR UF
502, 175, 24, 9, SES
355, 174, 77, 10, 776846693
599, 174, 15, 8, SC
362, 247, 54, 15, FILIAÇÃO
351, 268, 227, 10, PALOMO DJALMA PRENDALIA
351, 306, 157, 11, SHIGAKI MIYATAKE
351, 324, 49, 10, SOUZA
