117, 93, 36, 14, NOME
109, 110, 198, 11, NICCIOLI TUFAILE KUW
349, 188, 28, 12, CPF
340, 201, 136, 12, 982.360.412-63
571, 350, 55, 14, CAT. HAB.
583, 368, 18, 10, AB
471, 400, 88, 16, 1ª HABILITAÇÃO
482, 419, 106, 13, 25/05/1952
327, 400, 56, 18, VALIDADE
334, 419, 98, 13, 02/03/2003
111, 398, 70, 17, Nº REGISTRO
136, 416, 118, 12, 69260771416
8, 288, 19, 139, VÁLIDA EM TODO
57, 268, 20, 164, 839589154
519, 184, 105, 16, DATA NASCIMENTO
512, 203, 95, 12, 14/02/1971
350, 140, 191, 13, DOC. IDENTIDADE/ÓRG EMISSOR UF
344, 155, 87, 11, 273067990
492, 156, 28, 10, SSP
589, 158, 18, 8, MG
352, 229, 52, 13, FILIAÇÃO
342, 249, 187, 10, LEYMI RAUBER CAPOZZ
340, 268, 47, 9, MORAES
339, 287, 187, 9, KIYOHIRO SONNINI PICC
340, 304, 65, 11, VIEIRA
