117, 104, 39, 13, NOME
113, 120, 227, 10, BIADOLLA BARCHESE GIOIE
350, 196, 28, 13, CPF
344, 210, 135, 12, 132.051.525-81
575, 359, 47, 16, CAT. HAB.
588, 379, 19, 10, AB
477, 411, 87, 17, 1ª HABILITAÇÃO
490, 428, 96, 14, 04/06/1951
331, 413, 54, 13, VALIDADE
337, 427, 115, 16, 18/05/1982
114, 410, 68, 16, Nº REGISTRO
142, 429, 106, 11, 52163423647
13, 287, 17, 139, VÁLIDA EM TODO
53, 310, 17, 139, 615471793
522, 195, 103, 15, DATA NASCIMENTO
515, 210, 97, 13, 17/10/1960
352, 146, 187, 17, DOC. IDENTIDADE/ÓRG EMISSOR UF
495, 167, 22, 8, SJS
346, 164, 77, 10, 260672191
593, 166, 14, 8, SP
357, 239, 49, 15, FILIAÇÃO
346, 258, 178, 9, RACHEL MOLICA KERNER
346, 277, 62, 8, DA ROSA
342, 296, 229, 10, GUERRERA YURIS JOCILENE
