116, 116, 38, 12, NOME
108, 131, 247, 11, FREDERICE FACCHINI NILSSO
347, 207, 27, 13, CPF
340, 221, 135, 11, 188.043.007-01
572, 371, 49, 16, CAT. HAB.
583, 391, 8, 8, B
475, 423, 86, 15, 1ª HABILITAÇÃO
488, 435, 96, 18, 30/11/2017
327, 423, 54, 13, VALIDADE
334, 436, 97, 18, 14/04/1957
111, 419, 71, 17, Nº REGISTRO
138, 438, 119, 13, 03367667489
15, 296, 15, 135, VÁLIDA EM TODO
57, 332, 18, 139, 349433693
519, 206, 100, 14, DATA NASCIMENTO
513, 221, 86, 13, 22/11/1981
349, 159, 187, 15, DOC. IDENTIDADE/ÓRG EMISSOR UF
492, 178, 23, 8, POM
588, 179, 18, 8, MG
339, 176, 74, 11, 170733634
349, 251, 54, 15, FILIAÇÃO
342, 267, 189, 11, TACIA KICHISE BROCK
343, 307, 199, 10, NAHAS ANDREOLLO BORA
