147, 127, 47, 18, NOME
139, 149, 255, 10, PAVARINA CASTELAN ANDRIELI
450, 238, 34, 20, CPF
439, 256, 192, 15, 616.575.561-58
741, 434, 61, 17, CAT. HAB.
755, 458, 8, 11, D
615, 497, 111, 19, 1ª HABILITAÇÃO
629, 519, 116, 15, 27/08/1952
425, 496, 70, 17, VALIDADE
433, 516, 125, 16, 13/03/1984
146, 496, 88, 17, Nº REGISTRO
178, 515, 137, 14, 21700057071
10, 359, 26, 165, VÁLIDA EM TODO
73, 343, 31, 210, 423416830
668, 240, 133, 16, DATA NASCIMENTO
660, 258, 126, 16, 30/11/1956
450, 179, 247, 20, DOC. IDENTIDADE/ÓRG EMISSOR UF
438, 202, 96, 12, 897679507
636, 203, 32, 12, SNJ
762, 204, 21, 12, BA
454, 290, 67, 17, FILIAÇÃO
443, 313, 291, 14, FUSCELLI PAOLA CADAVA
443, 338, 53, 11, ROCHA
445, 360, 271, 13, BERLANDI LILLA CASERT
446, 382, 86, 12, FERREIRA
