127, 100, 38, 15, NOME
122, 115, 185, 12, AZEDO RINK ZENERO
357, 192, 27, 15, CPF
351, 209, 136, 13, 979.274.776-17
583, 357, 47, 15, CAT. HAB.
587, 378, 10, 8, D
482, 409, 87, 17, 1ª HABILITAÇÃO
490, 426, 102, 13, 17/06/1994
339, 409, 52, 15, VALIDADE
343, 424, 108, 13, 03/01/2009
119, 406, 79, 15, Nº REGISTRO
152, 425, 108, 12, 01251486388
23, 288, 16, 142, VÁLIDA EM TODO
64, 296, 19, 148, 654386668
528, 194, 103, 14, DATA NASCIMENTO
521, 210, 86, 12, 16/12/2002
360, 147, 187, 14, DOC. IDENTIDADE/ÓRG EMISSOR UF
353, 163, 78, 11, 009130275
502, 165, 24, 8, SDS
599, 164, 19, 11, TO
360, 238, 55, 15, FILIAÇÃO
354, 251, 204, 14, TABITHA RENOVATO MARIEL
354, 294, 178, 10, ADORNI PAZ BOJCZUK
