83, 86, 29, 11, NOME
78, 97, 166, 10, CARNELOS YU NAGAHACHI
256, 154, 23, 11, CPF
250, 163, 96, 12, 602.262.962-45
424, 276, 39, 14, CAT. HAB.
432, 293, 6, 8, B
351, 318, 64, 10, 1ª HABILITAÇÃO
360, 329, 77, 10, 03/08/1994
240, 317, 47, 11, VALIDADE
243, 330, 77, 9, 19/06/1985
80, 313, 53, 16, Nº REGISTRO
101, 330, 85, 12, 77727860156
7, 226, 11, 103, VÁLIDA EM TODO
40, 235, 14, 113, 983670208
385, 153, 79, 13, DATA NASCIMENTO
379, 166, 68, 9, 23/03/1953
258, 120, 146, 11, DOC. IDENTIDADE/ÓRG EMISSOR UF
253, 131, 66, 10, 418951111
366, 133, 19, 7, SES
439, 133, 14, 8, PR
261, 189, 37, 9, FILIAÇÃO
253, 203, 199, 9, ANAYA BARACHATI ALMOUALEM
251, 231, 174, 9, SABONARO SAKAGUTI OELS
