155, 121, 47, 18, NOME
143, 133, 321, 15, ABRAMOVICI ZAKKA MARIAN
446, 224, 30, 16, CPF
435, 242, 149, 13, 664.346.198-71
723, 414, 56, 15, CAT. HAB.
738, 436, 9, 11, D
601, 477, 104, 16, 1ª HABILITAÇÃO
610, 495, 121, 15, 31/12/1982
421, 480, 63, 16, VALIDADE
421, 498, 115, 20, 13/09/1978
147, 482, 89, 19, Nº REGISTRO
179, 500, 140, 14, 07066215802
15, 335, 22, 177, VÁLIDA EM TODO
69, 322, 23, 190, 934186691
659, 220, 125, 16, DATA NASCIMENTO
648, 238, 107, 15, 19/12/1972
446, 167, 233, 16, DOC. IDENTIDADE/ÓRG EMISSOR UF
438, 188, 97, 12, 842193510
625, 186, 30, 11, SJS
748, 183, 20, 12, RS
445, 272, 67, 21, FILIAÇÃO
434, 342, 263, 11, COLLACO TIBERTI RIVELLIS
435, 365, 44, 12, MELO
433, 294, 207, 10, ALBARELLI FRAGA TOSTE
