139, 125, 48, 15, NOME
129, 143, 148, 10, AZZI SOUDKI THE
433, 230, 35, 17, CPF
424, 248, 150, 15, 426.723.087-05
716, 420, 62, 17, CAT. HAB.
736, 442, 9, 11, B
593, 483, 112, 18, 1ª HABILITAÇÃO
611, 501, 116, 16, 15/07/2020
409, 487, 69, 14, VALIDADE
413, 500, 125, 17, 15/08/1982
138, 486, 89, 17, Nº REGISTRO
173, 503, 139, 14, 41605661388
11, 332, 23, 174, VÁLIDA EM TODO
73, 346, 31, 178, 66554589
649, 230, 129, 15, DATA NASCIMENTO
641, 246, 98, 14, 08/07/2019
436, 173, 235, 16, DOC. IDENTIDADE/ÓRG EMISSOR UF
621, 192, 31, 12, POM
739, 192, 18, 10, RN
428, 192, 96, 14, 473877740
436, 282, 69, 16, FILIAÇÃO
430, 303, 195, 12, FARKAS NAOJU YANES
427, 325, 126, 13, CAVALCANTI
426, 347, 205, 12, SUETO PEDAO LARIANI
