130, 110, 38, 15, NOME
123, 123, 177, 13, BUGY FALCINI SONCINI
360, 203, 28, 13, CPF
352, 217, 137, 13, 613.163.507-20
586, 367, 49, 15, CAT. HAB.
597, 386, 8, 10, B
487, 421, 87, 13, 1ª HABILITAÇÃO
502, 435, 96, 12, 14/12/1985
344, 418, 50, 17, VALIDADE
346, 434, 105, 14, 29/08/1981
124, 419, 71, 13, Nº REGISTRO
149, 435, 104, 11, 77224028101
20, 291, 16, 131, VÁLIDA EM TODO
67, 287, 19, 158, 031427790
530, 202, 103, 14, DATA NASCIMENTO
525, 218, 98, 12, 02/08/1959
362, 157, 188, 13, DOC. IDENTIDADE/ÓRG EMISSOR UF
506, 174, 30, 9, SPTC
357, 172, 69, 11, 773544809
602, 173, 17, 10, SC
363, 247, 55, 15, FILIAÇÃO
356, 265, 204, 9, PAROLIN PARDELLI SEEBER
358, 304, 226, 10, SELINGARDI MALAGO TOMAZ
