138, 104, 34, 17, NOME
130, 129, 209, 10, URBAN MATSUMOTO PECIN
371, 203, 29, 16, CPF
367, 227, 151, 12, 588.752.983-00
590, 375, 55, 20, CAT. HAB.
595, 401, 8, 8, A
493, 430, 93, 16, 1ª HABILITAÇÃO
498, 447, 108, 14, 05/03/1965
347, 427, 53, 15, VALIDADE
340, 445, 107, 14, 11/03/2000
123, 423, 81, 19, Nº REGISTRO
126, 442, 118, 13, 67707069830
430, 300, -129, 87, VÁLIDA EM TODO
49, 292, 21, 174, 739334544
538, 204, 104, 16, DATA NASCIMENTO
536, 229, 87, 16, 18/08/2004
371, 155, 211, 20, DOC. IDENTIDADE/ÓRG EMISSOR/UF
367, 179, 152, 10, 269105049 SESP MG
368, 249, 59, 16, FILIAÇÃO
366, 275, 139, 12, BISTRICHE WAI
365, 300, 69, 10, RIBEIRO
366, 324, 135, 10, FESCINA UTZUMI
365, 350, 61, 9, BARBOSA
