133, 111, 40, 18, NOME
131, 135, 252, 15, MURAOKA TRANCHESI OBREGON
376, 210, 27, 15, CPF
372, 233, 122, 11, 158.553.942-20
602, 383, 57, 17, CAT. HAB.
611, 408, 6, 8, D
506, 439, 90, 14, 1ª HABILITAÇÃO
508, 455, 107, 15, 17/01/1964
350, 435, 63, 18, VALIDADE
348, 452, 97, 15, 08/09/1986
131, 431, 76, 17, Nº REGISTRO
125, 453, 96, 10, 87934145661
8, 301, 21, 134, VÁLIDA EM TODO
49, 311, 19, 157, 007940242
544, 209, 105, 15, DATA NASCIMENTO
544, 233, 86, 12, 21/06/1981
374, 163, 212, 13, DOC. IDENTIDADE/ÓRG EMISSOR/UF
370, 186, 141, 10, 965341628 SJS SP
376, 257, 53, 14, FILIAÇÃO
372, 283, 171, 10, ZARPELON VALDINEI
370, 308, 46, 7, SANTOS
369, 332, 218, 10, ARBEX HOSIASSON GOBARA
372, 356, 47, 10, SOUZA
