155, 127, 51, 12, NOME
145, 142, 272, 15, OSTIA MIYAUCHI ALEGRE
448, 234, 46, 15, CPF
445, 251, 150, 13, 306.809.818-10
741, 425, 63, 16, CAT. HAB.
757, 446, 10, 12, A
618, 485, 107, 16, 1ª HABILITAÇÃO
632, 507, 104, 13, 19/06/1971
158, 486, 89, 17, Nº REGISTRO
194, 504, 140, 14, 25813992266
436, 488, 63, 15, VÁLIDA EM TODO
88, 351, 23, 198, 103543073
34, 335, 24, 170, VALIDADE
439, 505, 107, 15, 23/11/1989
669, 233, 135, 14, DATA NASCIMENTO
662, 251, 96, 12, 29/01/1956
453, 177, 246, 20, DOC. IDENTIDADE/ÓRG EMISSOR UF
447, 195, 95, 12, 723719779
636, 197, 30, 11, POF
756, 197, 20, 10, MA
457, 282, 67, 19, FILIAÇÃO
448, 305, 185, 12, FUCHS OMURO TIZZO
449, 328, 54, 12, SOUZA
447, 350, 229, 13, JUNQUEI ELISIANE FUZITA
448, 373, 76, 12, MARTINS
