351, 295, 97, 41, NOME
763, 346, 221, 28, HEBELER MENEZES MOTEZUKI
969, 544, 64, 39, CPF
929, 594, 342, 27, 607.682.907-91
1526, 987, 144, 33, CAT. HAB.
1578, 1037, 25, 28, D
1388, 1113, 249, 37, 1ª HABILITAÇÃO
1356, 1156, 252, 35, 14/09/1952
1012, 1120, 158, 33, VALIDADE
937, 1148, 302, 43, 19/04/2001
363, 1117, 198, 31, Nº REGISTRO
402, 1160, 311, 33, 40449162368
48, 796, 58, 352, VÁLIDA EM TODO
176, 764, 57, 456, 826272702
1401, 534, 276, 49, DATA NASCIMENTO
1389, 593, 225, 31, 07/05/1966
968, 430, 549, 34, DOC. IDENTIDADE/ÓRG EMISSOR/UF
1537, 472, 47, 24, MG
1325, 473, 63, 22, POM
927, 469, 200, 26, 422110671
964, 672, 146, 41, FILIAÇÃO
1141, 727, 271, 25, MALERBI IRAN LUSMAR
1376, 855, 81, 27, MIRACI GIAMATEI HAM
945, 923, 193, 28, CARDOSO
