136, 99, 36, 11, NOME
122, 116, 202, 11, PACCIULIO WILLIE GESUA
365, 189, 23, 14, CPF
355, 212, 138, 11, 046.914.737-77
572, 361, 49, 15, CAT. HAB.
578, 385, 7, 9, E
478, 413, 90, 15, 1ª HABILITAÇÃO
491, 427, 98, 15, 05/01/1997
338, 410, 57, 15, VALIDADE
332, 427, 96, 12, 30/03/1957
131, 406, 71, 16, Nº REGISTRO
138, 424, 124, 12, 33019640026
17, 284, 15, 140, VÁLIDA EM TODO
53, 265, 21, 181, 490187393
524, 194, 97, 15, DATA NASCIMENTO
522, 210, 88, 17, 25/08/1959
365, 146, 200, 16, DOC. IDENTIDADE/ÓRG EMISSOR/UF
358, 165, 159, 11, 063804906 SES MA
363, 238, 50, 13, FILIAÇÃO
355, 258, 209, 16, OURIQUES FORMOZINHO M
355, 284, 58, 10, SANTOS
355, 309, 160, 10, LOPES CUCULO HSIEN
