123, 101, 38, 13, NOME
119, 116, 237, 10, FRONZAGLIA BUCHALA MACON
359, 193, 27, 13, CPF
350, 206, 149, 14, 620.245.698-11
581, 355, 48, 15, CAT. HAB.
592, 376, 9, 10, C
483, 407, 87, 16, 1ª HABILITAÇÃO
495, 425, 109, 14, 06/07/2016
338, 409, 55, 13, VALIDADE
345, 425, 97, 13, 11/10/1963
121, 409, 72, 13, Nº REGISTRO
149, 423, 118, 14, 56852699732
18, 285, 19, 135, VÁLIDA EM TODO
64, 293, 21, 178, 359606115
527, 194, 103, 14, DATA NASCIMENTO
522, 208, 96, 13, 19/12/1997
358, 144, 188, 17, DOC. IDENTIDADE/ÓRG EMISSOR UF
354, 161, 87, 11, 995111169
501, 163, 33, 8, SESP
601, 164, 15, 7, SP
360, 232, 56, 16, FILIAÇÃO
353, 254, 189, 10, SESSIN SAIGO JAZIEL
354, 290, 187, 14, GIOSO PASSATUTO M
352, 310, 88, 11, MONTEIRO
