136, 125, 58, 15, NOME
132, 142, 219, 10, MOREIRA DAMASIO FUKASE
435, 232, 35, 18, CPF
424, 250, 152, 13, 012.108.671-25
718, 424, 57, 19, CAT. HAB.
735, 447, 21, 12, AB
589, 487, 114, 19, 1ª HABILITAÇÃO
612, 508, 97, 13, 22/10/2018
407, 486, 72, 18, VALIDADE
414, 505, 107, 14, 11/04/1952
134, 484, 91, 17, Nº REGISTRO
168, 501, 138, 14, 17783414533
11, 340, 23, 162, VÁLIDA EM TODO
68, 322, 24, 193, 340411133
650, 231, 124, 18, DATA NASCIMENTO
643, 250, 127, 16, 09/11/1954
436, 176, 246, 17, DOC. IDENTIDADE/ÓRG EMISSOR UF
433, 194, 95, 13, 312838098
622, 196, 30, 12, SES
744, 198, 17, 10, RS
440, 284, 64, 15, FILIAÇÃO
428, 306, 218, 12, APRILE MAUNA NYCOLAS
426, 347, 235, 14, MARTINEZ SNG SAIS
427, 373, 49, 10, JESUS
