159, 124, 53, 16, NOME
152, 138, 258, 11, ALINNE MATTIAZZO GIULIANNY
458, 228, 31, 15, CPF
444, 244, 151, 18, 859.208.275-72
739, 414, 59, 20, CAT. HAB.
754, 438, 21, 11, AB
609, 477, 115, 19, 1ª HABILITAÇÃO
633, 497, 116, 15, 18/09/1986
431, 482, 67, 15, VALIDADE
433, 499, 106, 14, 30/10/1984
152, 482, 93, 18, Nº REGISTRO
187, 500, 140, 15, 88340650633
26, 344, 25, 163, VÁLIDA EM TODO
82, 339, 26, 223, 405292780
674, 226, 127, 15, DATA NASCIMENTO
663, 242, 116, 16, 27/02/2012
458, 172, 236, 16, DOC. IDENTIDADE/ÓRG EMISSOR UF
761, 190, 22, 11, MG
636, 191, 27, 10, SJS
448, 192, 84, 11, 342523041
460, 279, 68, 20, FILIAÇÃO
453, 345, 270, 12, LYUSSEI PIZORUSSO BORETTI
449, 299, 238, 12, SARKISSIAN YUGI CASALI
