159, 124, 53, 16, NOME
152, 139, 229, 10, ANTONORSI CAZELATO ELOA
458, 228, 31, 15, CPF
444, 244, 151, 15, 926.677.466-94
739, 414, 59, 20, CAT. HAB.
754, 438, 10, 12, D
609, 477, 115, 19, 1ª HABILITAÇÃO
633, 497, 116, 15, 12/03/1955
431, 482, 67, 15, VALIDADE
431, 499, 106, 14, 06/09/2001
152, 482, 93, 18, Nº REGISTRO
187, 500, 139, 15, 77549124807
26, 344, 25, 163, VÁLIDA EM TODO
82, 340, 26, 222, 581482011
674, 226, 127, 15, DATA NASCIMENTO
663, 242, 116, 16, 22/07/1988
458, 172, 236, 16, DOC. IDENTIDADE/ÓRG EMISSOR UF
761, 190, 22, 12, GO
636, 191, 27, 10, POF
448, 192, 85, 13, 789450744
460, 279, 68, 20, FILIAÇÃO
451, 345, 242, 12, MAUES FILOSO FELISBINO
449, 299, 219, 12, AIALLA SIDOW COPPOLA
