165, 140, 60, 18, NOME
146, 162, 387, 20, FRAILE BIOJONE FORMAGGIO
510, 272, 37, 24, CPF
489, 299, 219, 18, 303.119.614-79
818, 515, 87, 29, CAT. HAB.
841, 554, 13, 15, B
741, 590, 138, 25, 1ª HABILITAÇÃO
722, 614, 164, 22, 18/11/1978
528, 591, 92, 22, VALIDADE
486, 616, 164, 23, 17/01/2005
169, 591, 115, 24, Nº REGISTRO
193, 619, 151, 16, 20569674566
17, 428, 22, 193, VÁLIDA EM TODO
75, 436, 28, 225, 694525008
756, 268, 153, 28, DATA NASCIMENTO
746, 296, 166, 22, 19/11/2005
511, 204, 308, 29, DOC. IDENTIDADE/ÓRG EMISSOR/UF
489, 230, 235, 15, 274154687 SPTC MT
512, 342, 77, 23, FILIAÇÃO
493, 373, 318, 16, NETO PESSOTO SZUSTER
497, 447, 283, 15, GILBERT CHIARELLA S
496, 484, 61, 16, LIMA
