127, 100, 38, 15, NOME
121, 115, 187, 12, OSHIMA REVI REWIN
357, 192, 27, 15, CPF
350, 209, 137, 14, 571.100.038-17
583, 357, 47, 15, CAT. HAB.
588, 377, 8, 10, E
482, 409, 87, 17, 1ª HABILITAÇÃO
496, 426, 96, 13, 24/03/2014
339, 409, 52, 15, VALIDADE
344, 424, 106, 13, 28/11/1992
119, 406, 79, 15, Nº REGISTRO
154, 425, 106, 11, 90688839414
23, 288, 16, 142, VÁLIDA EM TODO
64, 296, 23, 151, 347769784
528, 194, 103, 14, DATA NASCIMENTO
521, 210, 86, 11, 06/08/2001
360, 147, 187, 14, DOC. IDENTIDADE/ÓRG EMISSOR UF
353, 163, 78, 11, 434335642
502, 165, 24, 9, SES
599, 165, 19, 9, MG
360, 238, 55, 15, FILIAÇÃO
354, 256, 205, 9, JENNIFER BUSNELLO SIGNO
354, 291, 208, 13, KLEVER MARJORE TORREL
