158, 137, 46, 15, NOME
149, 152, 214, 12, SAKABE HYON TADDEO
453, 247, 34, 15, CPF
442, 264, 163, 14, 194.854.357-54
735, 441, 59, 15, CAT. HAB.
742, 461, 14, 16, E
607, 499, 111, 18, 1ª HABILITAÇÃO
626, 522, 127, 16, 26/06/2016
426, 499, 69, 20, VALIDADE
426, 521, 118, 15, 02/09/2013
151, 492, 88, 21, Nº REGISTRO
183, 515, 139, 14, 94945538289
34, 345, 23, 159, VÁLIDA EM TODO
83, 343, 25, 201, 696047293
669, 249, 130, 18, DATA NASCIMENTO
657, 267, 107, 17, 28/12/2015
457, 191, 232, 20, DOC. IDENTIDADE/ÓRG EMISSOR UF
445, 209, 96, 13, 961309726
633, 213, 30, 11, POF
760, 213, 21, 13, PI
457, 296, 64, 17, FILIAÇÃO
445, 320, 217, 11, FERRETE DAISUKE STEV
444, 341, 55, 12, MOURA
447, 365, 311, 12, SADRIANO CECCHI AUREGLIETT
