170, 111, 50, 16, NOME
161, 127, 237, 12, LOLLO RAISSA KENNEDY
469, 218, 32, 17, CPF
457, 236, 176, 19, 820.852.040-31
759, 412, 57, 21, CAT. HAB.
772, 438, 7, 8, D
631, 474, 108, 20, 1ª HABILITAÇÃO
645, 496, 126, 16, 20/08/2003
444, 474, 69, 21, VALIDADE
442, 496, 116, 16, 17/07/1955
163, 475, 90, 17, Nº REGISTRO
200, 496, 128, 13, 78121836743
24, 338, 24, 179, VÁLIDA EM TODO
85, 348, 24, 193, 413799939
694, 219, 123, 16, DATA NASCIMENTO
681, 236, 106, 13, 19/10/1957
467, 160, 247, 20, DOC. IDENTIDADE/ÓRG EMISSOR UF
463, 182, 86, 11, 586054935
653, 183, 38, 10, SESP
781, 182, 19, 11, PB
472, 269, 67, 20, FILIAÇÃO
460, 293, 241, 11, ALFEU SURCAN CLEONILDO
463, 315, 97, 12, DAS NEVES
461, 337, 297, 13, TOMASSI MIRANDEZ OZEIAS
461, 362, 68, 10, PEIXOTO
