152, 125, 51, 17, NOME
147, 143, 185, 11, BACHIR IUMI TESCH
452, 231, 27, 14, CPF
438, 248, 152, 14, 748.473.311-33
733, 422, 63, 16, CAT. HAB.
747, 443, 11, 13, A
610, 483, 111, 21, 1ª HABILITAÇÃO
629, 503, 116, 15, 18/08/1986
427, 484, 82, 17, VALIDADE
436, 504, 104, 14, 19/01/1991
156, 485, 87, 20, Nº REGISTRO
190, 504, 139, 14, 61196897409
23, 350, 23, 162, VÁLIDA EM TODO
83, 358, 24, 201, 850752045
666, 228, 127, 16, DATA NASCIMENTO
657, 245, 118, 16, 07/03/1990
451, 175, 235, 15, DOC. IDENTIDADE/ÓRG EMISSOR UF
442, 194, 96, 12, 832735656
631, 195, 27, 10, POF
753, 195, 19, 10, MS
455, 279, 65, 21, FILIAÇÃO
441, 303, 220, 11, MAZIEIRO PUGA KITAYAMA
443, 349, 239, 12, ZURITA CAPOCCHI AVELAR
