134, 107, 37, 16, NOME
130, 125, 176, 10, GRACIELLI FILIPOV ALIP
379, 202, 29, 16, CPF
372, 230, 138, 11, 895.694.045-23
606, 387, 49, 17, CAT. HAB.
612, 413, 10, 10, C
510, 442, 90, 19, 1ª HABILITAÇÃO
515, 462, 125, 16, 30/07/1977
355, 444, 60, 16, VALIDADE
345, 464, 106, 13, 28/03/1968
134, 440, 73, 16, Nº REGISTRO
129, 459, 96, 14, 28200258634
15, 304, 17, 135, VÁLIDA EM TODO
53, 296, 21, 175, 836097386
145, 48, -97, 98, DATA NASCIMENTO
556, 231, 78, 13, 16/12/2005
317, 201, -210, -94, DOC. IDENTIDADE/ÓRG EMISSOR/UF
374, 178, 157, 11, 898352150 SDS SP
380, 252, 58, 19, FILIAÇÃO
370, 283, 179, 10, GARDIM SORIO NAGIB
371, 335, 198, 10, ABAMBRES PIERRI ARTH
375, 358, 96, 11, FERNANDES
