176, 139, 47, 15, NOME
169, 153, 240, 12, ZANCHIN SEIKI SCHIRATO
472, 243, 31, 15, CPF
461, 258, 148, 13, 395.162.166-41
752, 431, 60, 19, CAT. HAB.
771, 456, 6, 8, D
628, 496, 113, 17, 1ª HABILITAÇÃO
648, 514, 116, 16, 03/08/2011
448, 497, 67, 14, VALIDADE
454, 506, 127, 23, 22/09/2013
176, 495, 86, 22, Nº REGISTRO
211, 515, 138, 14, 13243834697
37, 353, 23, 162, VÁLIDA EM TODO
98, 346, 24, 193, 373935969
687, 240, 124, 13, DATA NASCIMENTO
674, 258, 108, 15, 05/02/1980
474, 186, 234, 17, DOC. IDENTIDADE/ÓRG EMISSOR UF
464, 204, 94, 12, 903737711
655, 203, 34, 12, POM
775, 203, 22, 12, TO
476, 292, 63, 16, FILIAÇÃO
463, 314, 219, 11, GAJEWSKI MORELLI SIU
466, 334, 83, 12, ALMEIDA
463, 359, 230, 12, TARIF GUADAGNINI MITS
464, 382, 46, 12, LIMA
