136, 117, 39, 19, NOME
133, 140, 249, 11, MADRUGA MERCIO GORENSTEIN
380, 215, 23, 16, CPF
374, 234, 121, 17, 780.090.594-20
598, 389, 53, 17, CAT. HAB.
612, 412, 8, 9, A
504, 443, 93, 15, 1ª HABILITAÇÃO
507, 461, 108, 14, 03/08/2014
356, 444, 56, 13, VALIDADE
347, 460, 106, 16, 04/09/2001
136, 441, 74, 15, Nº REGISTRO
129, 459, 96, 11, 63747927834
441, 307, -133, 80, VÁLIDA EM TODO
49, 319, 24, 149, 8837199
542, 216, 105, 16, DATA NASCIMENTO
544, 239, 77, 11, 28/12/2006
376, 165, 211, 19, DOC. IDENTIDADE/ÓRG EMISSOR/UF
375, 192, 140, 10, 391864245 POF MT
377, 262, 53, 15, FILIAÇÃO
372, 288, 150, 10, CAMOES ISACIR C
370, 314, 62, 9, MOREIRA
372, 338, 188, 9, TOLINI GELOTTI SAMIRA
381, 362, 62, 9, RIBEIRO
