157, 129, 48, 16, NOME
149, 139, 285, 13, VILHENA PONTUAL ROSELY
450, 229, 36, 14, CPF
442, 246, 151, 14, 503.471.289-04
734, 418, 59, 15, CAT. HAB.
744, 442, 10, 11, E
607, 479, 109, 17, 1ª HABILITAÇÃO
626, 500, 107, 14, 03/03/1965
425, 480, 70, 24, VALIDADE
432, 506, 107, 13, 19/10/1998
155, 488, 90, 17, Nº REGISTRO
192, 508, 107, 11, 42242467482
21, 346, 21, 163, VÁLIDA EM TODO
70, 332, 32, 200, 307862241
667, 225, 123, 17, DATA NASCIMENTO
654, 243, 107, 14, 28/08/1987
453, 173, 236, 15, DOC. IDENTIDADE/ÓRG EMISSOR UF
444, 193, 86, 11, 649955948
631, 191, 31, 11, SNJ
751, 190, 18, 9, BA
455, 280, 66, 17, FILIAÇÃO
445, 301, 208, 11, CIOTTO NUBERTO GHIR
446, 323, 53, 11, LOPES
443, 345, 219, 12, ANSELMO KIOMY JESSIE
446, 370, 106, 12, RODRIGUES
