137, 105, 34, 17, NOME
130, 130, 256, 11, BARISON MALVICINO GALLUCCI
370, 204, 29, 16, CPF
366, 228, 151, 12, 627.441.961-69
589, 376, 55, 20, CAT. HAB.
595, 403, 7, 7, B
492, 431, 93, 16, 1ª HABILITAÇÃO
498, 448, 107, 15, 11/07/1954
346, 428, 53, 15, VALIDADE
338, 446, 108, 14, 05/06/1983
122, 424, 81, 19, Nº REGISTRO
125, 443, 118, 13, 61189171446
62, 192, 129, -87, VÁLIDA EM TODO
48, 293, 21, 172, 632735124
537, 205, 104, 16, DATA NASCIMENTO
534, 230, 88, 16, 21/08/1997
370, 156, 211, 20, DOC. IDENTIDADE/ÓRG EMISSOR/UF
366, 180, 141, 10, 589485453 SSP RS
367, 250, 59, 16, FILIAÇÃO
365, 276, 142, 12, BERNARDUS PAR
364, 301, 69, 10, DA ROSA
365, 325, 138, 10, ZULATO GRUBERT
363, 351, 88, 9, CAVALCANTI
