134, 108, 38, 15, NOME
133, 130, 217, 12, HOTELLIER LOGATTI VALE
379, 207, 27, 15, CPF
373, 231, 110, 11, 540.237.004-44
600, 383, 55, 19, CAT. HAB.
611, 408, 7, 9, E
504, 436, 89, 17, 1ª HABILITAÇÃO
507, 455, 108, 15, 04/08/2017
355, 436, 57, 14, VALIDADE
351, 454, 107, 15, 12/10/2010
138, 432, 77, 19, Nº REGISTRO
138, 452, 107, 11, 27527674549
15, 309, 15, 131, VÁLIDA EM TODO
56, 296, 22, 174, 691922403
544, 205, 106, 19, DATA NASCIMENTO
548, 233, 97, 12, 13/10/1995
376, 157, 214, 19, DOC. IDENTIDADE/ÓRG EMISSOR/UF
374, 183, 157, 12, 069001807 SJS MG
377, 257, 53, 13, FILIAÇÃO
372, 282, 187, 11, WAISBERG MORABITO
371, 307, 89, 10, NASCIMENTO
372, 332, 186, 9, ADNA GADELHO MARCOCHI
