131, 131, 49, 14, NOME
126, 147, 164, 12, RIBAS VAZ LEITE
426, 229, 35, 22, CPF
419, 250, 193, 16, 291.962.454-76
713, 424, 57, 14, CAT. HAB.
727, 445, 8, 10, B
593, 485, 103, 18, 1ª HABILITAÇÃO
605, 504, 121, 15, 21/12/1952
406, 488, 67, 16, VALIDADE
411, 506, 104, 14, 30/08/1957
133, 492, 84, 15, Nº REGISTRO
165, 510, 128, 13, 72542003479
5, 350, 25, 165, VÁLIDA EM TODO
55, 343, 24, 190, 680202354
644, 228, 129, 16, DATA NASCIMENTO
635, 249, 107, 13, 21/09/1958
428, 177, 239, 15, DOC. IDENTIDADE/ÓRG EMISSOR UF
418, 198, 98, 14, 328655090
612, 197, 30, 11, SEJ
731, 195, 21, 11, AL
434, 283, 65, 17, FILIAÇÃO
421, 305, 219, 12, OLADIO REUEL VILEMAR
422, 348, 233, 16, BRISOLARI KARYNA T
422, 375, 63, 11, DUARTE
