139, 134, 47, 19, NOME
131, 153, 271, 13, BOTTA PACCEZ MACEIRAS
414, 250, 35, 16, CPF
404, 268, 178, 16, 028.761.746-77
680, 457, 58, 19, CAT. HAB.
696, 482, 9, 10, A
566, 523, 107, 19, 1ª HABILITAÇÃO
585, 544, 123, 16, 19/08/1981
393, 520, 66, 22, VALIDADE
401, 541, 127, 17, 20/11/2003
138, 519, 87, 19, Nº REGISTRO
170, 542, 139, 14, 58035486124
23, 374, 20, 163, VÁLIDA EM TODO
70, 407, 23, 183, 595044877
614, 251, 126, 17, DATA NASCIMENTO
606, 270, 125, 16, 16/09/2003
415, 191, 222, 17, DOC. IDENTIDADE/ÓRG EMISSOR UF
407, 210, 106, 13, 742346080
587, 213, 31, 12, POM
698, 213, 21, 10, MG
420, 304, 62, 20, FILIAÇÃO
411, 329, 273, 11, KAZUMITSU SAMMARONE PROTA
410, 352, 63, 11, DUARTE
409, 378, 184, 11, BEIM GOIA MORETTE
410, 401, 116, 12, CAVALCANTI
