110, 105, 40, 15, NOME
105, 120, 207, 10, PAGLIARINI GALASSO DU
345, 198, 26, 13, CPF
337, 210, 151, 13, 685.564.813-45
570, 362, 46, 14, CAT. HAB.
580, 381, 14, 7, AB
471, 414, 88, 14, 1ª HABILITAÇÃO
475, 428, 102, 15, 10/10/1976
323, 414, 58, 12, VALIDADE
323, 429, 98, 13, 07/12/2015
109, 412, 72, 14, Nº REGISTRO
132, 429, 108, 11, 89423716459
8, 283, 18, 134, VÁLIDA EM TODO
54, 269, 20, 167, 561774766
517, 199, 98, 11, DATA NASCIMENTO
509, 211, 97, 13, 10/05/1980
345, 150, 188, 14, DOC. IDENTIDADE/ÓRG EMISSOR UF
490, 168, 30, 8, SPTC
588, 167, 13, 8, SC
339, 165, 69, 10, 524698491
349, 240, 51, 13, FILIAÇÃO
339, 258, 186, 10, VETRONE ZON FIORINI
339, 297, 218, 10, SPLENDORE HUANG TSCHAN
340, 315, 43, 9, VIANA
