150, 130, 49, 20, NOME
142, 150, 260, 12, EUN YKEIZUMI PALARETTI
445, 239, 32, 15, CPF
434, 258, 150, 14, 733.824.911-33
725, 432, 64, 13, CAT. HAB.
743, 453, 8, 10, E
605, 492, 106, 19, 1ª HABILITAÇÃO
618, 512, 106, 15, 05/03/2001
418, 492, 76, 21, VALIDADE
427, 510, 125, 17, 14/04/1958
148, 491, 93, 21, Nº REGISTRO
184, 514, 127, 13, 74465715384
17, 349, 23, 171, VÁLIDA EM TODO
69, 352, 23, 184, 580794595
659, 237, 130, 16, DATA NASCIMENTO
650, 256, 107, 15, 27/05/1990
442, 183, 242, 15, DOC. IDENTIDADE/ÓRG EMISSOR UF
626, 203, 37, 10, SPTC
748, 203, 19, 10, AL
437, 202, 87, 11, 119485527
442, 288, 75, 17, FILIAÇÃO
436, 311, 219, 12, HERZILIO DIODI NORYO
437, 356, 208, 12, HAMED CAPELLA LYVIA
438, 379, 106, 12, RODRIGUES
