175, 140, 47, 15, NOME
166, 154, 286, 12, OKINOKABU PALMEIRA HOERNER
471, 244, 31, 15, CPF
461, 259, 149, 13, 970.217.756-10
751, 432, 60, 19, CAT. HAB.
770, 457, 6, 8, D
627, 497, 113, 17, 1ª HABILITAÇÃO
647, 515, 118, 16, 07/07/2000
447, 498, 67, 14, VALIDADE
453, 507, 126, 23, 09/01/1977
175, 496, 86, 22, Nº REGISTRO
209, 516, 139, 14, 22869628838
36, 354, 23, 162, VÁLIDA EM TODO
97, 347, 24, 194, 211458403
686, 241, 124, 13, DATA NASCIMENTO
676, 259, 105, 15, 31/10/1959
473, 187, 234, 17, DOC. IDENTIDADE/ÓRG EMISSOR UF
465, 205, 93, 12, 335505107
653, 204, 46, 12, SPTC
774, 204, 22, 12, MG
475, 293, 63, 16, FILIAÇÃO
462, 315, 264, 11, MANGO STUPELLO PESSOLATO
464, 335, 60, 12, COSTA
462, 360, 231, 12, MISSATO SEMEGHINI BER
463, 383, 57, 12, LOPES
