120, 92, 43, 17, NOME
116, 113, 207, 10, GROSSO KENNDY LYUSSEI
357, 187, 25, 15, CPF
347, 205, 137, 11, 103.980.426-83
579, 354, 45, 15, CAT. HAB.
595, 374, 7, 8, A
480, 405, 87, 15, 1ª HABILITAÇÃO
494, 421, 126, 16, 23/09/2000
334, 407, 57, 12, VALIDADE
329, 421, 113, 14, 20/06/2004
117, 400, 71, 16, Nº REGISTRO
142, 418, 106, 11, 99147972459
11, 278, 17, 139, VÁLIDA EM TODO
58, 289, 19, 156, 150237615
529, 190, 102, 17, DATA NASCIMENTO
519, 205, 107, 15, 30/07/1986
354, 141, 191, 15, DOC. IDENTIDADE/ÓRG EMISSOR UF
354, 156, 86, 11, 778386867
501, 159, 39, 10, SPTC
597, 159, 20, 9, MG
359, 232, 57, 15, FILIAÇÃO
351, 252, 178, 11, FREGONASSI BERTATO C
348, 270, 76, 12, ALMEIDA
351, 289, 262, 11, PARAGUASSU RICARD YOSHIO
360, 308, 119, 12, NASCIMENTO
