146, 129, 56, 13, NOME
142, 146, 337, 13, BUSTAMANTE WEDER METTIFOGO
455, 235, 32, 18, CPF
443, 256, 151, 14, 726.793.812-46
740, 436, 61, 19, CAT. HAB.
755, 458, 8, 10, B
614, 497, 112, 19, 1ª HABILITAÇÃO
627, 519, 107, 14, 12/03/1987
423, 497, 71, 16, VALIDADE
427, 516, 115, 16, 31/10/2016
143, 494, 91, 17, Nº REGISTRO
178, 512, 138, 14, 19785195897
20, 347, 17, 162, VÁLIDA EM TODO
80, 340, 25, 200, 833714544
676, 241, 127, 14, DATA NASCIMENTO
665, 258, 107, 14, 24/01/2017
455, 182, 242, 17, DOC. IDENTIDADE/ÓRG EMISSOR UF
446, 201, 96, 13, 653211934
638, 204, 31, 12, SES
763, 206, 17, 9, MT
455, 292, 67, 16, FILIAÇÃO
445, 312, 261, 12, FURUIE HIGINO KAWAUCHE
448, 359, 186, 12, EMI CHEUNG TOLOSA
