128, 119, 39, 13, NOME
123, 134, 178, 9, KOYAMA BUCHELE BESSE
361, 209, 27, 15, CPF
354, 224, 138, 15, 070.870.114-05
585, 371, 48, 17, CAT. HAB.
599, 393, 17, 8, AB
488, 426, 87, 15, 1ª HABILITAÇÃO
501, 443, 87, 11, 26/03/1986
342, 426, 53, 15, VALIDADE
349, 443, 86, 12, 30/08/2013
121, 424, 76, 17, Nº REGISTRO
149, 443, 104, 12, 71955477521
16, 299, 17, 135, VÁLIDA EM TODO
-1, 69, 182, 24, 235894149
534, 210, 101, 12, DATA NASCIMENTO
527, 225, 97, 14, 18/06/2016
361, 161, 192, 15, DOC. IDENTIDADE/ÓRG EMISSOR UF
506, 180, 21, 9, SJS
358, 179, 68, 10, 928991891
607, 180, 16, 9, GO
365, 252, 51, 16, FILIAÇÃO
358, 273, 141, 8, KANAE BOLDRIN REZK
356, 291, 70, 10, CARDOSO
356, 310, 178, 10, AVELLAR SALLES MERET
358, 329, 67, 10, REZENDE
