129, 119, 39, 13, NOME
123, 134, 215, 9, VALDILEI GRAVINA JULIVAL
362, 209, 27, 15, CPF
356, 224, 137, 16, 965.937.199-35
586, 371, 48, 17, CAT. HAB.
601, 393, 7, 9, E
489, 426, 87, 15, 1ª HABILITAÇÃO
502, 443, 87, 11, 19/09/1988
343, 426, 53, 15, VALIDADE
349, 443, 87, 12, 01/03/1964
122, 424, 76, 17, Nº REGISTRO
149, 443, 107, 11, 91069755679
17, 299, 17, 135, VÁLIDA EM TODO
70, 304, 20, 165, 836159877
535, 210, 101, 12, DATA NASCIMENTO
528, 225, 97, 14, 21/09/2009
362, 161, 192, 15, DOC. IDENTIDADE/ÓRG EMISSOR UF
507, 180, 22, 9, SEJ
359, 178, 70, 10, 992537083
608, 181, 15, 7, SP
366, 252, 51, 16, FILIAÇÃO
359, 273, 174, 8, DHEINNY SHINODA SZNIFE
358, 291, 38, 10, LIMA
357, 310, 179, 10, FOGACCIA BOLLINI STO
359, 329, 67, 10, REZENDE
