145, 97, 37, 15, NOME
141, 117, 260, 10, JORGETTO FELICISSIMO BORTOLOT
384, 191, 28, 16, CPF
381, 210, 122, 20, 038.714.829-94
610, 365, 54, 16, CAT. HAB.
622, 388, 8, 9, A
516, 420, 91, 16, 1ª HABILITAÇÃO
519, 434, 97, 20, 19/04/1984
361, 419, 59, 14, VALIDADE
356, 436, 97, 13, 28/10/2017
136, 415, 76, 21, Nº REGISTRO
136, 435, 115, 13, 79139458081
420, 289, -129, 138, VÁLIDA EM TODO
50, 262, 24, 191, 596633501
553, 191, 101, 17, DATA NASCIMENTO
555, 217, 97, 13, 14/12/2003
386, 146, 208, 17, DOC. IDENTIDADE/ÓRG EMISSOR/UF
380, 162, 125, 14, 449698695 POM CE
388, 238, 51, 15, FILIAÇÃO
380, 264, 207, 14, KORKISCHKO FINZI FLOR
378, 314, 177, 11, BESTLE SADAO ASSIS
381, 338, 62, 9, RIBEIRO
