144, 123, 49, 17, NOME
133, 144, 238, 12, PIEROTE SOFF SCANDAR
427, 223, 32, 18, CPF
407, 245, 165, 15, 036.357.984-28
682, 412, 71, 15, CAT. HAB.
707, 434, 10, 10, B
615, 462, 117, 19, 1ª HABILITAÇÃO
601, 481, 127, 16, 25/06/1950
445, 465, 71, 16, VALIDADE
406, 481, 125, 16, 29/08/2011
143, 465, 91, 15, Nº REGISTRO
161, 483, 136, 14, 19584955381
15, 324, 20, 156, VÁLIDA EM TODO
63, 341, 25, 179, 21322447
625, 224, 137, 17, DATA NASCIMENTO
622, 244, 105, 14, 22/09/2011
428, 171, 258, 19, DOC. IDENTIDADE/ÓRG EMISSOR UF
410, 193, 190, 13, 419229966 POM PB
427, 275, 68, 17, FILIAÇÃO
410, 300, 204, 12, JAMIL LEYLA UCHOA
416, 354, 261, 12, FRONCILLO SCOCHI SANMY
413, 385, 64, 11, NOVAES
