121, 112, 40, 16, NOME
113, 127, 180, 10, TANURI GALON ZEILA
358, 204, 22, 13, CPF
346, 217, 151, 13, 488.134.306-80
581, 364, 45, 17, CAT. HAB.
593, 384, 8, 10, B
483, 418, 87, 17, 1ª HABILITAÇÃO
497, 434, 108, 14, 04/04/2003
337, 418, 60, 16, VALIDADE
340, 435, 97, 12, 12/03/1993
117, 418, 73, 16, Nº REGISTRO
144, 435, 129, 13, 50268286330
17, 287, 16, 139, VÁLIDA EM TODO
56, 298, 19, 147, 371946881
525, 201, 104, 13, DATA NASCIMENTO
516, 217, 97, 13, 25/11/2003
352, 153, 189, 17, DOC. IDENTIDADE/ÓRG EMISSOR UF
350, 173, 87, 11, 650219090
499, 172, 26, 9, SDS
595, 171, 20, 9, MG
359, 245, 55, 16, FILIAÇÃO
350, 263, 203, 12, BUONICONTI BATHOL
349, 283, 54, 11, VIANA
349, 302, 248, 13, KOMODA LAURENTIIS JAQUIER
350, 320, 88, 11, CARVALHO
