126, 97, 40, 19, NOME
122, 119, 195, 9, AUBERT RONALDO SHINKAI
356, 189, 30, 15, CPF
352, 211, 124, 12, 646.206.602-48
566, 357, 53, 16, CAT. HAB.
577, 380, 20, 11, AB
480, 410, 80, 15, 1ª HABILITAÇÃO
487, 426, 86, 12, 18/08/2000
337, 410, 57, 14, VALIDADE
330, 425, 95, 12, 13/08/1964
129, 408, 70, 16, Nº REGISTRO
140, 424, 119, 12, 07008398370
9, 282, 20, 143, VÁLIDA EM TODO
50, 284, 23, 165, 817191308
517, 191, 101, 15, DATA NASCIMENTO
514, 210, 91, 13, 03/09/1961
359, 143, 202, 16, DOC. IDENTIDADE/ÓRG EMISSOR/UF
354, 162, 158, 13, 510609569 POM SP
359, 234, 51, 17, FILIAÇÃO
353, 261, 185, 9, ZAGATTI BASON BENASSI
352, 283, 59, 10, MORAES
352, 307, 196, 10, VICTALINO MACETA FOTOR
351, 331, 38, 9, NUNES
