117, 93, 36, 14, NOME
109, 111, 197, 10, HEIN JERONIMO PIOVEZ
349, 188, 28, 12, CPF
339, 201, 136, 12, 133.930.016-80
571, 350, 55, 14, CAT. HAB.
583, 368, 9, 9, A
471, 400, 88, 16, 1ª HABILITAÇÃO
483, 419, 106, 13, 14/01/2005
327, 400, 56, 18, VALIDADE
335, 419, 97, 13, 13/08/1959
111, 398, 70, 17, Nº REGISTRO
136, 416, 118, 13, 60537516290
8, 288, 19, 139, VÁLIDA EM TODO
57, 267, 20, 166, 055079488
519, 184, 105, 16, DATA NASCIMENTO
512, 203, 95, 12, 10/03/2011
350, 140, 191, 13, DOC. IDENTIDADE/ÓRG EMISSOR UF
343, 155, 88, 11, 489411368
492, 156, 28, 10, POM
591, 159, 15, 8, PR
352, 229, 52, 13, FILIAÇÃO
342, 249, 186, 10, SALMAZO MICAELA CRI
341, 268, 39, 9, ROCHA
340, 286, 187, 10, SPIGOSSO MARTINA JILM
341, 304, 64, 14, DA PAZ
