154, 117, 57, 18, NOME
153, 139, 226, 11, SZASZ MULATO FERNOCHI
462, 222, 34, 21, CPF
450, 245, 179, 16, 083.740.410-05
751, 419, 63, 20, CAT. HAB.
771, 445, 10, 12, A
628, 483, 108, 22, 1ª HABILITAÇÃO
641, 505, 117, 15, 28/05/1995
440, 486, 68, 16, VALIDADE
442, 504, 125, 16, 31/12/1982
159, 484, 95, 22, Nº REGISTRO
195, 506, 139, 14, 56539974056
21, 353, 21, 160, VÁLIDA EM TODO
75, 336, 30, 200, 701145151
682, 227, 131, 17, DATA NASCIMENTO
676, 244, 117, 16, 22/01/2013
459, 168, 245, 22, DOC. IDENTIDADE/ÓRG EMISSOR UF
643, 191, 26, 10, SES
775, 190, 17, 11, PI
452, 188, 107, 13, 773390650
467, 279, 67, 19, FILIAÇÃO
454, 300, 259, 13, SADRIANO PINEDA MAIO
454, 323, 62, 13, ALVES
454, 349, 227, 11, HOCHUN REBECA MIYAUTI
459, 371, 71, 12, DUARTE
