116, 92, 36, 14, NOME
107, 110, 199, 10, TAKETOMI BRUNETTE MA
348, 187, 28, 12, CPF
337, 200, 138, 12, 073.683.489-34
570, 349, 55, 14, CAT. HAB.
581, 367, 10, 10, C
470, 399, 88, 16, 1ª HABILITAÇÃO
482, 418, 106, 13, 17/03/1963
326, 399, 56, 18, VALIDADE
333, 418, 98, 12, 06/09/1955
110, 397, 70, 17, Nº REGISTRO
130, 410, 123, 17, 17284403259
7, 287, 19, 139, VÁLIDA EM TODO
56, 265, 20, 166, 344897106
518, 183, 105, 16, DATA NASCIMENTO
511, 202, 96, 12, 14/10/1996
349, 139, 191, 13, DOC. IDENTIDADE/ÓRG EMISSOR UF
343, 154, 87, 12, 177124398
491, 155, 27, 10, SDS
590, 157, 15, 9, PA
351, 228, 52, 13, FILIAÇÃO
340, 248, 189, 10, TSUCHIE NATASKA CRU
339, 267, 47, 9, MORAES
338, 285, 187, 10, BOUABCI LUANDA RUBIAN
341, 303, 63, 11, SOARES
