135, 126, 58, 15, NOME
131, 143, 257, 10, TAKUSHI CUPERTINO TAKIISHI
434, 233, 35, 18, CPF
424, 251, 151, 13, 878.132.462-68
717, 425, 57, 19, CAT. HAB.
734, 448, 10, 12, A
588, 488, 114, 19, 1ª HABILITAÇÃO
610, 509, 98, 13, 01/06/1965
406, 487, 72, 18, VALIDADE
413, 506, 107, 14, 21/02/2007
133, 485, 91, 17, Nº REGISTRO
165, 502, 140, 14, 73651673578
10, 341, 23, 162, VÁLIDA EM TODO
67, 324, 24, 193, 546560207
649, 232, 124, 18, DATA NASCIMENTO
644, 251, 125, 16, 13/06/1979
435, 177, 246, 17, DOC. IDENTIDADE/ÓRG EMISSOR UF
431, 195, 96, 13, 467498878
621, 197, 30, 12, SDS
743, 199, 17, 10, RS
439, 285, 64, 15, FILIAÇÃO
427, 307, 208, 12, HOU MOLEIRO COLLINA
425, 348, 279, 14, JARUCHE ZANFERDINI F
427, 374, 79, 10, DA ROCHA
