149, 127, 52, 17, NOME
141, 145, 217, 12, CLAUSER CARRI NICOLI
446, 230, 30, 16, CPF
429, 247, 167, 15, 537.990.924-80
729, 417, 58, 21, CAT. HAB.
738, 441, 10, 11, D
603, 481, 111, 20, 1ª HABILITAÇÃO
622, 503, 108, 13, 08/08/2010
423, 485, 71, 17, VALIDADE
424, 503, 107, 15, 01/07/1962
149, 488, 91, 19, Nº REGISTRO
188, 505, 139, 14, 91727942068
19, 356, 22, 156, VÁLIDA EM TODO
72, 329, 32, 199, 136032271
658, 227, 130, 17, DATA NASCIMENTO
650, 245, 107, 14, 24/01/1958
444, 173, 237, 18, DOC. IDENTIDADE/ÓRG EMISSOR UF
621, 194, 28, 10, SNJ
743, 193, 18, 8, MG
438, 194, 96, 13, 809818784
442, 279, 74, 20, FILIAÇÃO
439, 304, 219, 10, BATELLO ZANARDI RZEPIA
439, 327, 78, 10, SILVEIRA
437, 347, 219, 12, KENITH FELIZALI BOSE
439, 371, 65, 12, DUARTE
