136, 105, 35, 15, NOME
132, 125, 258, 11, BELLINI BELLOMI CARPANESES
373, 202, 24, 16, CPF
364, 225, 110, 11, 850.971.881-44
590, 373, 53, 18, CAT. HAB.
598, 398, 15, 9, AB
492, 427, 91, 16, 1ª HABILITAÇÃO
497, 446, 97, 14, 17/05/1983
344, 423, 58, 20, VALIDADE
337, 443, 97, 12, 01/05/1965
129, 419, 76, 19, Nº REGISTRO
129, 434, 104, 16, 35926854131
19, 291, 19, 129, VÁLIDA EM TODO
60, 280, 21, 166, 694114455
535, 203, 103, 15, DATA NASCIMENTO
534, 227, 87, 12, 20/06/1970
373, 155, 205, 15, DOC. IDENTIDADE/ÓRG EMISSOR/UF
366, 177, 126, 10, 251582197 SEJ PR
369, 247, 55, 15, FILIAÇÃO
363, 274, 214, 12, MARCHESI RIGUERA NEKRYCZ
361, 322, 209, 10, CAPELARI FALCIN RANVA
363, 346, 43, 9, SOUZA
