137, 110, 40, 13, NOME
128, 132, 208, 10, AVELINY MISSUMI DAROS
376, 202, 28, 15, CPF
353, 219, 148, 13, 314.917.604-27
601, 372, 63, 15, CAT. HAB.
604, 392, 8, 9, D
538, 417, 107, 16, 1ª HABILITAÇÃO
521, 435, 108, 15, 04/05/2003
389, 418, 68, 16, VALIDADE
358, 436, 95, 12, 24/06/1991
138, 417, 87, 15, Nº REGISTRO
154, 436, 118, 13, 02614881535
12, 298, 19, 137, VÁLIDA EM TODO
52, 291, 20, 166, 059554128
541, 199, 126, 15, DATA NASCIMENTO
540, 219, 97, 12, 26/06/1980
377, 154, 242, 14, DOC. IDENTIDADE/ÓRG EMISSOR/UF
352, 171, 166, 11, 389558515 SESP RS
375, 247, 63, 16, FILIAÇÃO
349, 268, 225, 10, FEDRIZZI CARIOCA MASAMI
349, 316, 261, 12, GUARDIA EDIMAR ZAVITOSKI
351, 340, 41, 11, LIMA
