137, 105, 35, 15, NOME
133, 125, 256, 11, RAUAN CHIARAMELLI PIEROZZI
374, 202, 24, 16, CPF
366, 225, 109, 11, 410.449.173-00
591, 373, 53, 18, CAT. HAB.
599, 398, 5, 9, D
493, 427, 91, 16, 1ª HABILITAÇÃO
499, 445, 96, 17, 30/05/1984
345, 423, 58, 20, VALIDADE
338, 442, 95, 13, 18/06/1961
130, 419, 76, 19, Nº REGISTRO
129, 439, 107, 11, 99210677503
20, 291, 19, 129, VÁLIDA EM TODO
61, 280, 21, 166, 555884215
536, 203, 103, 15, DATA NASCIMENTO
535, 227, 87, 11, 07/10/1985
374, 155, 205, 15, DOC. IDENTIDADE/ÓRG EMISSOR/UF
363, 176, 131, 10, 378462532 SNJ PB
370, 247, 55, 15, FILIAÇÃO
365, 274, 142, 9, RALISCH TAH CESE
363, 322, 168, 10, NIVEA LINN HERMAN
363, 346, 79, 9, RODRIGUES
