146, 129, 56, 13, NOME
141, 146, 298, 16, COLIN DESTEFANO QUIREZA
455, 235, 32, 18, CPF
442, 256, 151, 14, 837.629.283-80
740, 436, 61, 19, CAT. HAB.
755, 459, 9, 8, D
614, 497, 112, 19, 1ª HABILITAÇÃO
627, 519, 107, 14, 10/06/2002
423, 497, 71, 16, VALIDADE
424, 515, 117, 17, 09/09/1982
143, 494, 91, 17, Nº REGISTRO
177, 512, 139, 14, 96603318314
20, 347, 17, 162, VÁLIDA EM TODO
80, 339, 31, 202, 262612878
676, 241, 127, 14, DATA NASCIMENTO
665, 258, 107, 15, 20/12/1982
455, 182, 242, 17, DOC. IDENTIDADE/ÓRG EMISSOR UF
447, 201, 95, 13, 770120787
638, 204, 31, 12, SJS
765, 207, 15, 7, SP
455, 292, 67, 16, FILIAÇÃO
443, 312, 276, 12, CERA TORRALVO CAMPANHAO
448, 359, 262, 12, DARIUS MASSAO SCHUCHMANN
