130, 115, 35, 17, NOME
124, 137, 206, 15, MASSAITI NORMANDIA COLE
372, 213, 27, 15, CPF
366, 237, 136, 11, 416.023.199-36
594, 390, 54, 17, CAT. HAB.
601, 416, 10, 10, C
497, 444, 92, 19, 1ª HABILITAÇÃO
497, 465, 98, 13, 07/10/1953
346, 444, 63, 16, VALIDADE
341, 463, 106, 15, 16/01/1969
126, 444, 77, 15, Nº REGISTRO
127, 462, 127, 13, 19240892952
13, 306, 17, 141, VÁLIDA EM TODO
52, 307, 20, 166, 574487684
544, 213, 106, 17, DATA NASCIMENTO
541, 237, 108, 14, 05/12/1969
374, 161, 215, 19, DOC. IDENTIDADE/ÓRG EMISSOR/UF
370, 187, 157, 12, 648860486 SDS MS
371, 262, 57, 17, FILIAÇÃO
366, 289, 217, 14, POLEZZE GIOVANE FOGAGN
366, 316, 38, 9, SILVA
363, 339, 220, 12, CECON REIFF PIEROBOM
367, 365, 57, 10, SOARES
