121, 109, 41, 13, NOME
115, 124, 227, 10, ODISSEUS CALIFE CIOCCHI
354, 202, 28, 12, CPF
344, 216, 138, 14, 057.936.976-59
579, 363, 47, 17, CAT. HAB.
590, 383, 7, 9, E
477, 417, 89, 13, 1ª HABILITAÇÃO
495, 433, 108, 14, 06/12/1966
335, 416, 55, 15, VALIDADE
339, 427, 97, 18, 12/04/1954
113, 415, 73, 14, Nº REGISTRO
141, 431, 95, 10, 42522131111
11, 298, 17, 135, VÁLIDA EM TODO
54, 282, 20, 165, 977710267
526, 203, 103, 13, DATA NASCIMENTO
519, 217, 97, 13, 24/11/1967
357, 152, 192, 15, DOC. IDENTIDADE/ÓRG EMISSOR UF
348, 170, 79, 10, 544300048
500, 172, 22, 8, SSP
597, 173, 17, 9, SC
355, 245, 56, 15, FILIAÇÃO
350, 263, 187, 10, PIERA LUTKE PACHLER
350, 302, 150, 9, SILLOS MILAN JOON
350, 320, 43, 9, RAMOS
