137, 108, 36, 13, NOME
133, 129, 257, 10, ZAPPAROLLI POPPA STRONGREN
374, 206, 25, 13, CPF
368, 228, 137, 12, 511.260.485-93
591, 376, 55, 18, CAT. HAB.
597, 402, 7, 8, A
495, 430, 91, 18, 1ª HABILITAÇÃO
496, 450, 107, 13, 17/06/1993
344, 425, 60, 21, VALIDADE
339, 445, 95, 14, 21/05/2011
128, 424, 77, 17, Nº REGISTRO
127, 443, 106, 11, 78980112165
8, 300, 17, 143, VÁLIDA EM TODO
48, 280, 23, 182, 931452820
539, 204, 106, 20, DATA NASCIMENTO
536, 229, 96, 15, 22/04/1980
375, 157, 206, 19, DOC. IDENTIDADE/ÓRG EMISSOR/UF
367, 180, 157, 11, 410654899 SJS RS
372, 252, 52, 16, FILIAÇÃO
364, 276, 151, 10, CILURZO VIEIRADES
366, 301, 57, 10, FARIAS
363, 325, 157, 10, TAVERNA RELVA TI
364, 350, 53, 9, MENDES
