137, 109, 40, 13, NOME
129, 131, 217, 11, PERRACINI CESARIN BOHN
376, 201, 28, 15, CPF
351, 218, 151, 13, 959.174.387-49
601, 371, 63, 15, CAT. HAB.
604, 391, 8, 9, D
538, 416, 107, 16, 1ª HABILITAÇÃO
522, 434, 107, 15, 11/10/1999
389, 417, 68, 16, VALIDADE
358, 434, 97, 13, 15/11/1967
138, 416, 87, 15, Nº REGISTRO
155, 435, 118, 13, 85652622386
12, 297, 19, 137, VÁLIDA EM TODO
52, 290, 20, 165, 820437862
541, 198, 126, 15, DATA NASCIMENTO
540, 218, 97, 12, 15/10/2014
377, 153, 242, 14, DOC. IDENTIDADE/ÓRG EMISSOR/UF
352, 170, 156, 11, 348900235 SJS SP
375, 246, 63, 16, FILIAÇÃO
349, 267, 227, 10, ZAMBRANA CARLOMAGNO MOS
351, 315, 241, 12, PALTRINIERI BRAS SECAF
349, 339, 65, 11, VIEIRA
