133, 111, 40, 18, NOME
131, 135, 240, 15, GRACIANGELA ADALTO FAARA
376, 210, 27, 15, CPF
373, 233, 122, 11, 753.634.575-55
602, 383, 57, 17, CAT. HAB.
611, 408, 6, 8, D
506, 439, 90, 14, 1ª HABILITAÇÃO
508, 455, 107, 15, 17/11/2002
350, 435, 63, 18, VALIDADE
349, 453, 97, 15, 11/07/2017
131, 431, 76, 17, Nº REGISTRO
127, 453, 95, 10, 70148018048
8, 301, 21, 134, VÁLIDA EM TODO
49, 310, 19, 158, 788351269
544, 209, 105, 15, DATA NASCIMENTO
545, 233, 86, 12, 30/11/1983
374, 163, 212, 13, DOC. IDENTIDADE/ÓRG EMISSOR/UF
371, 186, 141, 12, 787035427 SSP SC
376, 257, 53, 14, FILIAÇÃO
372, 283, 167, 10, STAIBANO ANZUATEG
370, 308, 46, 8, NOVAES
368, 332, 228, 10, TAROUCO BETTINA ZISKIND
370, 356, 59, 10, MENDES
