126, 97, 40, 19, NOME
122, 119, 215, 9, BIGELI BEGHELLI MARRETTO
356, 189, 30, 15, CPF
352, 211, 124, 12, 658.626.062-03
566, 357, 53, 16, CAT. HAB.
577, 380, 9, 11, B
480, 410, 80, 15, 1ª HABILITAÇÃO
487, 426, 87, 12, 10/03/1997
337, 410, 57, 14, VALIDADE
330, 425, 95, 12, 15/04/2012
129, 408, 70, 16, Nº REGISTRO
141, 424, 117, 12, 98772596422
9, 282, 20, 143, VÁLIDA EM TODO
50, 283, 20, 182, 160941393
517, 191, 101, 15, DATA NASCIMENTO
519, 210, 86, 12, 24/06/2020
359, 143, 202, 16, DOC. IDENTIDADE/ÓRG EMISSOR/UF
355, 164, 157, 11, 935160255 SNJ MA
359, 234, 51, 17, FILIAÇÃO
346, 259, 202, 11, NAKAZONE SOLIMEO ROSEN
352, 283, 59, 10, MORAES
353, 307, 196, 10, GONTIJO KAVAGUTI FAGIO
350, 331, 39, 9, JESUS
