123, 101, 38, 13, NOME
117, 115, 208, 11, MAININE NANO BOUCAULT
359, 193, 27, 13, CPF
349, 206, 152, 13, 806.737.173-30
581, 355, 48, 15, CAT. HAB.
593, 376, 7, 9, E
483, 407, 87, 16, 1ª HABILITAÇÃO
496, 425, 107, 13, 12/06/1982
338, 409, 55, 13, VALIDADE
345, 425, 97, 13, 24/07/1979
121, 409, 72, 13, Nº REGISTRO
150, 423, 115, 14, 79339061131
18, 285, 19, 135, VÁLIDA EM TODO
64, 293, 21, 178, 128017483
527, 194, 103, 14, DATA NASCIMENTO
522, 208, 96, 14, 11/01/1962
358, 144, 188, 17, DOC. IDENTIDADE/ÓRG EMISSOR UF
355, 161, 86, 11, 769909115
501, 164, 24, 7, SSP
601, 164, 15, 7, SP
360, 232, 56, 16, FILIAÇÃO
354, 254, 177, 10, FRANCCO MUSLIN VIU
354, 292, 188, 12, GERA PALMISANO GU
352, 310, 76, 11, MARTINS
