123, 114, 39, 14, NOME
117, 130, 257, 10, PARADELLA GUIMARAES BESSON
357, 206, 25, 12, CPF
347, 220, 152, 12, 874.380.403-99
581, 368, 49, 13, CAT. HAB.
591, 387, 9, 9, A
481, 422, 89, 13, 1ª HABILITAÇÃO
498, 438, 86, 16, 07/08/1976
337, 423, 54, 13, VALIDADE
342, 437, 97, 14, 26/11/2006
122, 421, 71, 16, Nº REGISTRO
149, 438, 107, 15, 51283847678
18, 299, 17, 129, VÁLIDA EM TODO
62, 280, 21, 175, 490628820
525, 204, 105, 14, DATA NASCIMENTO
520, 220, 98, 18, 04/01/2019
357, 157, 186, 15, DOC. IDENTIDADE/ÓRG EMISSOR UF
501, 174, 25, 10, SEJ
353, 170, 78, 14, 047776468
596, 175, 18, 7, GO
361, 247, 54, 15, FILIAÇÃO
350, 268, 247, 10, PASCHOALINO DELFINO MARGA
351, 306, 146, 11, SERRAMBANA IGOR 
350, 324, 48, 10, SALES
