114, 104, 38, 13, NOME
109, 120, 218, 10, SCRICH USHISIMA AJONAS
347, 195, 26, 13, CPF
340, 210, 138, 12, 445.213.329-00
573, 357, 47, 16, CAT. HAB.
582, 378, 18, 10, AB
473, 412, 89, 15, 1ª HABILITAÇÃO
487, 428, 96, 14, 01/01/1977
325, 410, 59, 18, VALIDADE
335, 429, 95, 17, 28/08/1961
114, 412, 67, 15, Nº REGISTRO
138, 430, 105, 16, 68012407151
13, 295, 16, 134, VÁLIDA EM TODO
58, 299, 19, 147, 728052611
520, 196, 98, 12, DATA NASCIMENTO
510, 210, 87, 12, 22/11/2000
349, 149, 185, 13, DOC. IDENTIDADE/ÓRG EMISSOR UF
343, 163, 77, 10, 436135632
493, 165, 27, 10, SNJ
590, 166, 17, 9, RS
351, 237, 53, 15, FILIAÇÃO
344, 257, 209, 11, DANICH CIEPLINSKI SUM
345, 296, 167, 14, PEIG MASSAE PETROLI
341, 313, 40, 10, MELO
