148, 128, 52, 17, NOME
140, 146, 264, 12, MATSUKURA RODENAS OTAVIA
445, 231, 30, 16, CPF
429, 248, 166, 15, 013.369.229-90
728, 418, 58, 21, CAT. HAB.
737, 442, 12, 11, C
602, 482, 111, 20, 1ª HABILITAÇÃO
623, 499, 106, 19, 14/03/1985
422, 486, 71, 17, VALIDADE
424, 504, 106, 14, 25/11/2017
148, 489, 91, 19, Nº REGISTRO
186, 506, 140, 14, 06388364167
18, 357, 22, 156, VÁLIDA EM TODO
71, 328, 32, 202, 024797526
657, 228, 130, 17, DATA NASCIMENTO
649, 246, 107, 14, 28/04/2002
443, 174, 237, 18, DOC. IDENTIDADE/ÓRG EMISSOR UF
620, 195, 38, 10, SESP
744, 195, 15, 7, PR
437, 195, 95, 13, 187485215
441, 280, 74, 20, FILIAÇÃO
437, 305, 209, 10, GAISHI IMURA SILVIANE
437, 328, 69, 10, RIBEIRO
435, 348, 220, 12, TSUKUMO BRANAS SUNAO
437, 372, 88, 12, MONTEIRO
