132, 112, 40, 18, NOME
130, 136, 210, 10, THOMAZI GURY TERUHIRO
375, 211, 27, 15, CPF
371, 234, 123, 11, 028.960.945-39
601, 384, 57, 17, CAT. HAB.
610, 409, 7, 9, E
505, 440, 90, 14, 1ª HABILITAÇÃO
507, 456, 107, 15, 11/10/2016
349, 436, 63, 18, VALIDADE
348, 453, 97, 15, 26/09/1988
130, 432, 76, 17, Nº REGISTRO
125, 454, 96, 10, 10788226403
7, 302, 21, 134, VÁLIDA EM TODO
48, 312, 19, 157, 518212407
543, 210, 105, 15, DATA NASCIMENTO
543, 234, 87, 13, 05/12/2009
373, 164, 212, 13, DOC. IDENTIDADE/ÓRG EMISSOR/UF
368, 187, 142, 10, 505616506 POF SE
375, 258, 53, 14, FILIAÇÃO
369, 284, 169, 10, MASTROPASCHOA MAN
369, 309, 38, 8, NUNES
367, 332, 217, 11, TERAN GABRIELLY FAELLI
369, 357, 59, 10, MORAES
