114, 107, 39, 14, NOME
107, 122, 199, 11, CAPARICA PIZZATO GILBERTI
348, 196, 29, 16, CPF
341, 212, 136, 11, 668.233.554-76
576, 359, 46, 14, CAT. HAB.
581, 378, 8, 10, E
473, 410, 90, 16, 1ª HABILITAÇÃO
490, 429, 96, 18, 12/07/1986
332, 412, 52, 15, VALIDADE
334, 431, 87, 13, 23/01/1954
112, 412, 68, 17, Nº REGISTRO
139, 433, 105, 13, 66289966671
10, 287, 17, 139, VÁLIDA EM TODO
49, 311, 23, 139, 568501777
521, 194, 100, 15, DATA NASCIMENTO
514, 211, 87, 12, 20/05/2004
348, 152, 189, 12, DOC. IDENTIDADE/ÓRG EMISSOR UF
341, 166, 77, 10, 087401320
494, 166, 27, 10, SNJ
591, 165, 15, 9, PA
350, 241, 55, 12, FILIAÇÃO
343, 259, 178, 9, WALDNER WIERMANN FON
343, 296, 197, 12, AILLON GAGLIARDI D
