134, 107, 39, 16, NOME
129, 127, 197, 9, WOO GALLASSI ANDREAZZA
373, 204, 25, 15, CPF
365, 226, 136, 13, 276.486.957-66
591, 375, 51, 16, CAT. HAB.
597, 399, 6, 8, E
495, 426, 87, 18, 1ª HABILITAÇÃO
336, 443, 108, 14, 08/11/2015
343, 426, 61, 16, VALIDADE
538, 229, 87, 11, 16/05/1996
129, 420, 77, 17, Nº REGISTRO
125, 440, 107, 11, 88443467830
18, 289, 21, 135, VÁLIDA EM TODO
59, 271, 22, 175, 026844729
536, 202, 103, 18, DATA NASCIMENTO
-1, 490, 36, 112, 11/07/1964
371, 158, 207, 16, DOC. IDENTIDADE/ÓRG EMISSOR/UF
367, 178, 158, 11, 132239437 POF AL
371, 249, 51, 18, FILIAÇÃO
366, 275, 216, 10, IGNA GUARALDO BOUSKELA
361, 323, 191, 9, MARICHAL GIBRAN MARGARIT
361, 347, 39, 10, ALVES
