125, 115, 37, 12, NOME
114, 133, 249, 11, VALENCIANO LAILAH CIOBOTA
361, 206, 24, 15, CPF
344, 225, 136, 12, 384.426.216-44
570, 374, 54, 15, CAT. HAB.
586, 395, 16, 9, AB
517, 422, 92, 13, 1ª HABILITAÇÃO
506, 437, 106, 14, 23/04/2012
374, 420, 57, 14, VALIDADE
344, 437, 96, 15, 10/02/2007
128, 421, 75, 16, Nº REGISTRO
146, 439, 118, 12, 85491350579
15, 292, 18, 137, VÁLIDA EM TODO
63, 300, 21, 178, 821144606
521, 206, 106, 16, DATA NASCIMENTO
520, 219, 97, 20, 08/07/1976
362, 160, 208, 16, DOC. IDENTIDADE/ÓRG EMISSOR/UF
494, 180, 24, 9, SJS
342, 178, 70, 11, 109699695
572, 181, 16, 7, GO
359, 254, 53, 15, FILIAÇÃO
350, 274, 169, 10, TATIANE SON JOSEF
349, 324, 210, 10, MOHALLEM MASTABI MIYA
349, 349, 58, 10, SANTOS
