112, 112, 38, 13, NOME
107, 127, 279, 10, ROSENBERG SCHIAVETTO MILHINA
341, 203, 32, 11, CPF
336, 216, 137, 13, 194.278.800-23
570, 362, 51, 18, CAT. HAB.
582, 382, 18, 10, AB
474, 418, 91, 13, 1ª HABILITAÇÃO
488, 433, 96, 13, 28/11/1954
327, 416, 54, 15, VALIDADE
329, 433, 97, 13, 05/09/1960
106, 417, 75, 15, Nº REGISTRO
132, 434, 116, 12, 74907991774
7, 287, 18, 136, VÁLIDA EM TODO
57, 313, 19, 160, 847685405
518, 201, 99, 13, DATA NASCIMENTO
508, 214, 98, 13, 24/12/1989
344, 155, 189, 12, DOC. IDENTIDADE/ÓRG EMISSOR UF
586, 166, 18, 10, RN
486, 169, 22, 8, POM
337, 169, 87, 11, 609367420
350, 244, 51, 16, FILIAÇÃO
339, 258, 228, 14, MIRABILE VALDINEI BRACC
339, 298, 187, 12, MITSUKA CASSIMIRA
341, 321, 97, 11, CAVALCANTI
