137, 109, 40, 13, NOME
128, 130, 269, 12, LARIOS PARLAMENTO SHIMABUKO
376, 201, 28, 15, CPF
352, 218, 148, 13, 190.827.492-11
601, 371, 63, 15, CAT. HAB.
604, 390, 19, 10, AB
538, 416, 107, 16, 1ª HABILITAÇÃO
522, 434, 107, 15, 10/02/1966
389, 417, 68, 16, VALIDADE
358, 434, 97, 13, 14/11/1967
138, 416, 87, 15, Nº REGISTRO
155, 435, 118, 13, 55745316474
12, 297, 19, 137, VÁLIDA EM TODO
52, 292, 20, 164, 043623341
541, 198, 126, 15, DATA NASCIMENTO
539, 218, 96, 12, 06/06/1991
377, 153, 242, 14, DOC. IDENTIDADE/ÓRG EMISSOR/UF
351, 170, 167, 11, 602041181 SESP MG
375, 246, 63, 16, FILIAÇÃO
349, 267, 207, 10, FIUMARO ERCOLE DOACIR
350, 315, 218, 12, KOPEL SANABRIA KLAAS
351, 339, 63, 11, FARIAS
