118, 114, 40, 15, NOME
111, 129, 159, 9, ELENO SOLAI SHINJI
350, 202, 25, 15, CPF
343, 218, 136, 12, 950.774.829-69
575, 366, 48, 15, CAT. HAB.
586, 385, 8, 11, C
477, 421, 87, 13, 1ª HABILITAÇÃO
491, 434, 106, 15, 14/03/1984
334, 421, 55, 15, VALIDADE
334, 437, 87, 12, 12/04/1998
116, 419, 68, 15, Nº REGISTRO
141, 438, 108, 16, 84842023940
18, 295, 17, 127, VÁLIDA EM TODO
63, 295, 20, 166, 823020589
522, 203, 100, 13, DATA NASCIMENTO
515, 217, 96, 13, 12/05/2012
350, 155, 188, 15, DOC. IDENTIDADE/ÓRG EMISSOR UF
495, 171, 22, 10, SEJ
591, 171, 18, 10, MG
346, 172, 68, 10, 461131225
352, 246, 54, 18, FILIAÇÃO
345, 264, 207, 12, BERTAN DOROTHOTO SH
346, 302, 230, 12, BRETTAS LINGUANOTTO V
