116, 116, 38, 12, NOME
107, 130, 226, 11, NYSSEN MURILLO BRUNELLI
347, 207, 27, 13, CPF
340, 221, 137, 11, 183.889.892-19
572, 371, 49, 16, CAT. HAB.
582, 390, 8, 9, C
475, 423, 86, 15, 1ª HABILITAÇÃO
486, 435, 98, 18, 04/10/1987
327, 423, 54, 13, VALIDADE
334, 436, 95, 18, 22/11/1961
111, 419, 71, 17, Nº REGISTRO
139, 438, 118, 13, 69906926036
15, 296, 15, 135, VÁLIDA EM TODO
57, 332, 18, 139, 122213525
519, 206, 100, 14, DATA NASCIMENTO
513, 221, 87, 16, 26/07/1959
349, 159, 187, 15, DOC. IDENTIDADE/ÓRG EMISSOR UF
492, 178, 22, 8, SDS
590, 178, 15, 9, SE
344, 176, 69, 10, 903302512
349, 251, 54, 15, FILIAÇÃO
342, 268, 219, 10, MANSO MONFORTE LUIZETT
343, 307, 186, 10, VILARES PALTRINIERI 
