236, 253, 92, 39, NOME
221, 298, 545, 22, ESPINHA FRAGOZO RUTKOWSKI
778, 472, 63, 33, CPF
763, 507, 344, 27, 423.863.811-53
1279, 840, 111, 31, CAT. HAB.
1302, 882, 20, 22, E
1060, 962, 196, 29, 1ª HABILITAÇÃO
1104, 986, 243, 37, 17/07/1955
744, 963, 118, 25, VALIDADE
746, 995, 224, 31, 07/06/2010
232, 961, 166, 33, Nº REGISTRO
298, 1002, 214, 23, 99930334156
5, 682, 33, 309, VÁLIDA EM TODO
100, 651, 48, 387, 243475738
1162, 472, 236, 33, DATA NASCIMENTO
1150, 510, 203, 27, 18/05/2000
781, 363, 431, 37, DOC. IDENTIDADE/ÓRG EMISSOR UF
763, 403, 191, 24, 687403115
1098, 408, 48, 17, SDS
1321, 402, 46, 23, MA
788, 571, 118, 37, FILIAÇÃO
763, 614, 483, 21, THEREZINHA TROCA KARAV
762, 655, 121, 24, PORTO
759, 695, 456, 27, MOLINO CANCHERINI
767, 741, 172, 24, PEREIRA
