114, 116, 40, 15, NOME
108, 131, 258, 12, KORITIAKI BIANCARDI BERIMB
350, 206, 27, 16, CPF
342, 221, 150, 12, 608.231.308-94
345, 371, 64, 13, PERMISSÃO
342, 379, 106, 20, PERMISSÃO
575, 367, 51, 17, CAT. HAB.
581, 388, 8, 10, E
477, 420, 85, 15, 1ª HABILITAÇÃO
483, 438, 98, 14, 05/12/2004
327, 422, 61, 14, VALIDADE
329, 435, 98, 18, 25/11/1970
111, 421, 72, 17, Nº REGISTRO
137, 440, 106, 11, 39273436827
8, 298, 19, 146, VÁLIDA EM TODO
55, 310, 24, 147, 113861310
523, 204, 97, 15, DATA NASCIMENTO
510, 221, 96, 13, 10/09/1968
346, 157, 193, 16, DOC. IDENTIDADE/ÓRG EMISSOR UF
344, 177, 76, 10, 313134960
492, 177, 24, 9, SJS
589, 177, 15, 7, SP
351, 248, 55, 17, FILIAÇÃO
343, 268, 188, 11, POSTIGLIONE ISHIVAT
343, 283, 68, 15, PEIXOTO
346, 307, 217, 12, FERRARINI IAMARINO MAR
