156, 126, 49, 13, NOME
148, 137, 252, 12, KEITH DOROTHEIA PETRONE
444, 227, 39, 16, CPF
434, 244, 180, 19, 794.467.456-59
727, 418, 57, 17, CAT. HAB.
742, 438, 9, 11, D
600, 479, 110, 17, 1ª HABILITAÇÃO
618, 498, 108, 15, 05/02/1984
421, 484, 69, 15, VALIDADE
426, 500, 107, 14, 11/06/2010
145, 485, 91, 18, Nº REGISTRO
182, 503, 119, 14, 02020576224
21, 356, 23, 158, VÁLIDA EM TODO
77, 347, 23, 183, 169276856
659, 224, 126, 18, DATA NASCIMENTO
651, 242, 107, 20, 09/05/1994
448, 171, 236, 15, DOC. IDENTIDADE/ÓRG EMISSOR UF
626, 189, 27, 10, SJS
747, 188, 19, 10, MS
442, 191, 86, 11, 325829998
452, 277, 67, 17, FILIAÇÃO
439, 300, 239, 12, MARLON FALTIN FURUICHI
441, 323, 89, 13, MARTINS
438, 344, 253, 12, MITSUNARI EBLING RUBIAO
439, 368, 39, 10, LIMA
