102, 114, 41, 12, NOME
95, 131, 265, 11, PALUDETTO SALMASO IACONELLI
338, 202, 26, 17, CPF
329, 221, 135, 11, 376.124.099-68
563, 369, 45, 15, CAT. HAB.
572, 387, 8, 10, B
465, 422, 85, 15, 1ª HABILITAÇÃO
477, 439, 95, 12, 16/02/1951
319, 418, 57, 17, VALIDADE
321, 436, 97, 14, 02/05/2008
100, 416, 69, 20, Nº REGISTRO
129, 436, 107, 11, 66203921149
5, 287, 16, 140, VÁLIDA EM TODO
-1, 51, 159, 18, 959161361
509, 206, 99, 14, DATA NASCIMENTO
501, 220, 95, 12, 04/03/2001
333, 158, 199, 15, DOC. IDENTIDADE/ÓRG EMISSOR UF
335, 173, 86, 11, 336122044
483, 175, 27, 10, POF
577, 176, 17, 8, GO
341, 251, 53, 13, FILIAÇÃO
330, 269, 241, 9, TJANDRAATMADJA BENO PENHALV
333, 306, 198, 10, YOKOYA GENESTRETI SA
334, 324, 48, 10, SALES
