126, 98, 40, 19, NOME
122, 120, 197, 9, WITZLER JENNY FAZANARO
356, 190, 30, 15, CPF
352, 213, 124, 11, 888.084.587-09
566, 358, 53, 16, CAT. HAB.
577, 381, 8, 11, D
480, 411, 80, 15, 1ª HABILITAÇÃO
487, 427, 87, 12, 02/10/2017
337, 411, 57, 14, VALIDADE
330, 426, 96, 13, 12/02/1965
129, 409, 70, 16, Nº REGISTRO
141, 425, 117, 12, 86206877294
9, 283, 20, 143, VÁLIDA EM TODO
50, 284, 20, 166, 685758166
517, 192, 101, 15, DATA NASCIMENTO
519, 211, 86, 13, 15/08/1972
359, 144, 202, 16, DOC. IDENTIDADE/ÓRG EMISSOR/UF
354, 165, 158, 11, 471705329 POF SC
359, 235, 51, 17, FILIAÇÃO
350, 262, 181, 9, OZAKO MAGDALON SUANO
354, 284, 68, 10, PEIXOTO
352, 308, 195, 10, DELAROLE GUALANO NATAL
350, 332, 47, 9, CAMPOS
