148, 127, 52, 17, NOME
141, 145, 260, 12, NALDI BACARJI CAVALCANTI
445, 230, 30, 16, CPF
429, 247, 166, 15, 361.915.780-40
728, 417, 58, 21, CAT. HAB.
738, 441, 9, 11, A
602, 481, 111, 20, 1ª HABILITAÇÃO
622, 503, 107, 13, 23/01/1996
422, 485, 71, 17, VALIDADE
424, 503, 106, 15, 14/02/2004
148, 488, 91, 19, Nº REGISTRO
187, 505, 139, 14, 26187825175
18, 356, 22, 156, VÁLIDA EM TODO
71, 329, 32, 201, 249125004
657, 227, 130, 17, DATA NASCIMENTO
649, 245, 107, 14, 12/03/2009
443, 173, 237, 18, DOC. IDENTIDADE/ÓRG EMISSOR UF
620, 194, 28, 10, SDS
742, 193, 17, 8, GO
436, 194, 97, 13, 077313637
441, 279, 74, 20, FILIAÇÃO
439, 304, 217, 10, PERRELLA MENENDEZ JETR
437, 327, 59, 10, ARAUJO
435, 347, 283, 12, TORRAO CREPALDI PULCINELLI
437, 371, 66, 12, VIEIRA
