112, 112, 41, 15, NOME
108, 128, 207, 15, SUMITANI OTUBO SENDAY
344, 203, 30, 13, CPF
338, 219, 122, 12, 938.939.221-72
573, 366, 49, 14, CAT. HAB.
585, 384, 10, 10, C
476, 420, 82, 14, 1ª HABILITAÇÃO
483, 436, 112, 13, 31/08/1950
331, 420, 52, 15, VALIDADE
330, 435, 108, 13, 07/05/2009
108, 419, 74, 16, Nº REGISTRO
137, 436, 117, 12, 49344336922
9, 292, 19, 135, VÁLIDA EM TODO
56, 304, 19, 171, 619855019
517, 202, 105, 13, DATA NASCIMENTO
511, 218, 97, 13, 24/12/1965
346, 157, 188, 12, DOC. IDENTIDADE/ÓRG EMISSOR UF
488, 173, 24, 9, SES
343, 171, 69, 10, 765693227
589, 172, 18, 9, BA
349, 246, 54, 14, FILIAÇÃO
340, 266, 196, 9, ANDRINE DRIELI LOURETO
344, 303, 208, 10, LUVESUTO EMILIANA SPE
342, 323, 58, 10, DA LUZ
