127, 98, 40, 19, NOME
123, 119, 224, 10, OZILAK OTACILIO MENEGARIO
357, 190, 30, 15, CPF
353, 213, 123, 10, 675.859.221-91
567, 358, 53, 16, CAT. HAB.
578, 381, 9, 10, A
481, 411, 80, 15, 1ª HABILITAÇÃO
487, 427, 88, 13, 27/05/1968
338, 411, 57, 14, VALIDADE
331, 426, 95, 13, 17/11/1974
130, 409, 70, 16, Nº REGISTRO
140, 425, 119, 12, 37688077498
10, 283, 20, 143, VÁLIDA EM TODO
51, 285, 20, 165, 699823834
518, 192, 101, 15, DATA NASCIMENTO
515, 211, 91, 13, 08/01/1972
360, 144, 202, 16, DOC. IDENTIDADE/ÓRG EMISSOR/UF
354, 165, 159, 11, 806450125 POM MG
360, 235, 51, 17, FILIAÇÃO
352, 262, 198, 10, MARINALVA PETELINCAR V
354, 284, 88, 10, RODRIGUES
354, 308, 186, 10, SALVATI JUBRAN JORDON
351, 332, 39, 9, ALVES
