127, 111, 41, 19, NOME
121, 130, 281, 14, PAGLIARDE QUINHONE JUNQUEI
357, 210, 30, 11, CPF
348, 223, 152, 14, 040.310.194-83
579, 375, 58, 14, CAT. HAB.
594, 394, 8, 8, A
483, 426, 87, 15, 1ª HABILITAÇÃO
499, 443, 107, 16, 06/02/1962
336, 428, 66, 12, VALIDADE
339, 443, 98, 12, 09/12/1955
120, 426, 72, 12, Nº REGISTRO
144, 442, 105, 12, 76673735036
21, 296, 16, 140, VÁLIDA EM TODO
60, 311, 20, 177, 350078474
530, 209, 104, 14, DATA NASCIMENTO
523, 225, 97, 12, 04/10/1980
359, 159, 189, 19, DOC. IDENTIDADE/ÓRG EMISSOR UF
354, 178, 68, 9, 301102132
503, 180, 22, 7, SJS
602, 179, 18, 10, SP
360, 250, 57, 16, FILIAÇÃO
352, 272, 218, 10, NISHIKAVA CANCELA BASE
356, 289, 74, 11, PEREIRA
355, 311, 188, 15, POIANI CARRIDE AUTO
355, 329, 56, 10, SANTOS
