141, 110, 36, 15, NOME
134, 131, 206, 11, APOLO ZANATTO TORQUETTO
378, 205, 24, 14, CPF
373, 227, 109, 12, 907.374.488-14
595, 377, 55, 17, CAT. HAB.
606, 402, 9, 10, C
501, 434, 89, 15, 1ª HABILITAÇÃO
505, 450, 97, 13, 26/05/1995
351, 429, 59, 17, VALIDADE
347, 450, 98, 12, 05/06/2015
137, 427, 77, 16, Nº REGISTRO
134, 446, 106, 11, 21001241260
15, 307, 19, 135, VÁLIDA EM TODO
56, 311, 20, 165, 373696992
543, 205, 105, 16, DATA NASCIMENTO
546, 229, 78, 10, 19/03/2005
376, 157, 210, 15, DOC. IDENTIDADE/ÓRG EMISSOR/UF
373, 180, 150, 10, 953872531 SESP PB
379, 252, 52, 15, FILIAÇÃO
368, 278, 180, 10, MICHELOTO FORNICOL
370, 300, 82, 12, DA MOTA
372, 326, 199, 10, STUHLBERGER JOSHUA G
369, 351, 59, 10, MORAES
