139, 124, 48, 15, NOME
129, 142, 198, 10, SARTORI ILIEV REITER
433, 229, 35, 17, CPF
424, 247, 149, 15, 135.987.299-01
716, 419, 62, 17, CAT. HAB.
736, 441, 8, 11, D
593, 482, 112, 18, 1ª HABILITAÇÃO
611, 500, 115, 16, 16/09/1968
409, 486, 69, 14, VALIDADE
411, 499, 127, 17, 05/07/1958
138, 485, 89, 17, Nº REGISTRO
174, 502, 138, 14, 16670407047
11, 331, 23, 174, VÁLIDA EM TODO
73, 345, 32, 180, 26278533
649, 229, 129, 15, DATA NASCIMENTO
641, 244, 98, 14, 03/11/2013
436, 172, 235, 16, DOC. IDENTIDADE/ÓRG EMISSOR UF
621, 191, 32, 12, POF
739, 191, 17, 10, RS
428, 191, 96, 13, 152502087
436, 281, 69, 16, FILIAÇÃO
429, 302, 208, 12, HARBS IDALGO LUCILA
428, 324, 63, 13, SOUZA
426, 346, 208, 12, JARDEL REBERTE HANK
