134, 107, 37, 16, NOME
130, 126, 176, 9, GAGGINI MORGONNI FREUN
379, 202, 29, 16, CPF
374, 230, 136, 11, 903.199.748-04
606, 387, 49, 17, CAT. HAB.
613, 413, 8, 10, B
510, 442, 90, 19, 1ª HABILITAÇÃO
513, 462, 127, 16, 04/07/2019
355, 444, 60, 16, VALIDADE
344, 464, 108, 14, 02/01/1973
134, 440, 73, 16, Nº REGISTRO
129, 463, 95, 10, 88127306871
15, 304, 17, 135, VÁLIDA EM TODO
53, 298, 21, 174, 483378971
145, 48, -97, 98, DATA NASCIMENTO
556, 232, 77, 11, 13/08/1974
317, 201, -210, -94, DOC. IDENTIDADE/ÓRG EMISSOR/UF
374, 178, 157, 11, 051443120 SEJ MG
380, 252, 58, 19, FILIAÇÃO
370, 283, 209, 13, MELAO BRANQUINHO YOSH
370, 335, 198, 10, GUTIERRE MIGLIACCI Z
374, 358, 64, 11, BARROS
