176, 140, 47, 15, NOME
167, 154, 264, 12, VELLOSA KIETZMANN CHAHIN
472, 244, 31, 15, CPF
460, 259, 150, 13, 849.254.870-35
752, 432, 60, 19, CAT. HAB.
771, 457, 7, 9, E
628, 497, 113, 17, 1ª HABILITAÇÃO
649, 515, 116, 15, 22/09/1984
448, 498, 67, 14, VALIDADE
454, 507, 127, 22, 25/04/2015
176, 496, 86, 22, Nº REGISTRO
211, 516, 138, 14, 19536451545
37, 354, 23, 162, VÁLIDA EM TODO
98, 347, 24, 193, 368524133
687, 241, 124, 13, DATA NASCIMENTO
675, 259, 107, 14, 29/08/1952
474, 187, 234, 17, DOC. IDENTIDADE/ÓRG EMISSOR UF
465, 205, 95, 12, 156762833
655, 204, 34, 12, POM
776, 204, 21, 12, SP
476, 293, 63, 16, FILIAÇÃO
464, 315, 205, 12, AMBROGI ASSO HIDEMI
465, 335, 95, 12, TEIXEIRA
463, 360, 228, 12, VALERA LEONELLO KASHI
464, 383, 81, 12, FREITAS
