113, 106, 39, 14, NOME
107, 122, 143, 9, OYAMADA RETT AWIRE
347, 195, 29, 16, CPF
340, 211, 137, 11, 259.623.493-93
575, 358, 46, 14, CAT. HAB.
580, 378, 9, 8, D
472, 409, 90, 16, 1ª HABILITAÇÃO
489, 427, 97, 19, 16/09/1954
331, 411, 52, 15, VALIDADE
333, 430, 87, 16, 19/07/2013
111, 411, 68, 17, Nº REGISTRO
138, 432, 107, 12, 06419908313
9, 286, 17, 139, VÁLIDA EM TODO
48, 309, 18, 141, 318208086
520, 193, 100, 15, DATA NASCIMENTO
513, 210, 86, 12, 22/03/1992
347, 151, 189, 12, DOC. IDENTIDADE/ÓRG EMISSOR UF
339, 165, 78, 10, 603227260
493, 165, 27, 9, SSP
590, 164, 15, 8, SP
349, 240, 55, 12, FILIAÇÃO
343, 258, 223, 9, PERPETUA LAURENT CARROZZA
343, 290, 196, 17, LAET WANLI LAPINHA
