147, 131, 50, 18, NOME
140, 150, 286, 15, CHILVARQUER AROUCHE MEKARO
444, 237, 35, 18, CPF
437, 255, 178, 16, 750.370.940-54
727, 432, 62, 16, CAT. HAB.
744, 453, 20, 11, AB
602, 495, 114, 15, 1ª HABILITAÇÃO
621, 512, 127, 15, 07/11/2018
419, 495, 70, 16, VALIDADE
426, 511, 107, 15, 25/09/2009
143, 487, 91, 22, Nº REGISTRO
183, 510, 138, 14, 18477980442
11, 351, 25, 163, VÁLIDA EM TODO
73, 332, 24, 193, 409108376
656, 238, 135, 16, DATA NASCIMENTO
653, 257, 107, 15, 17/06/1989
446, 183, 239, 19, DOC. IDENTIDADE/ÓRG EMISSOR UF
440, 200, 96, 13, 213494140
629, 205, 28, 10, SSP
750, 203, 20, 12, RS
451, 288, 66, 20, FILIAÇÃO
439, 311, 208, 12, HE NATHALYE DURAZZO
437, 357, 266, 12, BUONICONTI AILA CANEZI
439, 378, 93, 12, FERREIRA
