118, 100, 46, 14, NOME
111, 116, 218, 11, TALITHA CONTE PIERRE
352, 193, 26, 13, CPF
343, 207, 151, 15, 562.911.886-27
574, 356, 50, 17, CAT. HAB.
588, 377, 8, 9, A
477, 411, 84, 14, 1ª HABILITAÇÃO
488, 425, 108, 14, 03/04/1964
333, 409, 50, 16, VALIDADE
332, 425, 105, 13, 21/11/2011
111, 404, 71, 17, Nº REGISTRO
138, 423, 119, 14, 04801379558
14, 288, 18, 131, VÁLIDA EM TODO
61, 296, 18, 147, 051666641
522, 194, 103, 13, DATA NASCIMENTO
515, 209, 96, 12, 27/03/2006
351, 145, 189, 14, DOC. IDENTIDADE/ÓRG EMISSOR UF
344, 161, 78, 10, 094504126
495, 165, 22, 8, SDS
592, 163, 19, 10, GO
353, 236, 52, 15, FILIAÇÃO
343, 250, 230, 14, GARISTO SASAOKA MARIANO
344, 293, 185, 11, ANAUATI JUREMEIRA 
345, 310, 49, 10, SOUZA
