83, 85, 29, 11, NOME
78, 96, 168, 14, MATSUDA URBINATTI LEH
256, 153, 23, 11, CPF
250, 162, 96, 12, 664.319.096-74
424, 275, 39, 14, CAT. HAB.
431, 292, 7, 8, D
351, 317, 64, 10, 1ª HABILITAÇÃO
359, 328, 78, 13, 20/11/2004
240, 316, 47, 11, VALIDADE
243, 328, 78, 10, 28/05/1953
80, 312, 53, 16, Nº REGISTRO
100, 330, 86, 11, 87726787399
7, 225, 11, 103, VÁLIDA EM TODO
40, 233, 14, 113, 114575923
385, 152, 79, 13, DATA NASCIMENTO
380, 162, 67, 12, 04/09/1973
258, 119, 146, 11, DOC. IDENTIDADE/ÓRG EMISSOR UF
253, 130, 61, 12, 752797554
366, 132, 19, 7, SES
438, 132, 15, 7, MT
261, 188, 37, 9, FILIAÇÃO
253, 202, 159, 9, LINTI PIEVE DELGATTO
251, 229, 175, 10, TRANSLATTI HILDA SOTTO
