155, 128, 51, 12, NOME
146, 143, 294, 13, MARUNO JOCELIA COLFERAI
448, 235, 46, 15, CPF
444, 252, 151, 13, 131.689.436-30
741, 426, 63, 16, CAT. HAB.
756, 447, 11, 12, C
618, 486, 107, 16, 1ª HABILITAÇÃO
631, 508, 107, 13, 20/11/2000
158, 487, 89, 17, Nº REGISTRO
193, 505, 140, 14, 04139883769
436, 489, 63, 15, VÁLIDA EM TODO
88, 351, 23, 199, 572773249
34, 336, 24, 170, VALIDADE
439, 507, 107, 15, 31/05/2019
669, 234, 135, 14, DATA NASCIMENTO
663, 252, 95, 12, 31/08/2015
453, 178, 246, 20, DOC. IDENTIDADE/ÓRG EMISSOR UF
446, 196, 95, 12, 581223652
636, 198, 30, 11, POM
756, 198, 19, 10, CE
457, 283, 67, 19, FILIAÇÃO
446, 306, 253, 12, CAVALLETE PIZAURO SUBIT
448, 329, 88, 12, MONTEIRO
447, 351, 246, 10, NICOLI JOSLAINE GIBERTONI
449, 374, 65, 12, DUARTE
