116, 92, 36, 14, NOME
108, 110, 198, 10, WEYAND GOLONI MOREYR
348, 187, 28, 12, CPF
338, 200, 137, 13, 636.997.720-98
570, 349, 55, 14, CAT. HAB.
582, 368, 9, 8, D
470, 399, 88, 16, 1ª HABILITAÇÃO
482, 418, 105, 13, 17/05/1998
326, 399, 56, 18, VALIDADE
334, 418, 96, 12, 16/08/2016
110, 397, 70, 17, Nº REGISTRO
131, 410, 121, 17, 71495487367
7, 287, 19, 139, VÁLIDA EM TODO
56, 265, 20, 167, 773257725
518, 183, 105, 16, DATA NASCIMENTO
511, 202, 97, 12, 10/12/1962
349, 139, 191, 13, DOC. IDENTIDADE/ÓRG EMISSOR UF
344, 154, 86, 11, 996393699
491, 155, 39, 10, SPTC
590, 157, 16, 8, GO
351, 228, 52, 13, FILIAÇÃO
341, 248, 188, 10, NOTARI PEREGO BIZER
339, 267, 31, 9, DIAS
338, 285, 187, 10, LUCCHESE ZANGUETTIN L
340, 303, 75, 11, BARBOSA
