166, 141, 60, 18, NOME
147, 165, 323, 17, PRESOTO NINA ORABONA
511, 273, 37, 24, CPF
490, 300, 219, 18, 391.631.827-69
819, 516, 87, 29, CAT. HAB.
842, 555, 13, 15, D
742, 591, 138, 25, 1ª HABILITAÇÃO
721, 615, 164, 22, 02/12/1971
529, 592, 92, 22, VALIDADE
485, 617, 166, 22, 01/10/1960
170, 592, 115, 24, Nº REGISTRO
194, 620, 151, 16, 56214249153
18, 429, 22, 193, VÁLIDA EM TODO
76, 436, 28, 226, 938487005
757, 269, 153, 28, DATA NASCIMENTO
747, 297, 166, 23, 31/05/1953
512, 205, 308, 29, DOC. IDENTIDADE/ÓRG EMISSOR/UF
490, 230, 235, 16, 859358513 SESP MG
513, 343, 77, 23, FILIAÇÃO
493, 374, 268, 17, OSAKI RUEDA GILLI
498, 448, 283, 15, DORINHA GARDE INNOC
495, 485, 110, 16, MARTINS
