122, 101, 43, 14, NOME
115, 123, 236, 11, SERAPHIM GALLUZZI BONINI
357, 193, 33, 13, CPF
335, 210, 137, 13, 263.128.200-09
582, 364, 61, 12, CAT. HAB.
593, 380, 18, 10, AB
521, 409, 102, 15, 1ª HABILITAÇÃO
507, 426, 97, 14, 05/09/2018
373, 406, 69, 17, VALIDADE
343, 426, 96, 13, 23/04/1960
119, 409, 91, 15, Nº REGISTRO
137, 428, 108, 11, 01632557054
9, 287, 25, 142, VÁLIDA EM TODO
55, 263, 23, 191, 675959007
523, 193, 123, 13, DATA NASCIMENTO
520, 210, 97, 13, 22/08/1983
358, 146, 242, 14, DOC. IDENTIDADE/ÓRG EMISSOR/UF
335, 162, 150, 12, 920677368 SESP CE
361, 238, 59, 14, FILIAÇÃO
336, 258, 218, 10, LEONILDO ALBIERO ARNUS
335, 282, 50, 11, COSTA
335, 305, 262, 12, SHINODA VINAGREIRO MAL
333, 330, 80, 10, OLIVEIRA
