169, 110, 50, 16, NOME
159, 126, 299, 12, BERNANDES PERCILIO MALUSA
468, 217, 32, 17, CPF
456, 235, 178, 19, 410.865.792-67
758, 411, 57, 21, CAT. HAB.
771, 437, 7, 8, D
630, 473, 108, 20, 1ª HABILITAÇÃO
645, 495, 125, 15, 17/01/1962
443, 473, 69, 21, VALIDADE
441, 495, 116, 16, 14/08/1970
162, 474, 90, 17, Nº REGISTRO
198, 495, 129, 13, 82443208266
23, 337, 24, 179, VÁLIDA EM TODO
84, 347, 24, 192, 125423799
693, 218, 123, 16, DATA NASCIMENTO
678, 235, 108, 13, 20/11/2015
466, 159, 247, 20, DOC. IDENTIDADE/ÓRG EMISSOR UF
462, 181, 87, 11, 678303356
652, 182, 38, 10, SESP
780, 181, 19, 11, PR
471, 268, 67, 20, FILIAÇÃO
459, 292, 240, 11, ELEIA SELLMANN CIRINEU
462, 314, 42, 12, DIAS
461, 336, 257, 13, PRESSI FELDBERG PENG
459, 361, 79, 10, NOGUEIRA
