124, 114, 39, 14, NOME
118, 130, 257, 10, PARADELLA GUIMARAES BESSON
358, 206, 25, 12, CPF
348, 220, 152, 12, 874.380.403-99
582, 368, 49, 13, CAT. HAB.
592, 387, 9, 9, A
482, 422, 89, 13, 1ª HABILITAÇÃO
499, 438, 86, 16, 07/08/1976
338, 423, 54, 13, VALIDADE
343, 437, 97, 14, 26/11/2006
123, 421, 71, 16, Nº REGISTRO
150, 438, 107, 15, 51283847678
19, 299, 17, 129, VÁLIDA EM TODO
63, 280, 21, 175, 490628820
526, 204, 105, 14, DATA NASCIMENTO
521, 220, 98, 18, 04/01/2019
358, 157, 186, 15, DOC. IDENTIDADE/ÓRG EMISSOR UF
502, 174, 25, 10, SEJ
354, 170, 78, 14, 047776468
597, 175, 18, 7, GO
362, 247, 54, 15, FILIAÇÃO
351, 268, 247, 10, PASCHOALINO DELFINO MARGA
352, 306, 146, 11, SERRAMBANA IGOR
351, 324, 48, 10, SALES
