145, 127, 51, 15, NOME
138, 145, 272, 13, CARNIZELLO DEYSE RASTELLI
437, 227, 34, 20, CPF
426, 250, 150, 13, 782.807.288-05
714, 423, 64, 19, CAT. HAB.
728, 448, 11, 10, B
593, 486, 105, 16, 1ª HABILITAÇÃO
606, 505, 114, 15, 13/10/1961
409, 486, 67, 17, VALIDADE
415, 507, 96, 12, 10/08/1995
135, 484, 95, 19, Nº REGISTRO
176, 507, 127, 13, 10531260792
16, 342, 21, 159, VÁLIDA EM TODO
73, 333, 23, 183, 530538320
650, 230, 125, 17, DATA NASCIMENTO
640, 246, 127, 16, 07/04/2013
438, 176, 238, 17, DOC. IDENTIDADE/ÓRG EMISSOR UF
430, 193, 96, 14, 677945528
617, 195, 43, 12, SESP
741, 194, 21, 12, SP
436, 281, 68, 17, FILIAÇÃO
427, 303, 239, 12, ORBAN MORIM SORRIBAS
429, 348, 218, 13, ZADEH SANTANA FOZ
426, 371, 64, 13, VIANA
