144, 98, 37, 15, NOME
142, 118, 160, 10, POZ BELLOTI FILETO
383, 192, 28, 16, CPF
380, 216, 122, 11, 955.859.801-14
609, 366, 54, 16, CAT. HAB.
621, 389, 8, 9, B
515, 421, 91, 16, 1ª HABILITAÇÃO
517, 440, 97, 15, 08/07/1955
360, 420, 59, 14, VALIDADE
355, 438, 98, 12, 28/06/1995
135, 416, 76, 21, Nº REGISTRO
136, 436, 116, 13, 92244742655
60, 191, 129, -138, VÁLIDA EM TODO
49, 262, 24, 191, 643385110
552, 192, 101, 17, DATA NASCIMENTO
554, 218, 97, 13, 13/11/2013
385, 147, 208, 17, DOC. IDENTIDADE/ÓRG EMISSOR/UF
378, 167, 127, 10, 626740629 SDS SP
387, 239, 51, 15, FILIAÇÃO
378, 265, 217, 11, OTUKA SUNADA CORADAZZI
377, 315, 237, 11, ESCAMILLA TRALBA ZIMOVSK
380, 339, 61, 10, FREITAS
