129, 114, 35, 17, NOME
123, 136, 178, 14, MASSANOBU LONGO USAI
371, 212, 27, 15, CPF
366, 236, 135, 11, 983.190.122-36
593, 389, 54, 17, CAT. HAB.
601, 415, 8, 10, E
496, 443, 92, 19, 1ª HABILITAÇÃO
498, 464, 96, 14, 31/07/1997
345, 443, 63, 16, VALIDADE
338, 462, 107, 15, 02/08/1968
125, 443, 77, 15, Nº REGISTRO
124, 461, 130, 13, 08794582030
12, 305, 17, 141, VÁLIDA EM TODO
51, 306, 20, 165, 347755140
543, 212, 106, 17, DATA NASCIMENTO
542, 236, 106, 15, 11/01/2013
373, 160, 215, 19, DOC. IDENTIDADE/ÓRG EMISSOR/UF
368, 186, 169, 12, 822668610 SPTC SP
370, 261, 57, 17, FILIAÇÃO
364, 288, 216, 10, JOSELAINE OERTES ELANI
365, 315, 45, 9, SANTOS
362, 338, 231, 12, VERSIANI PAGANELLI AA
366, 364, 88, 10, RODRIGUES
