136, 108, 36, 13, NOME
130, 129, 259, 10, WERUTSKY RINALDELLI TANNAS
373, 206, 25, 13, CPF
367, 228, 137, 12, 403.253.855-72
590, 376, 55, 18, CAT. HAB.
595, 402, 8, 9, C
494, 430, 91, 18, 1ª HABILITAÇÃO
495, 450, 107, 13, 14/10/2010
343, 425, 60, 21, VALIDADE
338, 446, 95, 14, 23/02/2001
127, 424, 77, 17, Nº REGISTRO
125, 443, 107, 12, 69409037429
7, 300, 17, 143, VÁLIDA EM TODO
47, 280, 23, 184, 756157480
538, 204, 106, 20, DATA NASCIMENTO
535, 229, 97, 15, 29/01/2018
374, 157, 206, 19, DOC. IDENTIDADE/ÓRG EMISSOR/UF
365, 180, 169, 11, 585530245 SPTC GO
371, 252, 52, 16, FILIAÇÃO
364, 277, 151, 9, AGUILLAR FUMENI B
364, 301, 58, 10, BARROS
363, 325, 158, 10, STELLUTTI BRIZAN
364, 350, 89, 9, NASCIMENTO
