132, 132, 49, 14, NOME
127, 148, 262, 12, ARARIPE SCIESSERE ELSTON
427, 230, 35, 22, CPF
420, 250, 192, 17, 553.563.958-33
714, 425, 57, 14, CAT. HAB.
728, 446, 18, 10, AB
594, 486, 103, 18, 1ª HABILITAÇÃO
607, 505, 116, 15, 30/07/2006
407, 489, 67, 16, VALIDADE
409, 507, 108, 15, 03/02/1960
134, 493, 84, 15, Nº REGISTRO
165, 511, 129, 13, 56279027690
6, 351, 25, 165, VÁLIDA EM TODO
56, 344, 24, 190, 141830171
645, 229, 129, 16, DATA NASCIMENTO
636, 250, 106, 14, 26/07/1955
429, 178, 239, 15, DOC. IDENTIDADE/ÓRG EMISSOR UF
421, 199, 96, 13, 835323420
613, 198, 30, 11, SJS
733, 196, 19, 11, PR
435, 284, 65, 17, FILIAÇÃO
424, 306, 251, 12, FOELKEL CAVASSA MASAGAO
422, 351, 234, 13, CARNAVAL CREDO UNG
422, 376, 77, 11, CARDOSO
