146, 128, 51, 15, NOME
140, 146, 271, 12, SAYAO HARAMITA SCANDIUZZI
438, 228, 34, 20, CPF
426, 251, 151, 13, 666.108.046-99
715, 424, 64, 19, CAT. HAB.
729, 449, 11, 10, B
594, 487, 105, 16, 1ª HABILITAÇÃO
606, 506, 117, 15, 24/07/1956
410, 487, 67, 17, VALIDADE
416, 508, 96, 12, 14/04/1985
136, 485, 95, 19, Nº REGISTRO
177, 508, 126, 13, 19230857381
17, 343, 21, 159, VÁLIDA EM TODO
74, 334, 23, 183, 032053961
651, 231, 125, 17, DATA NASCIMENTO
640, 247, 127, 16, 23/04/2017
439, 177, 238, 17, DOC. IDENTIDADE/ÓRG EMISSOR UF
431, 194, 96, 13, 606690608
618, 196, 31, 12, SES
742, 195, 20, 12, RS
437, 282, 68, 17, FILIAÇÃO
429, 304, 262, 12, ROBATINI CASELATO MASU
429, 349, 219, 13, DAZCAL JAGER KERN
428, 372, 49, 13, DIAS
