118, 115, 40, 15, NOME
111, 130, 178, 13, LANA THAILA YOKOSAWA
350, 203, 25, 15, CPF
343, 219, 136, 12, 711.664.196-30
575, 367, 48, 15, CAT. HAB.
587, 386, 18, 10, AB
477, 422, 87, 13, 1ª HABILITAÇÃO
490, 435, 107, 15, 01/10/2008
334, 422, 55, 15, VALIDADE
333, 438, 87, 17, 22/03/1952
116, 420, 68, 15, Nº REGISTRO
143, 439, 105, 16, 78726185902
18, 296, 17, 127, VÁLIDA EM TODO
63, 297, 22, 166, 755655948
522, 204, 100, 13, DATA NASCIMENTO
514, 218, 97, 13, 28/07/1982
350, 156, 188, 15, DOC. IDENTIDADE/ÓRG EMISSOR UF
495, 173, 22, 9, SNJ
593, 173, 15, 8, SP
346, 173, 69, 10, 230310643
352, 247, 54, 18, FILIAÇÃO
344, 265, 208, 12, MENEGON RUFO GELTON
346, 303, 230, 12, KRUSE VICENTIN MOCHIU
