155, 128, 51, 12, NOME
146, 143, 284, 13, KABE MUHLETHALER HICHE
448, 235, 46, 15, CPF
446, 251, 149, 14, 935.281.146-14
741, 426, 63, 16, CAT. HAB.
756, 447, 11, 12, C
618, 486, 107, 16, 1ª HABILITAÇÃO
632, 508, 105, 13, 18/04/1968
158, 487, 89, 17, Nº REGISTRO
195, 505, 138, 14, 33078868802
436, 489, 63, 15, VÁLIDA EM TODO
88, 351, 23, 199, 344392869
34, 336, 24, 170, VALIDADE
439, 507, 105, 15, 11/03/1951
669, 234, 135, 14, DATA NASCIMENTO
662, 252, 95, 12, 11/02/2001
453, 178, 246, 20, DOC. IDENTIDADE/ÓRG EMISSOR UF
446, 196, 95, 12, 483691252
635, 198, 31, 11, SDS
757, 198, 18, 10, RN
457, 283, 67, 19, FILIAÇÃO
446, 306, 253, 12, CARAJELEASCOV COMODO KA
450, 329, 75, 12, PEREIRA
446, 351, 247, 10, MIYATA PICOLIN CARNEVALLI
450, 374, 86, 12, FERREIRA
