235, 253, 92, 39, NOME
220, 298, 483, 22, ESPER MARILEIDE CYRINO
777, 472, 63, 33, CPF
762, 507, 344, 27, 377.455.615-66
1278, 840, 111, 31, CAT. HAB.
1300, 882, 22, 22, A
1059, 962, 196, 29, 1ª HABILITAÇÃO
1103, 989, 243, 34, 12/03/2020
743, 963, 118, 25, VALIDADE
745, 995, 223, 31, 19/12/1994
231, 961, 166, 33, Nº REGISTRO
296, 1002, 215, 23, 03313468763
4, 682, 33, 309, VÁLIDA EM TODO
99, 651, 48, 386, 592801600
1161, 472, 236, 33, DATA NASCIMENTO
1148, 510, 205, 27, 05/06/1996
780, 363, 431, 37, DOC. IDENTIDADE/ÓRG EMISSOR UF
761, 403, 192, 24, 070088597
1097, 408, 66, 17, SESP
1321, 402, 43, 23, CE
787, 571, 118, 37, FILIAÇÃO
762, 614, 482, 21, BRUZASCO MARANHO FUTIG
761, 650, 144, 29, FARIAS
760, 695, 456, 27, JOHN BAHOV KOJIRO
764, 741, 173, 24, CARDOSO
