145, 98, 37, 15, NOME
142, 118, 178, 10, TRAPANI CARIA DULFES
384, 192, 28, 16, CPF
382, 216, 121, 15, 363.118.832-36
610, 366, 54, 16, CAT. HAB.
622, 390, 6, 9, D
516, 421, 91, 16, 1ª HABILITAÇÃO
519, 440, 97, 15, 17/02/1989
361, 420, 59, 14, VALIDADE
358, 438, 95, 12, 17/02/1998
136, 416, 76, 21, Nº REGISTRO
137, 436, 116, 13, 95139515029
698, 686, -30, -8, VÁLIDA EM TODO
50, 261, 24, 192, 653469196
553, 192, 101, 17, DATA NASCIMENTO
554, 218, 97, 13, 20/08/2008
386, 147, 208, 17, DOC. IDENTIDADE/ÓRG EMISSOR/UF
380, 163, 126, 14, 187392584 SJS MG
388, 239, 51, 15, FILIAÇÃO
380, 265, 199, 11, NADIR VESCIO ANTHERO
377, 315, 209, 10, GIBSON SCHENK KASHINA
381, 339, 52, 9, DUARTE
