125, 102, 40, 17, NOME
115, 121, 273, 12, ALDER TREPICHE KLINCEVICIUS
360, 197, 28, 14, CPF
351, 213, 150, 13, 253.268.431-37
581, 365, 46, 17, CAT. HAB.
590, 383, 7, 9, D
483, 418, 88, 14, 1ª HABILITAÇÃO
494, 433, 106, 13, 26/02/1987
336, 416, 54, 14, VALIDADE
343, 431, 106, 14, 29/04/1982
118, 412, 71, 14, Nº REGISTRO
147, 428, 116, 12, 38003128585
18, 283, 19, 134, VÁLIDA EM TODO
57, 290, 20, 165, 103284553
528, 202, 107, 12, DATA NASCIMENTO
523, 216, 96, 14, 09/03/1997
359, 150, 191, 17, DOC. IDENTIDADE/ÓRG EMISSOR UF
355, 168, 87, 12, 755944665
503, 170, 21, 9, SDS
603, 172, 15, 9, ES
362, 242, 52, 15, FILIAÇÃO
352, 259, 174, 13, KEIZO ESSI LIZAS
349, 298, 217, 12, CERVELINI IKUTA TAKI
