114, 105, 38, 13, NOME
109, 121, 208, 10, BETTINI RIBOLDY RONIR
347, 196, 26, 13, CPF
339, 211, 138, 12, 304.282.248-65
573, 358, 47, 16, CAT. HAB.
582, 379, 8, 10, E
473, 413, 89, 15, 1ª HABILITAÇÃO
487, 429, 97, 14, 17/05/1975
325, 411, 59, 18, VALIDADE
335, 430, 97, 17, 28/07/1993
114, 413, 67, 15, Nº REGISTRO
138, 431, 106, 16, 15309484147
13, 296, 16, 134, VÁLIDA EM TODO
58, 298, 21, 148, 191274567
520, 197, 98, 12, DATA NASCIMENTO
511, 211, 87, 12, 15/06/2019
349, 150, 185, 13, DOC. IDENTIDADE/ÓRG EMISSOR UF
342, 164, 79, 10, 694219794
493, 166, 27, 9, SSP
591, 166, 17, 9, PB
351, 238, 53, 15, FILIAÇÃO
338, 258, 202, 13, AECKERLE HUNO MAYUMI
344, 297, 195, 9, EDINIEL NATALY CORSINI
341, 314, 59, 10, MORAES
