145, 128, 51, 15, NOME
139, 146, 271, 12, ELKI SPAULONCI ARRIVABENI
437, 228, 34, 20, CPF
425, 251, 151, 13, 608.691.323-42
714, 424, 64, 19, CAT. HAB.
728, 448, 10, 12, D
593, 487, 105, 16, 1ª HABILITAÇÃO
604, 506, 117, 15, 06/02/1994
409, 487, 67, 17, VALIDADE
415, 507, 97, 13, 17/11/2019
135, 485, 95, 19, Nº REGISTRO
175, 508, 129, 13, 67538993140
16, 343, 21, 159, VÁLIDA EM TODO
73, 334, 23, 184, 411345020
650, 231, 125, 17, DATA NASCIMENTO
641, 247, 125, 16, 11/12/2008
438, 177, 238, 17, DOC. IDENTIDADE/ÓRG EMISSOR UF
431, 194, 95, 13, 774362637
617, 196, 31, 12, SJS
740, 195, 22, 12, TO
436, 282, 68, 17, FILIAÇÃO
429, 304, 262, 12, PANACHAO MINEIRO JOSET
428, 349, 219, 13, RAGNO SERPELONI M
427, 372, 63, 13, SOUZA
