137, 107, 36, 13, NOME
134, 128, 254, 10, INNARELLI MYAMOTO LUCCHESI
374, 205, 25, 13, CPF
368, 227, 136, 11, 355.782.648-16
591, 375, 55, 18, CAT. HAB.
597, 401, 7, 8, A
495, 429, 91, 18, 1ª HABILITAÇÃO
495, 449, 107, 13, 06/12/2014
344, 424, 60, 21, VALIDADE
338, 445, 98, 14, 08/09/2009
128, 423, 77, 17, Nº REGISTRO
126, 442, 106, 11, 61401444666
8, 299, 17, 143, VÁLIDA EM TODO
48, 278, 23, 183, 183376953
539, 203, 106, 20, DATA NASCIMENTO
535, 228, 98, 15, 03/11/1997
375, 156, 206, 19, DOC. IDENTIDADE/ÓRG EMISSOR/UF
366, 179, 158, 11, 847170688 SDS RJ
372, 251, 52, 16, FILIAÇÃO
365, 276, 151, 9, DAGUI PAIS CORSET
365, 300, 87, 10, RODRIGUES
363, 323, 160, 11, TERNG SCHIMIT TO
365, 349, 62, 9, DA MOTA
