113, 107, 39, 14, NOME
108, 122, 197, 11, WAHRHAFTIG POPOFF BALLOTI
347, 196, 29, 16, CPF
340, 212, 135, 11, 602.721.629-81
575, 359, 46, 14, CAT. HAB.
580, 378, 8, 10, B
472, 410, 90, 16, 1ª HABILITAÇÃO
489, 429, 97, 18, 28/09/2003
331, 412, 52, 15, VALIDADE
333, 431, 87, 13, 28/09/2015
111, 412, 68, 17, Nº REGISTRO
138, 433, 107, 11, 12901811640
9, 287, 17, 139, VÁLIDA EM TODO
48, 311, 18, 140, 216714372
520, 194, 100, 15, DATA NASCIMENTO
513, 211, 87, 12, 14/07/1977
347, 152, 189, 12, DOC. IDENTIDADE/ÓRG EMISSOR UF
341, 166, 77, 10, 372412348
493, 167, 26, 9, SES
590, 165, 15, 9, PE
349, 241, 55, 12, FILIAÇÃO
343, 259, 168, 9, GERAB PODADERA COTA
343, 296, 182, 12, PIPPONZI TONNETTI
