155, 128, 51, 12, NOME
145, 139, 347, 17, CHARLESTON UILIAN BIAGGIONI
448, 235, 46, 15, CPF
444, 252, 151, 13, 881.118.240-92
741, 426, 63, 16, CAT. HAB.
756, 447, 11, 12, C
618, 486, 107, 16, 1ª HABILITAÇÃO
632, 508, 105, 14, 15/08/1988
158, 487, 89, 17, Nº REGISTRO
194, 505, 140, 14, 58254512896
436, 489, 63, 15, VÁLIDA EM TODO
88, 354, 23, 196, 948645514
34, 336, 24, 170, VALIDADE
438, 507, 108, 15, 08/07/2017
669, 234, 135, 14, DATA NASCIMENTO
661, 252, 98, 12, 05/08/2017
453, 178, 246, 20, DOC. IDENTIDADE/ÓRG EMISSOR UF
446, 196, 95, 12, 549636332
635, 198, 31, 11, SJS
757, 198, 19, 10, BA
457, 283, 67, 19, FILIAÇÃO
446, 306, 231, 12, CHELIN ATSUSHI IRWING
448, 329, 44, 12, MELO
448, 351, 187, 10, ZAGO BOCALON SAVIAN
450, 374, 75, 12, PEIXOTO
