135, 125, 58, 15, NOME
132, 142, 229, 10, HOMSI GIANCOLLI FRANCCO
434, 232, 35, 18, CPF
424, 250, 151, 13, 507.126.575-33
717, 424, 57, 19, CAT. HAB.
734, 447, 10, 12, A
588, 487, 114, 19, 1ª HABILITAÇÃO
611, 508, 97, 13, 26/12/1972
406, 486, 72, 18, VALIDADE
412, 505, 108, 14, 03/11/1979
133, 484, 91, 17, Nº REGISTRO
165, 501, 145, 14, 01480207142
10, 340, 23, 162, VÁLIDA EM TODO
67, 323, 24, 192, 864069312
649, 231, 124, 18, DATA NASCIMENTO
642, 250, 127, 16, 25/03/2020
435, 176, 246, 17, DOC. IDENTIDADE/ÓRG EMISSOR UF
430, 194, 97, 13, 071785474
621, 196, 31, 12, SNJ
743, 198, 18, 10, ES
439, 284, 64, 15, FILIAÇÃO
427, 306, 284, 15, RIANI BOQUIMPANI BARTHMANN
424, 347, 279, 14, CARBONIERI ONAYA LET
427, 373, 58, 10, NOVAES
