140, 134, 47, 19, NOME
131, 153, 298, 13, GALEGO GALENDER BOLETTA
415, 250, 35, 16, CPF
407, 268, 177, 16, 132.693.924-60
681, 457, 58, 19, CAT. HAB.
696, 482, 9, 11, D
567, 523, 107, 19, 1ª HABILITAÇÃO
584, 544, 127, 16, 22/09/1999
394, 520, 66, 22, VALIDADE
401, 541, 128, 17, 03/10/2019
139, 519, 87, 19, Nº REGISTRO
171, 542, 139, 14, 56422183554
24, 374, 20, 163, VÁLIDA EM TODO
71, 407, 23, 183, 069843152
615, 251, 126, 17, DATA NASCIMENTO
607, 270, 125, 16, 16/04/1984
416, 191, 222, 17, DOC. IDENTIDADE/ÓRG EMISSOR UF
410, 210, 103, 13, 199786574
587, 213, 31, 12, SDS
700, 213, 20, 11, RS
421, 304, 62, 20, FILIAÇÃO
412, 329, 252, 11, NISHIMIYA FEDOZZI KALUP
410, 352, 88, 11, CARVALHO
411, 378, 218, 14, FOLONI QUERO SINICIO
413, 401, 58, 12, PINTO
