175, 139, 47, 15, NOME
167, 153, 262, 13, KOYU BOLFARINE CANTAGALO
471, 243, 31, 15, CPF
460, 258, 150, 13, 747.973.929-08
751, 431, 60, 19, CAT. HAB.
769, 455, 10, 10, C
627, 496, 113, 17, 1ª HABILITAÇÃO
647, 514, 117, 16, 05/04/2012
447, 497, 67, 14, VALIDADE
454, 506, 126, 23, 30/08/1975
175, 495, 86, 22, Nº REGISTRO
209, 515, 139, 14, 56008048049
36, 353, 23, 162, VÁLIDA EM TODO
97, 346, 24, 194, 582672565
686, 240, 124, 13, DATA NASCIMENTO
673, 258, 107, 14, 01/03/1975
473, 186, 234, 17, DOC. IDENTIDADE/ÓRG EMISSOR UF
464, 204, 95, 12, 742745715
654, 203, 34, 12, POF
774, 203, 22, 12, MG
475, 292, 63, 16, FILIAÇÃO
462, 314, 253, 11, GIANELLI MACCHIA FIALHO
466, 334, 58, 12, PORTO
462, 354, 231, 17, OCCHINI LOIOLA CARRAM
463, 382, 58, 12, PINTO
