129, 110, 38, 15, NOME
123, 127, 222, 9, PAEGLE TAKEMOTO MASTROIAN
359, 203, 28, 13, CPF
352, 217, 134, 13, 738.131.807-51
585, 367, 49, 15, CAT. HAB.
596, 386, 7, 10, E
486, 421, 87, 13, 1ª HABILITAÇÃO
501, 435, 96, 12, 14/03/1986
343, 418, 50, 17, VALIDADE
344, 434, 107, 14, 02/06/1984
123, 419, 71, 13, Nº REGISTRO
146, 435, 106, 11, 57811147301
19, 291, 16, 131, VÁLIDA EM TODO
66, 287, 19, 157, 639678793
529, 202, 103, 14, DATA NASCIMENTO
524, 218, 98, 12, 07/02/1993
361, 157, 188, 13, DOC. IDENTIDADE/ÓRG EMISSOR UF
505, 174, 22, 9, SEJ
356, 172, 69, 11, 713181850
599, 174, 19, 10, GO
362, 247, 55, 15, FILIAÇÃO
354, 265, 169, 9, TERAO FACURY PERAZA
355, 304, 227, 10, DESSOY SHIGUIHARA PORFI
