135, 125, 58, 15, NOME
132, 142, 188, 10, BISETTI MIRHAN NAGY
434, 232, 35, 18, CPF
424, 250, 151, 13, 281.450.749-40
717, 424, 57, 19, CAT. HAB.
734, 448, 10, 11, E
588, 487, 114, 19, 1ª HABILITAÇÃO
610, 508, 98, 13, 09/12/2000
406, 486, 72, 18, VALIDADE
413, 505, 105, 14, 26/03/2011
133, 484, 91, 17, Nº REGISTRO
166, 501, 140, 14, 24215093286
10, 340, 23, 162, VÁLIDA EM TODO
67, 323, 24, 192, 824628360
649, 231, 124, 18, DATA NASCIMENTO
644, 250, 125, 16, 11/05/1995
435, 176, 246, 17, DOC. IDENTIDADE/ÓRG EMISSOR UF
429, 194, 98, 13, 503540274
621, 196, 30, 12, SES
743, 198, 18, 10, ES
439, 284, 64, 15, FILIAÇÃO
427, 306, 219, 12, SESTITO PRADA DANILA
425, 347, 278, 14, BRAGA ARAGAKI WASTHY
427, 373, 69, 10, DA MOTA
