125, 114, 37, 12, NOME
115, 133, 209, 10, BUGELLI HELVANY ZARDO
361, 205, 24, 15, CPF
342, 224, 136, 12, 440.936.104-01
570, 373, 54, 15, CAT. HAB.
586, 394, 8, 8, A
517, 421, 92, 13, 1ª HABILITAÇÃO
507, 436, 105, 14, 13/02/1998
374, 419, 57, 14, VALIDADE
344, 435, 95, 16, 29/04/1961
128, 420, 75, 16, Nº REGISTRO
146, 438, 117, 13, 26257445607
15, 291, 18, 137, VÁLIDA EM TODO
63, 301, 21, 176, 616940101
521, 205, 106, 16, DATA NASCIMENTO
520, 220, 97, 18, 06/06/1956
362, 159, 208, 16, DOC. IDENTIDADE/ÓRG EMISSOR/UF
494, 178, 25, 10, SNJ
343, 178, 69, 10, 215767366
570, 179, 18, 8, MG
359, 253, 53, 15, FILIAÇÃO
350, 273, 189, 11, COCCHI LORNA GEISON
349, 323, 199, 10, ONEMAR LYRA BASSETTE
349, 348, 69, 10, ALMEIDA
