137, 107, 36, 13, NOME
131, 128, 259, 10, JENIFER SCHLITHLER RARIMAN
374, 205, 25, 13, CPF
368, 227, 136, 12, 539.801.903-15
591, 375, 55, 18, CAT. HAB.
597, 401, 7, 9, E
495, 429, 91, 18, 1ª HABILITAÇÃO
493, 449, 108, 13, 30/09/2001
344, 424, 60, 21, VALIDADE
340, 445, 96, 13, 31/05/1952
128, 423, 77, 17, Nº REGISTRO
125, 442, 107, 11, 43800686040
8, 299, 17, 143, VÁLIDA EM TODO
48, 280, 23, 181, 689337321
539, 203, 106, 20, DATA NASCIMENTO
536, 228, 96, 15, 12/11/1980
375, 156, 206, 19, DOC. IDENTIDADE/ÓRG EMISSOR/UF
367, 179, 157, 11, 074593333 SEJ BA
372, 251, 52, 16, FILIAÇÃO
364, 275, 152, 11, WILL VICENTINE SH
365, 300, 79, 10, DA COSTA
363, 324, 158, 10, WERGLES KAWAUCHE
365, 349, 62, 9, DA MATA
