118, 106, 37, 11, NOME
112, 117, 227, 11, KERSCHBAUM YUUMA WESLEY
352, 190, 26, 14, CPF
340, 205, 137, 13, 538.852.014-53
573, 351, 52, 15, CAT. HAB.
584, 370, 9, 9, A
477, 403, 90, 16, 1ª HABILITAÇÃO
491, 419, 107, 14, 15/03/1969
332, 407, 57, 15, VALIDADE
335, 421, 97, 17, 12/10/1982
117, 407, 69, 15, Nº REGISTRO
143, 424, 107, 11, 24370560927
17, 291, 19, 140, VÁLIDA EM TODO
59, 273, 21, 180, 094255222
518, 189, 106, 14, DATA NASCIMENTO
517, 203, 96, 15, 30/01/1969
353, 145, 185, 12, DOC. IDENTIDADE/ÓRG EMISSOR UF
342, 160, 79, 10, 508281489
493, 160, 24, 9, SJS
591, 160, 17, 9, MA
355, 233, 55, 17, FILIAÇÃO
345, 250, 217, 12, CAPELANES CARIELO SI
344, 290, 228, 10, DAVILSON METOLINA LUCIE
354, 310, 44, 9, JESUS
