128, 100, 38, 15, NOME
122, 115, 184, 12, CELERE BEGLIOMINI
358, 192, 27, 15, CPF
351, 209, 136, 13, 565.263.082-52
584, 357, 47, 15, CAT. HAB.
589, 377, 18, 10, AB
483, 409, 87, 17, 1ª HABILITAÇÃO
497, 426, 96, 13, 20/02/1982
340, 409, 52, 15, VALIDADE
345, 424, 107, 13, 11/10/1999
120, 406, 79, 15, Nº REGISTRO
155, 425, 106, 11, 19126513488
24, 288, 16, 142, VÁLIDA EM TODO
65, 296, 23, 149, 464841518
529, 194, 103, 14, DATA NASCIMENTO
522, 210, 87, 12, 14/09/1979
361, 147, 187, 14, DOC. IDENTIDADE/ÓRG EMISSOR UF
354, 163, 77, 10, 278462820
503, 165, 25, 9, SNJ
600, 165, 19, 9, MG
361, 238, 55, 15, FILIAÇÃO
356, 256, 188, 9, PIAZON MOHAMAD MARUNO
354, 294, 207, 13, CELIS QUILLES FABIELI
