115, 110, 36, 10, NOME
108, 122, 268, 11, RHAMYRA ABRAMOVICI FAISTING
348, 198, 25, 13, CPF
338, 210, 137, 12, 441.623.100-84
574, 358, 46, 14, CAT. HAB.
588, 376, 10, 11, C
475, 412, 85, 15, 1ª HABILITAÇÃO
488, 427, 97, 12, 06/09/2016
329, 415, 54, 11, VALIDADE
334, 427, 107, 16, 21/06/1986
111, 416, 71, 14, Nº REGISTRO
139, 430, 119, 13, 06609713037
15, 298, 15, 132, VÁLIDA EM TODO
55, 306, 19, 165, 986082313
519, 195, 100, 14, DATA NASCIMENTO
511, 210, 87, 12, 11/07/2019
346, 149, 187, 13, DOC. IDENTIDADE/ÓRG EMISSOR UF
491, 165, 22, 8, POM
589, 164, 16, 10, SE
341, 165, 69, 10, 132625714
351, 240, 52, 15, FILIAÇÃO
342, 258, 238, 10, ARINILDA MICHAELLE IRAHA
341, 296, 188, 10, ARBEX WILTON MARTIN
340, 316, 60, 9, DA CRUZ
