136, 118, 39, 19, NOME
133, 142, 229, 10, CHUERI CERASI JHONATHAN
380, 216, 23, 16, CPF
372, 240, 123, 12, 553.445.471-70
598, 390, 53, 17, CAT. HAB.
612, 414, 7, 8, D
504, 444, 93, 15, 1ª HABILITAÇÃO
508, 462, 105, 14, 16/03/2001
356, 445, 56, 13, VALIDADE
349, 461, 106, 15, 19/08/1965
136, 442, 74, 15, Nº REGISTRO
130, 460, 96, 11, 43450407657
689, 680, -23, -13, VÁLIDA EM TODO
49, 320, 24, 149, 4475373
542, 217, 105, 16, DATA NASCIMENTO
544, 240, 77, 14, 22/07/2008
376, 166, 211, 19, DOC. IDENTIDADE/ÓRG EMISSOR/UF
374, 193, 142, 14, 051241171 SEJ MG
377, 263, 53, 15, FILIAÇÃO
372, 289, 149, 10, MADALENA SALVIN
370, 315, 52, 9, MENDES
373, 339, 231, 9, YAKUSHIJIN COLETA ABRAMOVI
381, 363, 79, 9, RODRIGUES
