171, 136, 45, 15, NOME
161, 152, 273, 14, ESTACIO HABERKORN ASAKAWA
459, 239, 38, 17, CPF
443, 255, 184, 15, 223.916.574-04
737, 425, 64, 19, CAT. HAB.
751, 450, 10, 12, D
615, 490, 106, 18, 1ª HABILITAÇÃO
630, 510, 108, 15, 02/12/1982
436, 490, 66, 18, VALIDADE
439, 510, 127, 16, 01/12/2020
162, 492, 86, 19, Nº REGISTRO
198, 510, 151, 16, 02332665183
26, 350, 23, 157, VÁLIDA EM TODO
86, 351, 23, 199, 043706068
672, 233, 130, 18, DATA NASCIMENTO
666, 254, 106, 15, 24/02/1998
461, 182, 235, 18, DOC. IDENTIDADE/ÓRG EMISSOR UF
640, 203, 27, 10, SNJ
455, 202, 96, 12, 932528636
763, 201, 20, 11, SP
463, 287, 65, 20, FILIAÇÃO
451, 311, 219, 12, SIPRIANI ZORDAN FANG
452, 334, 75, 12, PEREIRA
451, 356, 224, 12, MICHAELIS MACCHETTI
451, 378, 95, 12, DA COSTA
