170, 110, 50, 16, NOME
160, 126, 343, 12, BIERRENBACH ANAE SPLENDORELLI
469, 217, 32, 17, CPF
456, 235, 179, 19, 038.114.919-62
759, 411, 57, 21, CAT. HAB.
771, 435, 9, 11, C
631, 473, 108, 20, 1ª HABILITAÇÃO
645, 495, 126, 16, 27/09/1997
444, 473, 69, 21, VALIDADE
440, 496, 118, 15, 07/02/2009
163, 474, 90, 17, Nº REGISTRO
199, 495, 129, 13, 92750260383
24, 337, 24, 179, VÁLIDA EM TODO
85, 348, 24, 192, 072599822
694, 218, 123, 16, DATA NASCIMENTO
679, 235, 108, 13, 04/09/1987
467, 159, 247, 20, DOC. IDENTIDADE/ÓRG EMISSOR UF
463, 181, 86, 11, 104123795
653, 182, 27, 10, POM
781, 181, 19, 11, SC
472, 268, 67, 20, FILIAÇÃO
461, 292, 238, 11, SIVIDAL KIELING PAVESE
464, 314, 74, 12, FREITAS
462, 336, 257, 13, FARIAS BETTI GAZZOLA
460, 361, 39, 10, LIMA
