117, 117, 38, 12, NOME
109, 132, 227, 10, FAVA STEFANELI KAWAHARA
348, 208, 27, 13, CPF
343, 222, 135, 11, 765.226.745-56
573, 372, 49, 16, CAT. HAB.
583, 391, 8, 9, C
476, 424, 86, 15, 1ª HABILITAÇÃO
488, 435, 97, 19, 27/04/1974
328, 424, 54, 13, VALIDADE
334, 437, 98, 17, 02/05/1993
112, 420, 71, 17, Nº REGISTRO
140, 439, 118, 13, 24554500997
16, 297, 15, 135, VÁLIDA EM TODO
58, 333, 18, 140, 404242510
520, 207, 100, 14, DATA NASCIMENTO
514, 219, 87, 16, 09/05/2003
350, 160, 187, 15, DOC. IDENTIDADE/ÓRG EMISSOR UF
493, 179, 22, 8, SES
591, 180, 15, 7, SP
345, 178, 68, 9, 912761751
350, 252, 54, 15, FILIAÇÃO
343, 269, 217, 10, COLONELLO VALLE SIMPLI
344, 308, 196, 10, BARRETA TSUKAYAMA NI
