150, 129, 56, 16, NOME
144, 148, 226, 12, MATAS MASUKO KAWACH
441, 239, 34, 19, CPF
435, 259, 149, 13, 974.683.376-67
723, 434, 59, 18, CAT. HAB.
735, 460, 8, 9, A
600, 495, 105, 18, 1ª HABILITAÇÃO
615, 517, 127, 16, 21/02/1963
413, 493, 72, 19, VALIDADE
422, 507, 126, 23, 17/04/1950
147, 490, 87, 19, Nº REGISTRO
181, 512, 118, 14, 13445220628
23, 345, 22, 163, VÁLIDA EM TODO
70, 354, 23, 192, 534195850
659, 241, 127, 18, DATA NASCIMENTO
646, 260, 105, 15, 23/02/1951
445, 182, 240, 19, DOC. IDENTIDADE/ÓRG EMISSOR UF
624, 207, 28, 10, SSP
747, 208, 19, 11, PB
434, 203, 104, 13, 758145111
450, 293, 60, 15, FILIAÇÃO
435, 313, 193, 13, JOMAR SCALIARIS
432, 359, 237, 14, CAIRE BOTTIGLIA C
435, 380, 115, 13, RODRIGUES
