139, 135, 47, 19, NOME
131, 154, 275, 13, ADALGISO RISO MINUCCI
414, 251, 35, 16, CPF
404, 269, 179, 16, 644.069.717-00
680, 458, 58, 19, CAT. HAB.
695, 483, 9, 11, D
566, 524, 107, 19, 1ª HABILITAÇÃO
583, 545, 127, 16, 29/12/1959
393, 521, 66, 22, VALIDADE
400, 541, 128, 17, 05/07/1986
138, 520, 87, 19, Nº REGISTRO
171, 543, 136, 14, 14925230551
23, 375, 20, 163, VÁLIDA EM TODO
66, 408, 27, 183, 523060292
614, 252, 126, 17, DATA NASCIMENTO
605, 271, 127, 16, 21/12/2006
415, 192, 222, 17, DOC. IDENTIDADE/ÓRG EMISSOR UF
408, 211, 105, 13, 567722363
586, 214, 31, 12, SDS
700, 214, 19, 11, PB
420, 305, 62, 20, FILIAÇÃO
412, 330, 283, 12, SCHMIDT RAMACCIOTTI TENENB
410, 353, 64, 11, BARROS
409, 379, 230, 14, VANDA ANOUCH ISQUERDO
411, 402, 82, 12, DA MATA
