150, 131, 49, 18, NOME
141, 150, 219, 13, SODRE ENIR MONIWA
450, 241, 36, 17, CPF
441, 259, 164, 13, 665.235.000-98
742, 438, 63, 15, CAT. HAB.
752, 460, 8, 10, B
612, 499, 111, 21, 1ª HABILITAÇÃO
631, 522, 117, 15, 09/02/1957
427, 503, 65, 16, VALIDADE
428, 520, 127, 15, 04/12/1952
142, 500, 91, 15, Nº REGISTRO
178, 520, 137, 14, 23436131131
19, 344, 22, 163, VÁLIDA EM TODO
78, 371, 23, 193, 057056933
671, 240, 129, 18, DATA NASCIMENTO
662, 260, 107, 14, 25/06/1996
450, 182, 246, 22, DOC. IDENTIDADE/ÓRG EMISSOR UF
638, 207, 28, 9, POM
764, 207, 20, 11, SC
446, 204, 105, 19, 964904470
452, 293, 70, 18, FILIAÇÃO
442, 316, 173, 11, AVILEZ A GILBERT
445, 362, 270, 13, TERAMUSSI FUNG PENITE
443, 383, 67, 14, GOMES
