119, 107, 37, 11, NOME
113, 118, 256, 11, LAURELLI LENNON CASSETTARI
353, 191, 26, 14, CPF
341, 207, 137, 16, 244.265.735-05
574, 352, 52, 15, CAT. HAB.
585, 371, 18, 10, AB
478, 404, 90, 16, 1ª HABILITAÇÃO
491, 420, 108, 14, 05/01/2013
333, 408, 57, 15, VALIDADE
336, 422, 96, 17, 17/10/1950
118, 408, 69, 15, Nº REGISTRO
144, 425, 107, 11, 28703942048
18, 292, 19, 140, VÁLIDA EM TODO
59, 280, 22, 174, 862427110
519, 190, 106, 14, DATA NASCIMENTO
517, 204, 97, 15, 23/02/1986
354, 146, 185, 12, DOC. IDENTIDADE/ÓRG EMISSOR UF
343, 161, 79, 10, 600025688
494, 161, 33, 8, SESP
592, 161, 18, 8, MG
356, 234, 55, 17, FILIAÇÃO
347, 251, 219, 12, BALBUENA DRIELI OLTE
345, 291, 227, 10, BERNARDELI NATHALIA FOZ
355, 311, 44, 9, GOMES
