134, 109, 38, 15, NOME
134, 132, 267, 11, PEROBELLI ESTEVO LASEVICIUS
379, 208, 27, 15, CPF
373, 232, 111, 12, 282.372.368-40
600, 384, 55, 19, CAT. HAB.
611, 410, 8, 9, B
504, 437, 89, 17, 1ª HABILITAÇÃO
509, 457, 106, 14, 30/01/1966
355, 437, 57, 14, VALIDADE
350, 455, 106, 15, 05/10/1991
138, 433, 77, 19, Nº REGISTRO
139, 453, 106, 11, 31941672612
15, 310, 15, 131, VÁLIDA EM TODO
56, 297, 22, 176, 281905323
544, 206, 106, 19, DATA NASCIMENTO
548, 234, 95, 13, 10/09/1961
376, 158, 214, 19, DOC. IDENTIDADE/ÓRG EMISSOR/UF
375, 184, 157, 11, 735185906 SSP SC
377, 258, 53, 13, FILIAÇÃO
372, 283, 198, 12, CURCIO RIZERIO FIL
370, 309, 62, 9, MARTINS
371, 332, 196, 11, CASERTA RIZZOLI COBIAK
