117, 115, 40, 15, NOME
110, 130, 216, 10, LANDSBERGER TARRA FABRIC
349, 203, 25, 15, CPF
342, 219, 136, 12, 352.812.051-70
574, 367, 48, 15, CAT. HAB.
586, 386, 8, 9, A
476, 422, 87, 13, 1ª HABILITAÇÃO
490, 435, 107, 15, 14/01/1983
333, 422, 55, 15, VALIDADE
333, 438, 87, 13, 13/02/1965
115, 420, 68, 15, Nº REGISTRO
141, 439, 106, 11, 19225641024
17, 296, 17, 127, VÁLIDA EM TODO
62, 297, 20, 165, 915974000
521, 204, 100, 13, DATA NASCIMENTO
514, 218, 95, 13, 04/07/1961
349, 156, 188, 15, DOC. IDENTIDADE/ÓRG EMISSOR UF
494, 173, 29, 10, SPTC
591, 173, 16, 9, ES
344, 172, 70, 11, 078205757
351, 247, 54, 18, FILIAÇÃO
345, 265, 207, 12, PAIS CAJERON MICHIE
345, 303, 208, 12, DINIS TARDEGO SASAO
