82, 86, 29, 11, NOME
78, 97, 167, 9, JOFFILY RAIGORODSKY B
255, 154, 23, 11, CPF
250, 163, 95, 13, 499.000.317-92
423, 276, 39, 14, CAT. HAB.
430, 294, 7, 6, A
350, 318, 64, 10, 1ª HABILITAÇÃO
359, 330, 77, 13, 16/11/1954
239, 317, 47, 11, VALIDADE
242, 330, 77, 9, 19/04/2016
79, 313, 53, 16, Nº REGISTRO
100, 331, 84, 9, 32484572680
6, 226, 11, 103, VÁLIDA EM TODO
39, 234, 14, 114, 063829555
384, 153, 79, 13, DATA NASCIMENTO
378, 166, 68, 9, 27/10/1990
257, 120, 146, 11, DOC. IDENTIDADE/ÓRG EMISSOR UF
253, 132, 61, 8, 365226749
365, 133, 27, 7, SESP
438, 133, 16, 9, SC
260, 189, 37, 9, FILIAÇÃO
251, 203, 175, 9, DRUZZILI STIPP LEISTER
249, 230, 159, 10, WALDOW ANGOTTI COVAS
