159, 116, 45, 16, NOME
148, 139, 298, 12, PROCOPIO MONFORT BALSEIRO
446, 231, 27, 16, CPF
425, 251, 193, 20, 718.727.996-55
703, 439, 67, 19, CAT. HAB.
717, 466, 11, 12, C
638, 499, 110, 18, 1ª HABILITAÇÃO
619, 517, 127, 18, 31/12/2012
462, 497, 68, 16, VALIDADE
427, 516, 135, 18, 15/02/1953
161, 495, 88, 19, Nº REGISTRO
178, 517, 141, 19, 01977277790
15, 357, 23, 164, VÁLIDA EM TODO
-1, 73, 198, 23, 408850951
647, 232, 127, 20, DATA NASCIMENTO
643, 252, 126, 15, 13/03/1959
448, 174, 252, 18, DOC. IDENTIDADE/ÓRG EMISSOR/UF
426, 193, 176, 13, 574659122 POF SC
446, 289, 64, 19, FILIAÇÃO
434, 314, 282, 13, DALCIO ANTEGHINI CARRI
430, 341, 104, 13, CARVALHO
433, 377, 284, 13, KENNDY DIOSEF PORTUGAL
430, 408, 64, 12, NOVAES
