112, 113, 38, 13, NOME
106, 127, 219, 11, WEINFELD HASHIYAMA YIU
341, 204, 32, 11, CPF
335, 217, 137, 12, 272.393.160-92
570, 363, 51, 18, CAT. HAB.
582, 384, 7, 9, E
474, 419, 91, 13, 1ª HABILITAÇÃO
482, 434, 102, 13, 13/04/1984
327, 417, 54, 15, VALIDADE
330, 434, 96, 13, 15/09/2005
106, 418, 75, 15, Nº REGISTRO
131, 435, 116, 12, 46855981991
7, 288, 18, 136, VÁLIDA EM TODO
-1, 57, 158, 19, 317995891
518, 202, 99, 13, DATA NASCIMENTO
508, 215, 97, 13, 02/07/1994
344, 156, 189, 12, DOC. IDENTIDADE/ÓRG EMISSOR UF
585, 167, 20, 9, MG
486, 170, 31, 9, SPTC
337, 170, 86, 11, 649666677
350, 245, 51, 16, FILIAÇÃO
341, 262, 175, 11, POLLO THAMA BIGELI
339, 299, 187, 12, GLEISON RIZK FINA
341, 322, 69, 10, MOREIRA
