122, 112, 40, 16, NOME
116, 122, 218, 20, FINOTTO STOREL BRISOLA
359, 204, 22, 13, CPF
347, 217, 149, 13, 939.520.061-81
582, 364, 45, 17, CAT. HAB.
594, 385, 9, 9, D
484, 418, 87, 17, 1ª HABILITAÇÃO
499, 434, 107, 15, 23/05/1978
338, 418, 60, 16, VALIDADE
341, 435, 97, 12, 25/06/1998
118, 418, 73, 16, Nº REGISTRO
145, 435, 129, 13, 98455475845
18, 287, 16, 139, VÁLIDA EM TODO
57, 295, 19, 149, 506021159
526, 201, 104, 13, DATA NASCIMENTO
517, 217, 96, 13, 23/10/2000
353, 153, 189, 17, DOC. IDENTIDADE/ÓRG EMISSOR UF
352, 173, 85, 11, 752628884
500, 172, 26, 9, SES
597, 171, 19, 10, RJ
360, 245, 55, 16, FILIAÇÃO
347, 263, 207, 12, TRAINA IANNONE BR
350, 283, 76, 11, MARTINS
351, 302, 225, 10, SIMOES GEOVANA CARNAGHI
352, 320, 64, 11, DA LUZ
