128, 107, 35, 11, NOME
116, 123, 229, 10, BRONIZESKI BERGER ARCHA
354, 194, 27, 17, CPF
342, 210, 149, 20, 993.188.311-10
562, 366, 55, 14, CAT. HAB.
580, 387, 8, 10, B
511, 414, 89, 13, 1ª HABILITAÇÃO
497, 429, 107, 14, 29/05/1959
369, 412, 55, 13, VALIDADE
340, 428, 97, 12, 21/01/1980
127, 409, 72, 17, Nº REGISTRO
148, 427, 117, 13, 39524925276
17, 292, 18, 130, VÁLIDA EM TODO
63, 319, 24, 141, 466423389
517, 197, 104, 17, DATA NASCIMENTO
513, 215, 97, 16, 18/02/2014
357, 153, 205, 15, DOC. IDENTIDADE/ÓRG EMISSOR/UF
341, 169, 158, 12, 633413045 POF TO
357, 244, 52, 14, FILIAÇÃO
346, 264, 195, 15, LORDELLO TACIN PLE
346, 286, 97, 12, RODRIGUES
345, 315, 231, 11, CAVALMORETTI LORIGGIO
