128, 107, 35, 11, NOME
117, 123, 227, 10, PERASSOLLI MEIER PINGUE
354, 194, 27, 17, CPF
340, 215, 149, 15, 177.168.741-01
562, 366, 55, 14, CAT. HAB.
580, 387, 7, 10, D
511, 414, 89, 13, 1ª HABILITAÇÃO
496, 428, 108, 17, 03/12/2016
369, 412, 55, 13, VALIDADE
340, 428, 97, 12, 17/09/2008
127, 409, 72, 17, Nº REGISTRO
147, 427, 118, 13, 85822039834
17, 292, 18, 130, VÁLIDA EM TODO
63, 319, 18, 141, 228480799
517, 197, 104, 17, DATA NASCIMENTO
513, 215, 97, 15, 26/07/1984
357, 153, 205, 15, DOC. IDENTIDADE/ÓRG EMISSOR/UF
341, 169, 167, 11, 963434135 SESP RN
357, 244, 52, 14, FILIAÇÃO
346, 259, 196, 16, ULRICH ALBORNOZ DA
346, 286, 76, 12, REZENDE
347, 315, 229, 12, SAMPIERI DANDREA GIUL
