158, 124, 53, 16, NOME
151, 138, 258, 11, ALINNE MATTIAZZO GIULIANNY
457, 228, 31, 15, CPF
443, 244, 151, 18, 859.208.275-72
738, 414, 59, 20, CAT. HAB.
753, 438, 21, 11, AB
608, 477, 115, 19, 1ª HABILITAÇÃO
632, 497, 116, 15, 18/09/1986
430, 482, 67, 15, VALIDADE
432, 499, 106, 14, 30/10/1984
151, 482, 93, 18, Nº REGISTRO
186, 500, 140, 15, 88340650633
25, 344, 25, 163, VÁLIDA EM TODO
81, 339, 26, 223, 405292780
673, 226, 127, 15, DATA NASCIMENTO
662, 242, 116, 16, 27/02/2012
457, 172, 236, 16, DOC. IDENTIDADE/ÓRG EMISSOR UF
760, 190, 22, 11, MG
635, 191, 27, 10, SJS
447, 192, 84, 11, 342523041
459, 279, 68, 20, FILIAÇÃO
452, 345, 270, 12, LYUSSEI PIZORUSSO BORETTI
448, 299, 238, 12, SARKISSIAN YUGI CASALI
