129, 106, 37, 15, NOME
125, 128, 217, 11, CLERICI VEAUVY PANUCCI
374, 202, 27, 15, CPF
367, 226, 111, 12, 518.350.664-70
375, 373, 69, 16, PERMISSÃO
372, 395, 88, 12, PERMISSÃO
593, 372, 55, 15, CAT. HAB.
602, 398, 9, 8, D
501, 426, 86, 17, 1ª HABILITAÇÃO
502, 444, 97, 12, 23/10/1958
349, 428, 60, 17, VALIDADE
346, 446, 97, 14, 05/02/1975
129, 426, 79, 20, Nº REGISTRO
130, 446, 94, 10, 32052093106
11, 302, 17, 141, VÁLIDA EM TODO
55, 289, 22, 174, 647170773
540, 200, 107, 17, DATA NASCIMENTO
543, 224, 77, 9, 16/09/1976
375, 154, 210, 16, DOC. IDENTIDADE/ÓRG EMISSOR/UF
369, 177, 141, 14, 051779006 POF SP
373, 250, 56, 15, FILIAÇÃO
367, 275, 175, 12, ANAUE FILIPPI PRADA
368, 299, 79, 10, DA ROCHA
369, 324, 205, 10, NOFFS HEGUEDUSCH LENITA
368, 349, 80, 10, MONTEIRO
