117, 116, 38, 12, NOME
108, 131, 199, 10, KASTEN IMAGAWA RONDO
348, 207, 27, 13, CPF
341, 221, 136, 11, 495.176.639-60
573, 371, 49, 16, CAT. HAB.
584, 391, 8, 9, D
476, 423, 86, 15, 1ª HABILITAÇÃO
487, 435, 97, 19, 07/12/2016
328, 423, 54, 13, VALIDADE
335, 436, 97, 17, 12/10/2003
112, 419, 71, 17, Nº REGISTRO
140, 438, 118, 13, 27531911672
16, 296, 15, 135, VÁLIDA EM TODO
58, 332, 18, 140, 079377607
520, 206, 100, 14, DATA NASCIMENTO
514, 218, 86, 16, 15/03/2000
350, 159, 187, 15, DOC. IDENTIDADE/ÓRG EMISSOR UF
493, 178, 22, 8, POF
590, 178, 17, 9, BA
344, 176, 70, 10, 823697265
350, 251, 54, 15, FILIAÇÃO
344, 268, 218, 10, SISTI SHIRAKI POLLYANN
343, 307, 200, 10, GESSA TAMBURUS DASIO
