156, 121, 47, 18, NOME
144, 133, 321, 15, ABRAMOVICI ZAKKA MARIAN
447, 224, 30, 16, CPF
436, 242, 149, 13, 664.346.198-71
724, 414, 56, 15, CAT. HAB.
739, 436, 9, 11, D
602, 477, 104, 16, 1ª HABILITAÇÃO
611, 495, 121, 15, 31/12/1982
422, 480, 63, 16, VALIDADE
422, 498, 115, 20, 13/09/1978
148, 482, 89, 19, Nº REGISTRO
180, 500, 140, 14, 07066215802
16, 335, 22, 177, VÁLIDA EM TODO
70, 322, 23, 190, 934186691
660, 220, 125, 16, DATA NASCIMENTO
649, 238, 107, 15, 19/12/1972
447, 167, 233, 16, DOC. IDENTIDADE/ÓRG EMISSOR UF
439, 188, 97, 12, 842193510
626, 186, 30, 11, SJS
749, 183, 20, 12, RS
446, 272, 67, 21, FILIAÇÃO
435, 342, 263, 11, COLLACO TIBERTI RIVELLIS
436, 365, 44, 12, MELO
434, 294, 207, 10, ALBARELLI FRAGA TOSTE
