102, 114, 41, 12, NOME
94, 131, 229, 10, LARATTA TOGASHI ADOLPHO
338, 202, 26, 17, CPF
327, 221, 137, 11, 147.774.338-38
563, 369, 45, 15, CAT. HAB.
572, 387, 7, 10, E
465, 422, 85, 15, 1ª HABILITAÇÃO
477, 438, 97, 14, 17/02/1987
319, 418, 57, 17, VALIDADE
322, 435, 97, 15, 20/11/1990
100, 416, 69, 20, Nº REGISTRO
130, 436, 106, 11, 39582767359
5, 287, 16, 140, VÁLIDA EM TODO
-1, 51, 161, 18, 337148430
509, 206, 99, 14, DATA NASCIMENTO
500, 220, 98, 12, 20/10/2013
333, 158, 199, 15, DOC. IDENTIDADE/ÓRG EMISSOR UF
333, 173, 88, 11, 847403075
483, 175, 26, 10, SJS
579, 175, 16, 9, SC
341, 251, 53, 13, FILIAÇÃO
330, 269, 205, 9, HORTAL MAJOLINI IMAGAWA
333, 306, 188, 10, RINCK BRAGATO MILOS
333, 324, 68, 11, MARTINS
