151, 129, 56, 16, NOME
145, 148, 226, 12, DELLISA LEVI PUGGIN
442, 239, 34, 19, CPF
434, 259, 149, 13, 450.462.758-21
724, 434, 59, 18, CAT. HAB.
735, 459, 9, 11, C
601, 495, 105, 18, 1ª HABILITAÇÃO
616, 517, 125, 16, 28/04/1951
414, 493, 72, 19, VALIDADE
422, 507, 127, 23, 24/05/1985
148, 490, 87, 19, Nº REGISTRO
182, 512, 118, 13, 11632011855
24, 345, 22, 163, VÁLIDA EM TODO
71, 354, 23, 191, 112312368
660, 241, 127, 18, DATA NASCIMENTO
647, 260, 107, 16, 22/01/1957
446, 182, 240, 19, DOC. IDENTIDADE/ÓRG EMISSOR UF
625, 207, 38, 10, SPTC
746, 208, 21, 10, MG
436, 203, 105, 13, 445700993
451, 293, 60, 15, FILIAÇÃO
436, 313, 207, 13, MUNE FERMI ANUNC
433, 359, 238, 14, CAVALLAR KIRSCHBA
436, 380, 103, 13, SILVEIRA
