118, 100, 46, 14, NOME
114, 116, 227, 14, IKEDO MALAQUIAS SAMIN
352, 193, 26, 13, CPF
345, 207, 149, 15, 990.615.816-64
574, 356, 50, 17, CAT. HAB.
588, 378, 6, 8, D
477, 411, 84, 14, 1ª HABILITAÇÃO
489, 425, 107, 14, 23/03/1983
333, 409, 50, 16, VALIDADE
333, 425, 105, 13, 17/04/1952
111, 404, 71, 17, Nº REGISTRO
140, 423, 117, 13, 38395894678
14, 288, 18, 131, VÁLIDA EM TODO
61, 294, 24, 149, 289217460
522, 194, 103, 13, DATA NASCIMENTO
515, 209, 97, 12, 21/09/2020
351, 145, 189, 14, DOC. IDENTIDADE/ÓRG EMISSOR UF
343, 161, 79, 10, 611669225
495, 165, 22, 8, SSP
592, 164, 20, 8, MG
353, 236, 52, 15, FILIAÇÃO
344, 254, 248, 10, YANAGUITA VICTORINO GALIN
343, 293, 196, 11, CATAO MATSUTANI OD
344, 310, 80, 10, CARVALHO
