122, 110, 41, 13, NOME
117, 125, 209, 10, SERVILHA SANADA SORIO
355, 203, 28, 12, CPF
345, 217, 138, 14, 850.788.637-02
580, 364, 47, 17, CAT. HAB.
591, 385, 8, 7, D
478, 418, 89, 13, 1ª HABILITAÇÃO
497, 434, 106, 14, 29/10/2002
336, 417, 55, 15, VALIDADE
340, 428, 97, 17, 29/08/1987
114, 416, 73, 14, Nº REGISTRO
142, 427, 96, 15, 13395625254
12, 299, 17, 135, VÁLIDA EM TODO
55, 282, 20, 166, 659941839
527, 204, 103, 13, DATA NASCIMENTO
520, 218, 97, 12, 26/04/1967
358, 153, 192, 15, DOC. IDENTIDADE/ÓRG EMISSOR UF
349, 171, 78, 10, 671985012
501, 173, 22, 8, POM
598, 174, 14, 9, PI
356, 246, 56, 15, FILIAÇÃO
350, 259, 219, 16, LUCIE FRACCHIA LAFRAIA
351, 303, 177, 9, PINHO AUKAR BACOVSKY
352, 321, 69, 9, FERREIRA
