129, 114, 35, 17, NOME
124, 136, 196, 9, LABRONICI AYAKA FREDDY
371, 212, 27, 15, CPF
366, 236, 136, 11, 920.600.718-10
593, 389, 54, 17, CAT. HAB.
601, 415, 8, 10, E
496, 443, 92, 19, 1ª HABILITAÇÃO
497, 464, 97, 13, 25/02/2007
345, 443, 63, 16, VALIDADE
339, 458, 106, 19, 24/04/1954
125, 443, 77, 15, Nº REGISTRO
126, 461, 128, 13, 76795264893
12, 305, 17, 141, VÁLIDA EM TODO
51, 306, 20, 166, 225512028
543, 212, 106, 17, DATA NASCIMENTO
540, 236, 108, 15, 07/08/1964
373, 160, 215, 19, DOC. IDENTIDADE/ÓRG EMISSOR/UF
368, 186, 168, 12, 852552841 SESP PE
370, 261, 57, 17, FILIAÇÃO
363, 288, 219, 12, GOBEL EMRANI PANARIELL
363, 315, 47, 9, MENDES
363, 338, 231, 12, DALMO SLOBODTICOV JEF
365, 364, 70, 10, DA ROSA
