117, 114, 40, 15, NOME
110, 129, 177, 9, KAWADA ELVIO PETROLI
349, 202, 25, 15, CPF
341, 218, 135, 12, 004.743.033-81
574, 366, 48, 15, CAT. HAB.
585, 385, 8, 11, C
476, 421, 87, 13, 1ª HABILITAÇÃO
490, 434, 107, 15, 25/06/1976
333, 421, 55, 15, VALIDADE
332, 436, 88, 18, 24/10/1963
115, 419, 68, 15, Nº REGISTRO
140, 438, 107, 16, 55438556704
17, 295, 17, 127, VÁLIDA EM TODO
62, 296, 20, 165, 622823160
521, 203, 100, 13, DATA NASCIMENTO
513, 217, 96, 13, 27/10/1951
349, 155, 188, 15, DOC. IDENTIDADE/ÓRG EMISSOR UF
494, 172, 21, 9, SSP
590, 172, 17, 9, CE
345, 171, 69, 11, 890662927
351, 246, 54, 18, FILIAÇÃO
344, 264, 207, 12, HIRSCHHEIMER WANSCH
344, 302, 228, 12, GUBITOSO COVELLO LUCI
