160, 115, 45, 16, NOME
149, 136, 245, 13, PEZZO JADER AMANDAE
447, 230, 27, 16, CPF
428, 249, 189, 18, 331.265.452-11
704, 438, 67, 19, CAT. HAB.
719, 465, 21, 12, AB
639, 498, 110, 18, 1ª HABILITAÇÃO
621, 515, 126, 19, 01/08/1977
463, 496, 68, 16, VALIDADE
428, 514, 139, 19, 14/11/1995
162, 494, 88, 19, Nº REGISTRO
181, 515, 138, 15, 36666380088
16, 356, 23, 164, VÁLIDA EM TODO
74, 378, 23, 207, 000790548
648, 231, 127, 20, DATA NASCIMENTO
642, 252, 127, 18, 06/10/1977
449, 173, 252, 18, DOC. IDENTIDADE/ÓRG EMISSOR/UF
429, 194, 174, 12, 549081811 SES AM
447, 288, 64, 19, FILIAÇÃO
435, 313, 285, 13, RAINHO MARAMBIO SHIINO
432, 340, 114, 13, RODRIGUES
435, 376, 322, 13, PULTRINI GRACIANGELA YUIC
430, 407, 55, 12, MOURA
