159, 116, 45, 16, NOME
146, 139, 273, 12, VIZENTIM LYUJI GRIZILLI
446, 231, 27, 16, CPF
427, 250, 191, 18, 359.924.399-94
703, 439, 67, 19, CAT. HAB.
718, 466, 10, 12, D
638, 499, 110, 18, 1ª HABILITAÇÃO
619, 516, 128, 18, 22/05/2016
462, 497, 68, 16, VALIDADE
425, 516, 136, 18, 05/04/1958
161, 495, 88, 19, Nº REGISTRO
178, 516, 141, 15, 79799286596
15, 357, 23, 164, VÁLIDA EM TODO
-1, 73, 199, 23, 983989800
647, 232, 127, 20, DATA NASCIMENTO
642, 252, 126, 15, 29/05/1987
448, 174, 252, 18, DOC. IDENTIDADE/ÓRG EMISSOR/UF
426, 193, 176, 14, 327299393 SJS SC
446, 289, 64, 19, FILIAÇÃO
433, 314, 260, 13, ABDALA SHANNON CALZA
431, 341, 62, 13, ALVES
433, 377, 298, 13, TOFOLI SERIKYAKU TIENGO
430, 408, 54, 12, SILVA
