135, 118, 47, 18, NOME
127, 138, 240, 11, ZANOVELI BURMANN BLANC
430, 226, 29, 20, CPF
416, 247, 166, 15, 020.872.017-06
712, 422, 61, 18, CAT. HAB.
726, 446, 6, 7, B
593, 486, 106, 19, 1ª HABILITAÇÃO
611, 505, 116, 15, 26/07/2002
412, 484, 70, 17, VALIDADE
413, 503, 106, 14, 21/12/1984
139, 480, 89, 20, Nº REGISTRO
176, 502, 117, 12, 24046550292
14, 10, 18, 26, VÁLIDA EM TODO
71, 330, 32, 201, 162045327
643, 229, 122, 15, DATA NASCIMENTO
632, 248, 118, 15, 04/11/2005
426, 171, 240, 21, DOC. IDENTIDADE/ÓRG EMISSOR UF
421, 192, 96, 13, 858473860
605, 195, 31, 11, SEJ
726, 197, 18, 9, PA
432, 280, 68, 16, FILIAÇÃO
420, 302, 195, 12, WELLINGTON SHIMOMI 
424, 348, 251, 12, JOSANE VALDASTRI BARA
