146, 130, 50, 18, NOME
140, 149, 260, 12, SABLICH LOURAS FACUNDINI
443, 236, 35, 18, CPF
436, 254, 178, 16, 504.336.084-47
726, 431, 62, 16, CAT. HAB.
743, 452, 8, 11, D
601, 494, 114, 15, 1ª HABILITAÇÃO
621, 511, 126, 15, 22/04/1964
418, 494, 70, 16, VALIDADE
425, 510, 107, 16, 27/03/1953
142, 486, 91, 22, Nº REGISTRO
181, 509, 139, 14, 40289807018
10, 350, 25, 163, VÁLIDA EM TODO
72, 332, 24, 192, 540584977
655, 237, 135, 16, DATA NASCIMENTO
652, 255, 107, 16, 16/02/2015
445, 182, 239, 19, DOC. IDENTIDADE/ÓRG EMISSOR UF
439, 199, 97, 14, 452465199
627, 204, 28, 10, SDS
749, 202, 21, 12, AL
450, 287, 66, 20, FILIAÇÃO
437, 310, 253, 12, CHUO TORIYAMA GUALBERTO
434, 356, 264, 12, JANINE OLIVIERI RAPHAE
437, 377, 70, 12, BARROS
