133, 108, 38, 15, NOME
133, 131, 297, 11, FALCARELLA RAVAGNOLLI GRIMBERG
378, 207, 27, 15, CPF
372, 231, 109, 12, 208.838.113-91
599, 383, 55, 19, CAT. HAB.
610, 409, 7, 8, D
503, 436, 89, 17, 1ª HABILITAÇÃO
506, 455, 108, 15, 08/10/2003
354, 436, 57, 14, VALIDADE
350, 454, 107, 15, 21/07/1992
137, 432, 77, 19, Nº REGISTRO
137, 452, 105, 11, 11239303731
14, 309, 15, 131, VÁLIDA EM TODO
55, 296, 22, 176, 297436525
543, 205, 106, 19, DATA NASCIMENTO
547, 233, 95, 13, 11/12/1951
375, 157, 214, 19, DOC. IDENTIDADE/ÓRG EMISSOR/UF
374, 183, 156, 11, 114160892 SDS SP
376, 257, 53, 13, FILIAÇÃO
372, 282, 202, 12, ARAMAKI MORELLO NA
370, 308, 42, 9, ALVES
371, 332, 186, 9, HITOS CAMILLI BONISSI
