130, 106, 37, 15, NOME
126, 123, 220, 21, CHEFFER YASUTA JOCELIA
375, 202, 27, 15, CPF
368, 226, 111, 12, 483.461.954-00
376, 373, 69, 16, PERMISSÃO
373, 395, 88, 12, PERMISSÃO
594, 372, 55, 15, CAT. HAB.
603, 398, 9, 8, D
502, 426, 86, 17, 1ª HABILITAÇÃO
502, 444, 98, 12, 04/12/1969
350, 428, 60, 17, VALIDADE
347, 446, 96, 14, 21/04/2004
130, 426, 79, 20, Nº REGISTRO
131, 446, 95, 10, 35006107598
12, 302, 17, 141, VÁLIDA EM TODO
56, 289, 22, 176, 290951370
541, 200, 107, 17, DATA NASCIMENTO
544, 224, 77, 10, 05/05/1973
376, 154, 210, 16, DOC. IDENTIDADE/ÓRG EMISSOR/UF
369, 177, 151, 11, 521572411 SPTC RS
374, 250, 56, 15, FILIAÇÃO
368, 275, 187, 12, LEONICE PECOLI SASSAN
369, 299, 67, 10, DA CRUZ
370, 324, 197, 12, BEZZON GIKAS CHIQUETTO
370, 349, 78, 10, DA COSTA
