135, 119, 47, 18, NOME
127, 139, 326, 11, SCHIEVANO PANEBIANCO INNOCENTI
430, 227, 29, 20, CPF
417, 248, 165, 15, 998.445.223-90
712, 423, 61, 18, CAT. HAB.
725, 447, 15, 7, AB
593, 487, 106, 19, 1ª HABILITAÇÃO
611, 506, 117, 15, 24/06/1995
412, 485, 70, 17, VALIDADE
414, 504, 106, 14, 19/08/1976
139, 481, 89, 20, Nº REGISTRO
176, 503, 117, 12, 10015654892
64, 216, 151, -151, VÁLIDA EM TODO
71, 327, 32, 205, 488169114
643, 230, 122, 15, DATA NASCIMENTO
634, 249, 114, 15, 15/03/2011
426, 172, 240, 21, DOC. IDENTIDADE/ÓRG EMISSOR UF
421, 193, 96, 13, 246129402
606, 196, 30, 11, SJS
725, 198, 19, 10, SP
432, 281, 68, 16, FILIAÇÃO
420, 303, 209, 12, CHEDID SANTANELLI E
423, 349, 239, 12, GIACOMETTI DRESSIANE
