145, 123, 49, 17, NOME
133, 144, 286, 12, BONISSI ALEXANDRIA DULCE
428, 223, 32, 18, CPF
408, 245, 165, 15, 026.348.958-28
683, 412, 71, 15, CAT. HAB.
708, 434, 10, 10, B
616, 462, 117, 19, 1ª HABILITAÇÃO
602, 481, 127, 16, 26/07/1990
446, 465, 71, 16, VALIDADE
407, 481, 126, 16, 29/06/1974
144, 465, 91, 15, Nº REGISTRO
162, 483, 138, 14, 10946668264
16, 324, 20, 156, VÁLIDA EM TODO
64, 341, 25, 177, 99629428
626, 224, 137, 17, DATA NASCIMENTO
623, 244, 107, 15, 25/01/1990
429, 171, 258, 19, DOC. IDENTIDADE/ÓRG EMISSOR UF
410, 193, 202, 13, 080032667 SESP RS
428, 275, 68, 17, FILIAÇÃO
411, 300, 263, 12, GIARDINO MARTINATI MAU
415, 354, 261, 12, ORBEA ENEDINO CONCHETI
413, 385, 88, 11, CARVALHO
