118, 100, 46, 14, NOME
111, 116, 252, 11, CICERA LEWINGER BUSSIUS
352, 193, 26, 13, CPF
343, 207, 151, 15, 618.350.118-29
574, 356, 50, 17, CAT. HAB.
588, 377, 8, 10, B
477, 411, 84, 14, 1ª HABILITAÇÃO
489, 425, 107, 14, 26/01/2015
333, 409, 50, 16, VALIDADE
332, 425, 107, 13, 28/12/2009
111, 404, 71, 17, Nº REGISTRO
139, 423, 118, 13, 63811770049
14, 288, 18, 131, VÁLIDA EM TODO
61, 294, 24, 148, 620027295
522, 194, 103, 13, DATA NASCIMENTO
516, 209, 95, 13, 31/07/1986
351, 145, 189, 14, DOC. IDENTIDADE/ÓRG EMISSOR UF
345, 161, 77, 11, 799989459
495, 165, 30, 8, SESP
594, 164, 16, 9, PE
353, 236, 52, 15, FILIAÇÃO
344, 254, 218, 10, KODAMA ESCAMILHA SATIE
345, 292, 193, 12, SORRENTINO TARCISI
346, 310, 66, 10, FREITAS
