236, 253, 92, 39, NOME
223, 298, 525, 22, FAVORETO KATSUYUKI BEMBO
778, 472, 63, 33, CPF
764, 507, 342, 27, 903.532.042-50
1279, 840, 111, 31, CAT. HAB.
1302, 882, 20, 22, D
1060, 962, 196, 29, 1ª HABILITAÇÃO
1104, 989, 242, 34, 11/09/1994
744, 963, 118, 25, VALIDADE
746, 995, 223, 31, 17/01/2011
232, 961, 166, 33, Nº REGISTRO
298, 1003, 213, 22, 13814088102
5, 682, 33, 309, VÁLIDA EM TODO
100, 642, 48, 395, 579255526
1162, 472, 236, 33, DATA NASCIMENTO
1149, 510, 204, 27, 03/07/1958
781, 363, 431, 37, DOC. IDENTIDADE/ÓRG EMISSOR UF
763, 403, 191, 24, 164378005
1098, 408, 66, 17, SESP
1322, 402, 44, 23, GO
788, 571, 118, 37, FILIAÇÃO
766, 614, 413, 27, ISIDE ELIER QUINTAL
759, 655, 99, 24, MELO
1220, 695, 24, 27, NABUCO SCHIEZARI L
766, 741, 120, 24, JESUS
