135, 111, 37, 21, NOME
131, 136, 229, 13, ALFEU TSUKAYAMA DAQUINO
374, 206, 28, 19, CPF
370, 235, 123, 11, 546.652.486-72
597, 383, 58, 15, CAT. HAB.
609, 407, 16, 9, AB
507, 438, 91, 15, 1ª HABILITAÇÃO
508, 455, 106, 15, 10/08/2013
351, 437, 61, 16, VALIDADE
343, 452, 116, 15, 24/09/2012
128, 430, 82, 22, Nº REGISTRO
126, 452, 118, 12, 52472966443
6, 299, 23, 142, VÁLIDA EM TODO
44, 315, 24, 147, 9543752
541, 208, 110, 16, DATA NASCIMENTO
545, 233, 97, 13, 27/09/1985
373, 158, 213, 21, DOC. IDENTIDADE/ÓRG EMISSOR/UF
369, 186, 141, 11, 146412002 SNJ BA
373, 256, 57, 17, FILIAÇÃO
371, 282, 157, 11, BUSSIOLI MANSORE
369, 306, 78, 10, FERREIRA
370, 331, 185, 10, FIUSA MURRER VISCHI
369, 355, 78, 9, DAS NEVES
