169, 110, 50, 16, NOME
159, 126, 319, 12, JULIANDRA PERALTA TUBERTINI
468, 217, 32, 17, CPF
455, 235, 180, 19, 270.079.561-06
758, 411, 57, 21, CAT. HAB.
770, 435, 9, 11, C
630, 473, 108, 20, 1ª HABILITAÇÃO
644, 495, 126, 15, 27/07/2009
443, 473, 69, 21, VALIDADE
440, 495, 117, 16, 22/08/1963
162, 474, 90, 17, Nº REGISTRO
198, 495, 126, 13, 48241767851
23, 337, 24, 179, VÁLIDA EM TODO
84, 349, 24, 191, 067010521
693, 218, 123, 16, DATA NASCIMENTO
678, 235, 107, 13, 02/05/1964
466, 159, 247, 20, DOC. IDENTIDADE/ÓRG EMISSOR UF
461, 181, 86, 11, 807041361
652, 182, 38, 10, SESP
780, 181, 19, 11, PA
471, 268, 67, 20, FILIAÇÃO
459, 292, 273, 11, LUCOVEIC SUAIDEN AGUILERA
462, 314, 97, 12, RODRIGUES
459, 336, 311, 13, GIULIANO DEPETRI SPECHOT
460, 361, 68, 10, PEIXOTO
