160, 116, 45, 16, NOME
149, 137, 229, 13, LEN MORENTI REMEDI
447, 231, 27, 16, CPF
427, 250, 192, 21, 051.999.709-33
704, 439, 67, 19, CAT. HAB.
719, 466, 10, 12, A
639, 499, 110, 18, 1ª HABILITAÇÃO
620, 517, 127, 17, 29/12/1954
463, 497, 68, 16, VALIDADE
426, 516, 137, 18, 21/04/2019
162, 495, 88, 19, Nº REGISTRO
181, 516, 137, 15, 35102539471
16, 357, 23, 164, VÁLIDA EM TODO
74, 373, 23, 197, 654272344
648, 232, 127, 20, DATA NASCIMENTO
643, 253, 126, 15, 24/07/2003
449, 174, 252, 18, DOC. IDENTIDADE/ÓRG EMISSOR/UF
431, 195, 171, 12, 364699196 POM PR
447, 289, 64, 19, FILIAÇÃO
435, 314, 311, 13, HABITZREUTER ALBERICI BA
432, 341, 102, 13, DA COSTA
434, 377, 323, 14, SCATAMBULO NADUDVARI BIAN
432, 408, 52, 12, PIRES
