164, 124, 45, 20, NOME
154, 143, 216, 10, BONANI MUNERATTI TURCI
451, 229, 33, 15, CPF
440, 246, 136, 11, 264.347.234-90
725, 409, 60, 19, CAT. HAB.
742, 435, 17, 10, AB
599, 472, 107, 15, 1ª HABILITAÇÃO
616, 490, 107, 14, 26/08/1954
422, 475, 71, 13, VALIDADE
421, 490, 107, 16, 23/01/1960
154, 472, 83, 19, Nº REGISTRO
185, 489, 150, 15, 67755938052
31, 332, 21, 151, VÁLIDA EM TODO
77, 322, 32, 201, 396631217
661, 228, 129, 15, DATA NASCIMENTO
653, 244, 107, 16, 22/11/1950
454, 174, 234, 16, DOC. IDENTIDADE/ÓRG EMISSOR UF
448, 193, 96, 12, 062736802
631, 195, 24, 9, SES
752, 193, 22, 12, TO
455, 273, 64, 20, FILIAÇÃO
444, 297, 251, 12, FUKUARA BAPTISTINI MONA
436, 341, 208, 15, VAZQUEZ ENI DONADON
438, 364, 71, 12, CAMPOS
