236, 254, 92, 39, NOME
222, 299, 526, 22, LEWIN JOSENILSON KULESSA
778, 473, 63, 33, CPF
764, 508, 342, 27, 903.850.760-70
1279, 841, 111, 31, CAT. HAB.
1302, 883, 20, 22, D
1060, 963, 196, 29, 1ª HABILITAÇÃO
1103, 990, 244, 34, 08/07/1955
744, 964, 118, 25, VALIDADE
746, 996, 225, 31, 11/05/1956
232, 962, 166, 33, Nº REGISTRO
298, 1003, 213, 23, 60159679061
5, 683, 33, 309, VÁLIDA EM TODO
100, 652, 48, 385, 036750655
1162, 473, 236, 33, DATA NASCIMENTO
1148, 511, 205, 27, 28/08/2012
781, 364, 431, 37, DOC. IDENTIDADE/ÓRG EMISSOR UF
763, 404, 192, 25, 648871356
1098, 409, 48, 17, SNJ
1323, 403, 43, 23, SP
788, 572, 118, 37, FILIAÇÃO
764, 615, 481, 21, LOMBARDI MAYRE TORRELL
762, 656, 219, 24, FERNANDES
1140, 696, 106, 27, KALINY NOBURO PATR
764, 742, 199, 24, MONTEIRO
