123, 114, 39, 14, NOME
117, 130, 237, 10, STIEGELE FROSSARD JATENE
357, 206, 25, 12, CPF
348, 220, 151, 12, 956.133.113-66
581, 368, 49, 13, CAT. HAB.
591, 387, 8, 10, E
481, 422, 89, 13, 1ª HABILITAÇÃO
498, 438, 86, 16, 07/08/1950
337, 423, 54, 13, VALIDADE
341, 437, 98, 15, 01/06/2009
122, 421, 71, 16, Nº REGISTRO
149, 438, 105, 12, 67152250481
18, 299, 17, 129, VÁLIDA EM TODO
62, 279, 21, 175, 048739015
525, 204, 105, 14, DATA NASCIMENTO
521, 220, 95, 18, 24/12/1971
357, 157, 186, 15, DOC. IDENTIDADE/ÓRG EMISSOR UF
501, 176, 24, 7, SDS
352, 175, 78, 9, 563438836
596, 175, 18, 7, GO
361, 247, 54, 15, FILIAÇÃO
349, 268, 227, 10, LEPSKI BATAGINI FERRONE
351, 306, 157, 11, PELUCIO TRIA KEP
350, 324, 59, 10, VIEIRA
