156, 123, 49, 16, NOME
149, 142, 219, 12, MERES NOBUHIRO DUART
454, 236, 33, 15, CPF
442, 250, 162, 19, 263.325.424-11
737, 435, 56, 16, CAT. HAB.
752, 459, 9, 9, A
612, 493, 107, 17, 1ª HABILITAÇÃO
624, 513, 127, 21, 03/12/1985
421, 491, 71, 13, VALIDADE
430, 508, 116, 16, 15/11/1975
147, 482, 85, 16, Nº REGISTRO
179, 505, 118, 12, 01040248152
21, 338, 22, 167, VÁLIDA EM TODO
76, 331, 32, 219, 265757658
674, 243, 128, 16, DATA NASCIMENTO
665, 259, 116, 16, 18/11/1986
456, 183, 239, 19, DOC. IDENTIDADE/ÓRG EMISSOR UF
447, 201, 86, 12, 750966439
638, 206, 31, 12, SJS
765, 208, 21, 12, BA
456, 287, 68, 16, FILIAÇÃO
446, 310, 154, 12, GIANVECCHIO RA
446, 378, 78, 10, FERREIRA
446, 353, 261, 12, PADRAO JORDANA FRASSON
