146, 127, 51, 15, NOME
140, 145, 205, 12, STOCCO IKEBE VARONI
438, 227, 34, 20, CPF
428, 250, 149, 13, 370.424.458-99
715, 423, 64, 19, CAT. HAB.
729, 447, 11, 12, A
594, 486, 105, 16, 1ª HABILITAÇÃO
606, 505, 117, 15, 26/06/1999
410, 486, 67, 17, VALIDADE
416, 507, 97, 12, 27/07/1977
136, 484, 95, 19, Nº REGISTRO
177, 507, 127, 13, 19464666932
17, 342, 21, 159, VÁLIDA EM TODO
74, 333, 23, 183, 026265358
651, 230, 125, 17, DATA NASCIMENTO
641, 242, 127, 20, 06/11/2019
439, 176, 238, 17, DOC. IDENTIDADE/ÓRG EMISSOR UF
431, 193, 96, 13, 272786470
618, 195, 32, 12, SSP
742, 194, 21, 12, SP
437, 281, 68, 17, FILIAÇÃO
429, 303, 263, 12, MARCONATO GORGOLL MENE
428, 348, 220, 13, VERGILI ISAEL SOB
428, 371, 77, 13, ARAGAO
