146, 128, 51, 15, NOME
139, 146, 272, 13, CARNIZELLO DEYSE RASTELLI
438, 228, 34, 20, CPF
427, 251, 150, 13, 782.807.288-05
715, 424, 64, 19, CAT. HAB.
729, 449, 11, 10, B
594, 487, 105, 16, 1ª HABILITAÇÃO
607, 506, 114, 15, 13/10/1961
410, 487, 67, 17, VALIDADE
416, 508, 96, 12, 10/08/1995
136, 485, 95, 19, Nº REGISTRO
177, 508, 127, 13, 10531260792
17, 343, 21, 159, VÁLIDA EM TODO
74, 334, 23, 183, 530538320
651, 231, 125, 17, DATA NASCIMENTO
641, 247, 127, 16, 07/04/2013
439, 177, 238, 17, DOC. IDENTIDADE/ÓRG EMISSOR UF
431, 194, 96, 14, 677945528
618, 196, 43, 12, SESP
742, 195, 21, 12, SP
437, 282, 68, 17, FILIAÇÃO
428, 304, 239, 12, ORBAN MORIM SORRIBAS
430, 349, 218, 13, ZADEH SANTANA FOZ
427, 372, 64, 13, VIANA
