159, 137, 46, 15, NOME
150, 152, 214, 12, SAKABE HYON TADDEO
454, 247, 34, 15, CPF
443, 264, 163, 14, 194.854.357-54
736, 441, 59, 15, CAT. HAB.
743, 461, 14, 16, E
608, 499, 111, 18, 1ª HABILITAÇÃO
627, 522, 127, 16, 26/06/2016
427, 499, 69, 20, VALIDADE
427, 521, 118, 15, 02/09/2013
152, 492, 88, 21, Nº REGISTRO
184, 515, 139, 14, 94945538289
35, 345, 23, 159, VÁLIDA EM TODO
84, 343, 25, 201, 696047293
670, 249, 130, 18, DATA NASCIMENTO
658, 267, 107, 17, 28/12/2015
458, 191, 232, 20, DOC. IDENTIDADE/ÓRG EMISSOR UF
446, 209, 96, 13, 961309726
634, 213, 30, 11, POF
761, 213, 21, 13, PI
458, 296, 64, 17, FILIAÇÃO
446, 320, 217, 11, FERRETE DAISUKE STEV
445, 341, 55, 12, MOURA
448, 365, 311, 12, SADRIANO CECCHI AUREGLIETT
