156, 126, 49, 13, NOME
147, 137, 253, 12, CHIU GHISLOTI ANDREETTO
444, 227, 39, 16, CPF
436, 244, 178, 16, 946.343.179-90
727, 418, 57, 17, CAT. HAB.
742, 438, 8, 11, E
600, 479, 110, 17, 1ª HABILITAÇÃO
619, 498, 107, 15, 22/11/1959
421, 484, 69, 15, VALIDADE
426, 500, 107, 14, 21/07/2007
145, 485, 91, 18, Nº REGISTRO
184, 503, 117, 13, 79990700306
21, 356, 23, 158, VÁLIDA EM TODO
77, 347, 23, 183, 198656306
659, 224, 126, 18, DATA NASCIMENTO
653, 242, 105, 20, 19/04/1968
448, 171, 236, 15, DOC. IDENTIDADE/ÓRG EMISSOR UF
626, 189, 28, 10, POM
748, 188, 19, 10, BA
441, 190, 86, 12, 447618696
452, 277, 67, 17, FILIAÇÃO
441, 300, 251, 12, LINDALVA ZUCCOLOTTO CLA
441, 323, 75, 13, SOARES
439, 344, 271, 12, ARTAGOITIA ERICH BACCELLI
438, 368, 80, 10, TEIXEIRA
