115, 115, 40, 15, NOME
108, 131, 240, 13, CIRQUEIRA EDILIZ BARBUDA
351, 205, 27, 16, CPF
343, 220, 151, 12, 669.771.512-00
346, 370, 64, 13, PERMISSÃO
343, 378, 106, 20, PERMISSÃO
576, 366, 51, 17, CAT. HAB.
582, 387, 18, 10, AB
478, 419, 85, 15, 1ª HABILITAÇÃO
485, 437, 97, 14, 28/05/2005
328, 421, 61, 14, VALIDADE
331, 434, 97, 18, 12/05/1977
112, 420, 72, 17, Nº REGISTRO
136, 439, 108, 11, 80371259429
9, 297, 19, 146, VÁLIDA EM TODO
56, 310, 18, 147, 593172294
524, 203, 97, 15, DATA NASCIMENTO
511, 220, 97, 13, 03/12/1955
347, 156, 193, 16, DOC. IDENTIDADE/ÓRG EMISSOR UF
344, 176, 78, 11, 471491937
493, 176, 33, 9, SESP
590, 175, 17, 8, SC
352, 247, 55, 17, FILIAÇÃO
343, 267, 156, 10, HAN NAMBA MERINI
342, 287, 41, 15, MELO
346, 306, 218, 10, ARMIGLIATO LICKEL SAME
