140, 135, 47, 19, NOME
132, 154, 275, 13, ADALGISO RISO MINUCCI
415, 251, 35, 16, CPF
405, 269, 179, 16, 644.069.717-00
681, 458, 58, 19, CAT. HAB.
696, 483, 9, 11, D
567, 524, 107, 19, 1ª HABILITAÇÃO
584, 545, 127, 16, 29/12/1959
394, 521, 66, 22, VALIDADE
401, 541, 128, 17, 05/07/1986
139, 520, 87, 19, Nº REGISTRO
172, 543, 136, 14, 14925230551
24, 375, 20, 163, VÁLIDA EM TODO
67, 408, 27, 183, 523060292
615, 252, 126, 17, DATA NASCIMENTO
606, 271, 127, 16, 21/12/2006
416, 192, 222, 17, DOC. IDENTIDADE/ÓRG EMISSOR UF
409, 211, 105, 13, 567722363
587, 214, 31, 12, SDS
701, 214, 19, 11, PB
421, 305, 62, 20, FILIAÇÃO
413, 330, 283, 12, SCHMIDT RAMACCIOTTI TENENB
411, 353, 64, 11, BARROS
410, 379, 230, 14, VANDA ANOUCH ISQUERDO
412, 402, 82, 12, DA MATA
