128, 100, 38, 15, NOME
122, 115, 187, 12, OSHIMA REVI REWIN
358, 192, 27, 15, CPF
351, 209, 137, 14, 571.100.038-17
584, 357, 47, 15, CAT. HAB.
589, 377, 8, 10, E
483, 409, 87, 17, 1ª HABILITAÇÃO
497, 426, 96, 13, 24/03/2014
340, 409, 52, 15, VALIDADE
345, 424, 106, 13, 28/11/1992
120, 406, 79, 15, Nº REGISTRO
155, 425, 106, 11, 90688839414
24, 288, 16, 142, VÁLIDA EM TODO
65, 296, 23, 151, 347769784
529, 194, 103, 14, DATA NASCIMENTO
522, 210, 86, 11, 06/08/2001
361, 147, 187, 14, DOC. IDENTIDADE/ÓRG EMISSOR UF
354, 163, 78, 11, 434335642
503, 165, 24, 9, SES
600, 165, 19, 9, MG
361, 238, 55, 15, FILIAÇÃO
355, 256, 205, 9, JENNIFER BUSNELLO SIGNO
355, 291, 208, 13, KLEVER MARJORE TORREL
