136, 119, 47, 18, NOME
127, 139, 253, 11, DANTON SANT'ANA SANVIDO
431, 227, 29, 20, CPF
418, 248, 165, 15, 434.429.372-05
713, 423, 61, 18, CAT. HAB.
726, 447, 15, 7, AB
594, 487, 106, 19, 1ª HABILITAÇÃO
612, 506, 117, 15, 30/04/1983
413, 485, 70, 17, VALIDADE
415, 504, 105, 15, 16/10/1962
140, 481, 89, 20, Nº REGISTRO
177, 503, 117, 12, 68065532232
845, 849, -18, -26, VÁLIDA EM TODO
72, 330, 32, 202, 139198259
644, 230, 122, 15, DATA NASCIMENTO
636, 249, 115, 15, 31/07/1959
427, 172, 240, 21, DOC. IDENTIDADE/ÓRG EMISSOR UF
422, 193, 96, 13, 817763314
606, 196, 31, 11, SES
726, 198, 19, 10, RO
433, 281, 68, 16, FILIAÇÃO
422, 303, 208, 12, KENNDY TAUBKIN SEBA
425, 349, 254, 12, BRIESE TURIBIO VOLTAI
