125, 114, 37, 12, NOME
114, 133, 249, 10, CONTANI ZAVITOSKI SAVASTA
361, 205, 24, 15, CPF
342, 224, 138, 13, 898.771.771-29
570, 373, 54, 15, CAT. HAB.
585, 394, 9, 9, C
517, 421, 92, 13, 1ª HABILITAÇÃO
507, 436, 106, 15, 17/03/1960
374, 419, 57, 14, VALIDADE
344, 437, 96, 14, 24/11/2002
128, 420, 75, 16, Nº REGISTRO
146, 438, 118, 12, 82549655355
15, 291, 18, 137, VÁLIDA EM TODO
63, 299, 23, 178, 957411866
521, 205, 106, 16, DATA NASCIMENTO
519, 220, 98, 18, 26/08/2013
362, 159, 208, 16, DOC. IDENTIDADE/ÓRG EMISSOR/UF
494, 179, 24, 9, SJS
343, 178, 70, 9, 499758547
572, 179, 14, 9, PI
359, 253, 53, 15, FILIAÇÃO
351, 273, 237, 11, KITABAYASHI NAGILTON AGY
349, 323, 208, 10, GOLINELI CARLIN OUTAK
349, 348, 47, 10, NUNES
