374, 354, 114, 40, NOME
533, 414, 447, 27, EFESO TARIANA AMARILLA
1106, 639, 94, 38, CPF
1084, 710, 357, 28, 106.004.691-15
1777, 1150, 154, 55, CAT. HAB.
1798, 1223, 27, 32, C
1487, 1318, 273, 51, 1ª HABILITAÇÃO
1488, 1373, 313, 43, 25/03/1985
1031, 1317, 189, 52, VALIDADE
1027, 1369, 361, 50, 23/07/1954
367, 1317, 236, 57, Nº REGISTRO
372, 1378, 331, 34, 60755874558
16, 904, 55, 445, VÁLIDA EM TODO
123, 912, 64, 515, 597679334
1618, 628, 313, 50, DATA NASCIMENTO
1620, 703, 272, 38, 01/12/2018
1107, 487, 635, 46, DOC. IDENTIDADE/ÓRG EMISSOR/UF
1378, 557, 172, 30, 732930765 POF MA
1088, 777, 192, 52, FILIAÇÃO
1486, 857, 117, 28, UESATO KEMEID WIER
1091, 935, 224, 27, CALDEIRA
1554, 1003, 181, 32, NIIYAMA MAZONI ISHIZU
1211, 1079, 152, 32, DAS NEVES
