129, 119, 39, 13, NOME
124, 133, 195, 10, BONIN ARNELLAS SETUBAL
362, 209, 27, 15, CPF
355, 224, 138, 15, 850.930.491-23
586, 371, 48, 17, CAT. HAB.
600, 393, 8, 8, A
489, 426, 87, 15, 1ª HABILITAÇÃO
501, 443, 88, 11, 09/10/1987
343, 426, 53, 15, VALIDADE
349, 443, 86, 12, 29/10/1971
122, 424, 76, 17, Nº REGISTRO
149, 443, 106, 11, 63622308124
17, 299, 17, 135, VÁLIDA EM TODO
70, 304, 20, 165, 812725830
535, 210, 101, 12, DATA NASCIMENTO
528, 225, 97, 14, 11/05/1986
362, 161, 192, 15, DOC. IDENTIDADE/ÓRG EMISSOR UF
507, 180, 29, 9, SPTC
359, 179, 68, 9, 492035751
608, 181, 15, 7, SP
366, 252, 51, 16, FILIAÇÃO
360, 273, 173, 8, IACONELLI FREDERYK FRA
358, 291, 78, 10, DA CUNHA
358, 311, 168, 9, SCHAFFER TEUBISLETE
358, 329, 70, 10, CARDOSO
