113, 99, 46, 18, NOME
107, 115, 182, 11, JEZLER BERTONHA CICCONI
346, 191, 32, 16, CPF
344, 203, 136, 14, 371.629.693-72
570, 352, 53, 17, CAT. HAB.
584, 373, 8, 9, A
477, 407, 83, 15, 1ª HABILITAÇÃO
483, 423, 98, 15, 07/03/1963
330, 407, 58, 17, VALIDADE
333, 425, 87, 14, 22/08/2016
109, 408, 78, 16, Nº REGISTRO
138, 419, 107, 16, 10449991175
15, 297, 17, 139, VÁLIDA EM TODO
67, 275, 20, 165, 645038367
520, 190, 105, 14, DATA NASCIMENTO
512, 207, 98, 12, 08/06/1955
348, 146, 190, 15, DOC. IDENTIDADE/ÓRG EMISSOR UF
344, 161, 78, 10, 905470643
493, 163, 24, 8, SES
591, 161, 13, 14, SP
351, 236, 53, 15, FILIAÇÃO
343, 254, 218, 10, ROSILENE FAIZIBAIOFF F
341, 293, 205, 9, DAIKUZONO THAYLA LEONAN
342, 308, 96, 12, FERNANDES
