146, 130, 50, 18, NOME
141, 149, 240, 17, FARONI DARIEN MORDENTE
443, 236, 35, 18, CPF
435, 255, 180, 15, 287.793.311-30
726, 431, 62, 16, CAT. HAB.
743, 452, 8, 11, E
601, 494, 114, 15, 1ª HABILITAÇÃO
622, 511, 125, 15, 19/07/1990
418, 494, 70, 16, VALIDADE
424, 510, 107, 15, 03/11/1957
142, 486, 91, 22, Nº REGISTRO
181, 509, 139, 14, 91253185458
10, 350, 25, 163, VÁLIDA EM TODO
72, 333, 24, 192, 256185304
655, 237, 135, 16, DATA NASCIMENTO
651, 256, 106, 15, 02/02/1991
445, 182, 239, 19, DOC. IDENTIDADE/ÓRG EMISSOR UF
439, 199, 97, 14, 405854699
628, 204, 38, 10, SESP
749, 202, 21, 12, AM
450, 287, 66, 20, FILIAÇÃO
437, 306, 264, 20, CARMIGNANI ARAZAWA DESTA
435, 356, 252, 12, TIOSSI MONCAYO PAGOTO
437, 377, 70, 12, MENDES
