127, 97, 40, 19, NOME
123, 119, 195, 9, AUBERT RONALDO SHINKAI
357, 189, 30, 15, CPF
353, 211, 124, 12, 646.206.602-48
567, 357, 53, 16, CAT. HAB.
578, 380, 20, 11, AB
481, 410, 80, 15, 1ª HABILITAÇÃO
488, 426, 86, 12, 18/08/2000
338, 410, 57, 14, VALIDADE
331, 425, 95, 12, 13/08/1964
130, 408, 70, 16, Nº REGISTRO
141, 424, 119, 12, 07008398370
10, 282, 20, 143, VÁLIDA EM TODO
51, 284, 23, 165, 817191308
518, 191, 101, 15, DATA NASCIMENTO
515, 210, 91, 13, 03/09/1961
360, 143, 202, 16, DOC. IDENTIDADE/ÓRG EMISSOR/UF
355, 162, 158, 13, 510609569 POM SP
360, 234, 51, 17, FILIAÇÃO
354, 261, 185, 9, ZAGATTI BASON BENASSI
353, 283, 59, 10, MORAES
353, 307, 196, 10, VICTALINO MACETA FOTOR
352, 331, 38, 9, NUNES
