133, 111, 40, 18, NOME
133, 132, 218, 13, SHIMOE MASCARETTI VIDO
376, 210, 27, 15, CPF
373, 233, 121, 11, 713.655.348-20
602, 383, 57, 17, CAT. HAB.
611, 408, 7, 9, E
506, 439, 90, 14, 1ª HABILITAÇÃO
507, 455, 108, 15, 03/08/1987
350, 435, 63, 18, VALIDADE
349, 452, 97, 15, 19/02/1992
131, 431, 76, 17, Nº REGISTRO
126, 453, 96, 10, 47071366363
8, 301, 21, 134, VÁLIDA EM TODO
49, 310, 19, 157, 829860073
544, 209, 105, 15, DATA NASCIMENTO
544, 233, 87, 13, 01/04/1956
374, 163, 212, 13, DOC. IDENTIDADE/ÓRG EMISSOR/UF
370, 186, 142, 11, 255114989 SSP SC
376, 257, 53, 14, FILIAÇÃO
371, 282, 169, 11, YAMAYA TADINI VEL
370, 307, 47, 10, CASTRO
368, 331, 217, 11, MASARU UBEDA CZARNOBAI
370, 356, 68, 10, MARTINS
