136, 118, 47, 18, NOME
128, 138, 326, 11, SCHIEVANO PANEBIANCO INNOCENTI
431, 226, 29, 20, CPF
418, 247, 165, 15, 998.445.223-90
713, 422, 61, 18, CAT. HAB.
726, 446, 15, 7, AB
594, 486, 106, 19, 1ª HABILITAÇÃO
612, 505, 117, 15, 24/06/1995
413, 484, 70, 17, VALIDADE
415, 503, 106, 14, 19/08/1976
140, 480, 89, 20, Nº REGISTRO
177, 502, 117, 12, 10015654892
491, 339, -151, 151, VÁLIDA EM TODO
72, 326, 32, 205, 488169114
644, 229, 122, 15, DATA NASCIMENTO
635, 248, 114, 15, 15/03/2011
427, 171, 240, 21, DOC. IDENTIDADE/ÓRG EMISSOR UF
422, 192, 96, 13, 246129402
607, 195, 30, 11, SJS
726, 197, 19, 10, SP
433, 280, 68, 16, FILIAÇÃO
421, 302, 209, 12, CHEDID SANTANELLI E
424, 348, 239, 12, GIACOMETTI DRESSIANE
