136, 118, 47, 18, NOME
128, 138, 240, 11, ZANOVELI BURMANN BLANC
431, 226, 29, 20, CPF
417, 247, 166, 15, 020.872.017-06
713, 422, 61, 18, CAT. HAB.
727, 446, 6, 7, B
594, 486, 106, 19, 1ª HABILITAÇÃO
612, 505, 116, 15, 26/07/2002
413, 484, 70, 17, VALIDADE
414, 503, 106, 14, 21/12/1984
140, 480, 89, 20, Nº REGISTRO
177, 502, 117, 12, 24046550292
491, 339, -151, 151, VÁLIDA EM TODO
72, 330, 32, 201, 162045327
644, 229, 122, 15, DATA NASCIMENTO
633, 248, 118, 15, 04/11/2005
427, 171, 240, 21, DOC. IDENTIDADE/ÓRG EMISSOR UF
422, 192, 96, 13, 858473860
606, 195, 31, 11, SEJ
727, 197, 18, 9, PA
433, 280, 68, 16, FILIAÇÃO
421, 302, 195, 12, WELLINGTON SHIMOMI
425, 348, 251, 12, JOSANE VALDASTRI BARA
