82, 86, 29, 11, NOME
79, 97, 117, 9, ZANATO PATO FRE
255, 154, 23, 11, CPF
250, 166, 99, 10, 750.874.881-61
423, 276, 39, 14, CAT. HAB.
431, 293, 5, 8, E
350, 318, 64, 10, 1ª HABILITAÇÃO
358, 329, 79, 10, 28/03/1999
239, 317, 47, 11, VALIDADE
242, 329, 78, 12, 21/02/2010
79, 313, 53, 16, Nº REGISTRO
99, 331, 86, 10, 65787312325
6, 226, 11, 103, VÁLIDA EM TODO
-1, 39, 130, 15, 200063376
384, 153, 79, 13, DATA NASCIMENTO
378, 166, 68, 9, 26/03/1952
257, 120, 146, 11, DOC. IDENTIDADE/ÓRG EMISSOR UF
252, 132, 61, 9, 804851098
365, 134, 20, 7, SNJ
438, 133, 14, 7, RS
260, 189, 37, 9, FILIAÇÃO
252, 203, 134, 8, TANIA YRIO BOTTOS
250, 230, 171, 9, SCHWARTZMAN MISTRETTA
