138, 104, 34, 17, NOME
131, 129, 256, 11, BARISON MALVICINO GALLUCCI
371, 203, 29, 16, CPF
367, 227, 151, 12, 627.441.961-69
590, 375, 55, 20, CAT. HAB.
596, 402, 7, 7, B
493, 430, 93, 16, 1ª HABILITAÇÃO
499, 447, 107, 15, 11/07/1954
347, 427, 53, 15, VALIDADE
339, 445, 108, 14, 05/06/1983
123, 423, 81, 19, Nº REGISTRO
126, 442, 118, 13, 61189171446
430, 300, -129, 87, VÁLIDA EM TODO
49, 292, 21, 172, 632735124
538, 204, 104, 16, DATA NASCIMENTO
535, 229, 88, 16, 21/08/1997
371, 155, 211, 20, DOC. IDENTIDADE/ÓRG EMISSOR/UF
367, 179, 141, 10, 589485453 SSP RS
368, 249, 59, 16, FILIAÇÃO
366, 275, 142, 12, BERNARDUS PAR
365, 300, 69, 10, DA ROSA
366, 324, 138, 10, ZULATO GRUBERT
364, 350, 88, 9, CAVALCANTI
