117, 114, 40, 15, NOME
110, 129, 178, 13, LANA THAILA YOKOSAWA
349, 202, 25, 15, CPF
342, 218, 136, 12, 711.664.196-30
574, 366, 48, 15, CAT. HAB.
586, 385, 18, 10, AB
476, 421, 87, 13, 1ª HABILITAÇÃO
489, 434, 107, 15, 01/10/2008
333, 421, 55, 15, VALIDADE
332, 437, 87, 17, 22/03/1952
115, 419, 68, 15, Nº REGISTRO
142, 438, 105, 16, 78726185902
17, 295, 17, 127, VÁLIDA EM TODO
62, 296, 22, 166, 755655948
521, 203, 100, 13, DATA NASCIMENTO
513, 217, 97, 13, 28/07/1982
349, 155, 188, 15, DOC. IDENTIDADE/ÓRG EMISSOR UF
494, 172, 22, 9, SNJ
592, 172, 15, 8, SP
345, 172, 69, 10, 230310643
351, 246, 54, 18, FILIAÇÃO
343, 264, 208, 12, MENEGON RUFO GELTON
345, 302, 230, 12, KRUSE VICENTIN MOCHIU
