116, 117, 38, 12, NOME
107, 131, 229, 11, BASSIN ULTREMARE CASPEL
347, 208, 27, 13, CPF
341, 222, 136, 11, 327.774.544-93
572, 372, 49, 16, CAT. HAB.
583, 391, 18, 10, AB
475, 424, 86, 15, 1ª HABILITAÇÃO
486, 435, 96, 18, 04/04/1951
327, 424, 54, 13, VALIDADE
334, 437, 95, 18, 21/01/1991
111, 420, 71, 17, Nº REGISTRO
139, 439, 118, 13, 69294576789
15, 297, 15, 135, VÁLIDA EM TODO
57, 332, 18, 141, 878998729
519, 207, 100, 14, DATA NASCIMENTO
513, 222, 87, 13, 21/02/1998
349, 160, 187, 15, DOC. IDENTIDADE/ÓRG EMISSOR UF
492, 179, 23, 8, SEJ
590, 180, 16, 7, GO
343, 177, 70, 10, 521091482
349, 252, 54, 15, FILIAÇÃO
343, 269, 216, 10, RONCAGLIA FRANCESCHINI
343, 308, 198, 10, RETTMANN PINAZZA MAR
