147, 127, 47, 18, NOME
139, 149, 227, 10, SCRICH MAZINI MORITSUNE
450, 238, 34, 20, CPF
440, 256, 192, 15, 366.818.196-99
741, 434, 61, 17, CAT. HAB.
755, 458, 9, 10, A
615, 497, 111, 19, 1ª HABILITAÇÃO
629, 519, 117, 15, 26/06/1996
425, 496, 70, 17, VALIDADE
433, 516, 125, 16, 17/01/1966
146, 496, 88, 17, Nº REGISTRO
177, 515, 138, 14, 04246832691
10, 359, 26, 165, VÁLIDA EM TODO
73, 343, 32, 209, 171189878
668, 240, 133, 16, DATA NASCIMENTO
659, 258, 127, 16, 08/06/1969
450, 179, 247, 20, DOC. IDENTIDADE/ÓRG EMISSOR UF
439, 202, 96, 12, 226375973
636, 203, 31, 12, SJS
763, 204, 20, 12, PB
454, 290, 67, 17, FILIAÇÃO
442, 313, 222, 14, BRANCA REZEK ZOZ
443, 338, 92, 12, DA COSTA
445, 360, 271, 13, KATARI PARAHYBA KADOW
446, 382, 42, 12, LIMA
