118, 100, 46, 14, NOME
106, 116, 258, 11, NETZ CERVAN SALMISTRARO
352, 193, 26, 13, CPF
343, 207, 151, 15, 270.623.883-60
574, 356, 50, 17, CAT. HAB.
588, 377, 7, 10, E
477, 411, 84, 14, 1ª HABILITAÇÃO
489, 425, 107, 14, 16/11/2009
333, 409, 50, 16, VALIDADE
333, 425, 104, 13, 14/09/1961
111, 404, 71, 17, Nº REGISTRO
139, 423, 118, 13, 28967883114
14, 288, 18, 131, VÁLIDA EM TODO
61, 295, 24, 147, 922215014
522, 194, 103, 13, DATA NASCIMENTO
514, 209, 98, 13, 06/11/1972
351, 145, 189, 14, DOC. IDENTIDADE/ÓRG EMISSOR UF
344, 161, 78, 12, 157302264
495, 165, 22, 8, SES
592, 164, 20, 8, MG
353, 236, 52, 15, FILIAÇÃO
345, 254, 248, 10, FIGUTI BRUSCHINI GUERRERA
343, 293, 195, 11, TEJIN DRUZIANI CHI
344, 310, 70, 10, CARDOSO
