171, 136, 45, 15, NOME
161, 152, 174, 11, KOPTE KONO KOHAN
459, 239, 38, 17, CPF
448, 255, 179, 15, 022.801.521-93
737, 425, 64, 19, CAT. HAB.
750, 450, 11, 12, C
615, 490, 106, 18, 1ª HABILITAÇÃO
631, 510, 107, 14, 19/08/1963
436, 490, 66, 18, VALIDADE
439, 510, 127, 16, 22/11/2002
162, 492, 86, 19, Nº REGISTRO
198, 510, 151, 16, 86709354885
26, 350, 23, 157, VÁLIDA EM TODO
86, 351, 23, 199, 407985630
672, 233, 130, 18, DATA NASCIMENTO
666, 254, 107, 14, 25/07/1983
461, 182, 235, 18, DOC. IDENTIDADE/ÓRG EMISSOR UF
639, 203, 39, 10, SPTC
455, 202, 95, 12, 465831758
763, 201, 17, 11, PI
463, 287, 65, 20, FILIAÇÃO
451, 311, 241, 12, ZALLA PENAZZO ANACLETO
451, 334, 76, 12, REZENDE
451, 356, 224, 12, DUMAS KOLLAR HARAMI
451, 378, 59, 12, MOURA
