136, 103, 41, 12, NOME
132, 124, 251, 11, SERIGATI KLAAS GETSCHKO
375, 194, 29, 18, CPF
355, 212, 135, 12, 739.926.462-70
594, 366, 61, 13, CAT. HAB.
604, 384, 7, 7, B
533, 408, 103, 18, 1ª HABILITAÇÃO
521, 427, 108, 14, 08/06/2009
387, 408, 65, 17, VALIDADE
362, 426, 97, 13, 28/06/1973
142, 406, 84, 13, Nº REGISTRO
161, 424, 117, 14, 27658514165
25, 286, 17, 138, VÁLIDA EM TODO
70, 269, 21, 172, 134687004
541, 197, 121, 15, DATA NASCIMENTO
537, 213, 96, 15, 21/05/1960
377, 149, 241, 15, DOC. IDENTIDADE/ÓRG EMISSOR/UF
352, 165, 141, 10, 432500819 SEJ PR
373, 241, 66, 15, FILIAÇÃO
349, 263, 198, 15, GENGHINI FACIO FUKUE
352, 284, 49, 10, VIANA
350, 306, 227, 12, ANDREAS GELSON COVA
348, 330, 69, 10, RIBEIRO
