137, 109, 40, 13, NOME
129, 131, 245, 10, PARAHYBA TURCHIARI PESOTI
376, 201, 28, 15, CPF
353, 218, 149, 13, 395.402.055-65
601, 371, 63, 15, CAT. HAB.
604, 390, 19, 10, AB
538, 416, 107, 16, 1ª HABILITAÇÃO
524, 434, 104, 15, 30/04/2017
389, 417, 68, 16, VALIDADE
358, 435, 97, 12, 29/08/2004
138, 416, 87, 15, Nº REGISTRO
155, 435, 118, 13, 47012384766
12, 297, 19, 137, VÁLIDA EM TODO
52, 290, 20, 166, 521223770
541, 198, 126, 15, DATA NASCIMENTO
541, 218, 96, 12, 30/07/1990
377, 153, 242, 14, DOC. IDENTIDADE/ÓRG EMISSOR/UF
351, 170, 167, 11, 853651607 SESP BA
375, 246, 63, 16, FILIAÇÃO
349, 267, 225, 10, SUNAITIS VERSEHGI ANDRI
350, 315, 260, 12, BIBIANA MENEGALE MANZINI
351, 339, 52, 11, SILVA
