147, 128, 47, 18, NOME
137, 150, 239, 10, CIOCA UNTERBERGER PARISE
450, 239, 34, 20, CPF
440, 257, 191, 15, 358.737.846-04
741, 435, 61, 17, CAT. HAB.
754, 459, 11, 11, C
615, 498, 111, 19, 1ª HABILITAÇÃO
628, 520, 117, 15, 09/03/1982
425, 497, 70, 17, VALIDADE
432, 517, 126, 16, 20/07/2002
146, 497, 88, 17, Nº REGISTRO
179, 516, 138, 14, 14993096428
10, 360, 26, 165, VÁLIDA EM TODO
73, 344, 32, 209, 984874815
668, 241, 133, 16, DATA NASCIMENTO
659, 259, 127, 16, 03/08/2013
450, 180, 247, 20, DOC. IDENTIDADE/ÓRG EMISSOR UF
440, 203, 95, 12, 700337726
636, 204, 32, 12, SNJ
763, 205, 20, 12, PA
454, 291, 67, 17, FILIAÇÃO
444, 314, 262, 14, IRIGON TRUSCHI NAWA
443, 339, 65, 11, ARAGAO
445, 361, 270, 13, NAGAYOSHI AGGIO EDITH
444, 383, 77, 12, CARDOSO
