82, 85, 29, 11, NOME
79, 96, 166, 10, GEISON BERECZKI PICAG
255, 153, 23, 11, CPF
250, 162, 95, 13, 121.318.228-04
423, 275, 39, 14, CAT. HAB.
430, 293, 7, 6, A
350, 317, 64, 10, 1ª HABILITAÇÃO
359, 328, 77, 11, 15/03/1992
239, 316, 47, 11, VALIDADE
242, 328, 78, 10, 06/06/2010
79, 312, 53, 16, Nº REGISTRO
100, 330, 84, 9, 03829574050
6, 225, 11, 103, VÁLIDA EM TODO
39, 233, 14, 114, 596758266
384, 152, 79, 13, DATA NASCIMENTO
378, 165, 68, 10, 18/02/1963
257, 119, 146, 11, DOC. IDENTIDADE/ÓRG EMISSOR UF
252, 131, 62, 8, 663280709
365, 132, 19, 7, SDS
438, 132, 14, 8, PB
260, 188, 37, 9, FILIAÇÃO
252, 202, 173, 9, BERTOLLA TACIO ARONCHI
250, 229, 158, 9, GANDOLFO KANAS DATUN
