145, 128, 51, 15, NOME
138, 146, 264, 12, OFELIA ASSENSO SATURNINO
437, 228, 34, 20, CPF
425, 251, 151, 13, 228.115.208-13
714, 424, 64, 19, CAT. HAB.
728, 448, 11, 12, A
593, 487, 105, 16, 1ª HABILITAÇÃO
606, 506, 115, 16, 12/01/1994
409, 487, 67, 17, VALIDADE
415, 508, 96, 12, 27/08/2020
135, 485, 95, 19, Nº REGISTRO
175, 508, 129, 13, 22492776633
16, 343, 21, 159, VÁLIDA EM TODO
73, 334, 23, 184, 732705662
650, 231, 125, 17, DATA NASCIMENTO
640, 247, 127, 16, 31/12/1990
438, 177, 238, 17, DOC. IDENTIDADE/ÓRG EMISSOR UF
430, 194, 96, 13, 581111709
617, 196, 44, 12, SPTC
741, 195, 20, 12, RS
436, 282, 68, 17, FILIAÇÃO
428, 304, 262, 12, NAIDHIG GENIO YONATHAN
428, 349, 210, 18, STELLO KAWASSAKI
427, 372, 75, 13, SOARES
