136, 125, 58, 15, NOME
134, 142, 267, 13, FORNERETO QUINTANILHA ROIUK
435, 232, 35, 18, CPF
424, 250, 152, 13, 006.314.712-27
718, 424, 57, 19, CAT. HAB.
734, 447, 11, 13, C
589, 487, 114, 19, 1ª HABILITAÇÃO
612, 508, 97, 13, 16/09/1963
407, 486, 72, 18, VALIDADE
414, 505, 107, 14, 21/07/2019
134, 484, 91, 17, Nº REGISTRO
167, 501, 137, 15, 27573791321
11, 340, 23, 162, VÁLIDA EM TODO
68, 324, 24, 192, 521129341
650, 231, 124, 18, DATA NASCIMENTO
644, 250, 126, 16, 31/12/1977
436, 176, 246, 17, DOC. IDENTIDADE/ÓRG EMISSOR UF
430, 194, 96, 13, 529712921
622, 196, 42, 12, SESP
745, 198, 17, 10, PR
440, 284, 64, 15, FILIAÇÃO
427, 306, 264, 12, CARBONARO TAKASAKI BRAUL
428, 347, 231, 19, IRAI KNOLL CERONI
427, 373, 80, 10, CARVALHO
