157, 124, 49, 16, NOME
150, 139, 230, 16, ZORNOFF ANAUATE NEGAM
455, 237, 33, 15, CPF
443, 256, 164, 14, 278.081.928-64
738, 436, 56, 16, CAT. HAB.
753, 460, 18, 10, AB
613, 494, 107, 17, 1ª HABILITAÇÃO
627, 514, 125, 21, 17/01/1997
422, 492, 71, 13, VALIDADE
430, 510, 117, 15, 23/04/1999
148, 483, 85, 16, Nº REGISTRO
182, 506, 116, 12, 14900908222
22, 339, 22, 167, VÁLIDA EM TODO
77, 332, 32, 219, 008375828
675, 244, 128, 16, DATA NASCIMENTO
666, 260, 116, 16, 17/01/1987
457, 184, 239, 19, DOC. IDENTIDADE/ÓRG EMISSOR UF
447, 202, 86, 12, 500356440
639, 207, 31, 12, SJS
766, 209, 20, 12, SP
457, 288, 68, 16, FILIAÇÃO
448, 311, 153, 12, MARINOVIC FINA
446, 379, 69, 10, BARBOSA
446, 354, 286, 12, ALBIACH VENDRUSCOLO ANDA
