121, 92, 43, 17, NOME
117, 113, 199, 10, GALIZIA EVELY ANOUCH
358, 187, 25, 15, CPF
347, 205, 138, 11, 871.764.264-73
580, 354, 45, 15, CAT. HAB.
596, 374, 7, 8, A
481, 405, 87, 15, 1ª HABILITAÇÃO
496, 421, 125, 16, 18/04/2002
335, 407, 57, 12, VALIDADE
337, 421, 106, 14, 14/08/2017
118, 400, 71, 16, Nº REGISTRO
142, 418, 107, 12, 10050552473
12, 278, 17, 139, VÁLIDA EM TODO
59, 289, 19, 158, 582133849
530, 190, 102, 17, DATA NASCIMENTO
520, 205, 107, 15, 20/01/1963
355, 141, 191, 15, DOC. IDENTIDADE/ÓRG EMISSOR UF
355, 156, 85, 11, 911290060
503, 160, 28, 9, POM
600, 159, 17, 10, SE
360, 232, 57, 15, FILIAÇÃO
351, 253, 160, 9, EVIA STENEO ELIANE
348, 270, 66, 12, CASTRO
351, 289, 261, 11, BRIANEZE GLAESSNER BARRE
361, 308, 83, 12, BARBOSA
