119, 101, 46, 14, NOME
112, 117, 218, 11, TALITHA CONTE PIERRE
353, 194, 26, 13, CPF
344, 208, 151, 15, 562.911.886-27
575, 357, 50, 17, CAT. HAB.
589, 378, 8, 9, A
478, 412, 84, 14, 1ª HABILITAÇÃO
489, 426, 108, 14, 03/04/1964
334, 410, 50, 16, VALIDADE
333, 426, 105, 13, 21/11/2011
112, 405, 71, 17, Nº REGISTRO
139, 424, 119, 14, 04801379558
15, 289, 18, 131, VÁLIDA EM TODO
62, 297, 18, 147, 051666641
523, 195, 103, 13, DATA NASCIMENTO
516, 210, 96, 12, 27/03/2006
352, 146, 189, 14, DOC. IDENTIDADE/ÓRG EMISSOR UF
345, 162, 78, 10, 094504126
496, 166, 22, 8, SDS
593, 164, 19, 10, GO
354, 237, 52, 15, FILIAÇÃO
344, 251, 230, 14, GARISTO SASAOKA MARIANO
345, 294, 185, 11, ANAUATI JUREMEIRA
346, 311, 49, 10, SOUZA
