144, 97, 37, 15, NOME
142, 117, 204, 10, SILANO BEGLIOMINI RESTE
383, 191, 28, 16, CPF
381, 215, 121, 12, 766.097.756-30
609, 365, 54, 16, CAT. HAB.
621, 388, 8, 9, A
515, 420, 91, 16, 1ª HABILITAÇÃO
517, 439, 96, 15, 02/03/1981
360, 419, 59, 14, VALIDADE
357, 436, 95, 13, 18/12/1957
135, 415, 76, 21, Nº REGISTRO
134, 435, 118, 13, 53373079288
1, 13, 30, 8, VÁLIDA EM TODO
49, 261, 24, 192, 873935002
552, 191, 101, 17, DATA NASCIMENTO
554, 217, 95, 13, 06/03/1971
385, 146, 208, 17, DOC. IDENTIDADE/ÓRG EMISSOR/UF
379, 162, 125, 14, 405309260 SDS RS
387, 238, 51, 15, FILIAÇÃO
378, 264, 217, 10, OROSCO NOTHLICH PACINI
376, 314, 230, 11, COMPAGNO CLEVIA PLACIDO
380, 338, 52, 9, FARIAS
