154, 134, 45, 17, NOME
146, 154, 249, 12, LORETI LUCOUVICZ KWON
446, 246, 30, 16, CPF
435, 265, 177, 14, 304.237.315-05
724, 444, 56, 17, CAT. HAB.
736, 468, 7, 9, E
602, 504, 101, 19, 1ª HABILITAÇÃO
618, 524, 106, 15, 16/03/2012
421, 500, 66, 16, VALIDADE
426, 521, 107, 14, 14/06/1980
150, 494, 87, 19, Nº REGISTRO
184, 516, 128, 13, 93063456788
16, 348, 23, 154, VÁLIDA EM TODO
76, 338, 24, 192, 315479698
655, 252, 127, 17, DATA NASCIMENTO
647, 269, 107, 14, 22/04/1964
445, 194, 233, 15, DOC. IDENTIDADE/ÓRG EMISSOR UF
441, 212, 68, 10, 319557133
621, 215, 26, 10, SJS
744, 217, 21, 12, SP
450, 296, 62, 17, FILIAÇÃO
437, 320, 179, 15, CALABRICH FALQU
434, 366, 282, 12, FUKUYAMA BAUSELLS SGOBBI
437, 388, 84, 12, CARDOSO
