142, 110, 36, 15, NOME
135, 130, 241, 11, VICTOR ROSSELINI DOTTAVIANO
379, 205, 24, 14, CPF
374, 227, 110, 12, 068.962.517-00
596, 377, 55, 17, CAT. HAB.
607, 402, 9, 9, A
502, 434, 89, 15, 1ª HABILITAÇÃO
505, 450, 98, 13, 05/02/2014
352, 429, 59, 17, VALIDADE
348, 450, 98, 13, 05/12/2000
138, 427, 77, 16, Nº REGISTRO
137, 446, 104, 16, 71377147240
16, 307, 19, 135, VÁLIDA EM TODO
57, 310, 20, 167, 096749586
544, 205, 105, 16, DATA NASCIMENTO
547, 228, 76, 13, 20/01/1961
377, 157, 210, 15, DOC. IDENTIDADE/ÓRG EMISSOR/UF
375, 180, 140, 10, 758044392 SEJ RS
380, 252, 52, 15, FILIAÇÃO
370, 277, 178, 11, DALMAU REGIS TADDE
372, 300, 57, 12, LOPES
372, 326, 199, 13, CORTEZ SQUASSONI FAS
371, 351, 87, 10, DAS NEVES
