150, 128, 56, 16, NOME
144, 147, 227, 12, MALTEZ JARMENDIA NA
441, 238, 34, 19, CPF
433, 258, 151, 13, 143.223.123-57
723, 433, 59, 18, CAT. HAB.
735, 459, 8, 10, B
600, 494, 105, 18, 1ª HABILITAÇÃO
617, 516, 125, 16, 15/11/1987
413, 492, 72, 19, VALIDADE
422, 506, 126, 23, 19/11/1995
147, 489, 87, 19, Nº REGISTRO
181, 511, 118, 13, 81289846643
23, 344, 22, 163, VÁLIDA EM TODO
70, 352, 23, 194, 232481939
659, 240, 127, 18, DATA NASCIMENTO
647, 259, 106, 16, 30/01/1969
445, 181, 240, 19, DOC. IDENTIDADE/ÓRG EMISSOR UF
624, 206, 38, 10, SPTC
747, 207, 20, 11, SP
434, 202, 106, 13, 766167463
450, 292, 60, 15, FILIAÇÃO
435, 312, 194, 14, SPRINGER ALEIXO 
434, 358, 235, 14, FUTAGAWA BOVI MIR
434, 379, 127, 13, CAVALCANTI
