139, 134, 47, 19, NOME
130, 153, 298, 13, GALEGO GALENDER BOLETTA
414, 250, 35, 16, CPF
406, 268, 177, 16, 132.693.924-60
680, 457, 58, 19, CAT. HAB.
695, 482, 9, 11, D
566, 523, 107, 19, 1ª HABILITAÇÃO
583, 544, 127, 16, 22/09/1999
393, 520, 66, 22, VALIDADE
400, 541, 128, 17, 03/10/2019
138, 519, 87, 19, Nº REGISTRO
170, 542, 139, 14, 56422183554
23, 374, 20, 163, VÁLIDA EM TODO
70, 407, 23, 183, 069843152
614, 251, 126, 17, DATA NASCIMENTO
606, 270, 125, 16, 16/04/1984
415, 191, 222, 17, DOC. IDENTIDADE/ÓRG EMISSOR UF
409, 210, 103, 13, 199786574
586, 213, 31, 12, SDS
699, 213, 20, 11, RS
420, 304, 62, 20, FILIAÇÃO
411, 329, 252, 11, NISHIMIYA FEDOZZI KALUP
409, 352, 88, 11, CARVALHO
410, 378, 218, 14, FOLONI QUERO SINICIO
412, 401, 58, 12, PINTO
