149, 131, 49, 18, NOME
140, 150, 333, 13, ATTICCIATI HIROE PAMPALONI
449, 241, 36, 17, CPF
440, 259, 164, 13, 902.268.957-34
741, 438, 63, 15, CAT. HAB.
751, 460, 8, 10, B
611, 499, 111, 21, 1ª HABILITAÇÃO
630, 522, 117, 15, 06/10/2017
426, 503, 65, 16, VALIDADE
428, 520, 126, 15, 28/05/2008
141, 500, 91, 15, Nº REGISTRO
176, 520, 140, 14, 09644647830
18, 344, 22, 163, VÁLIDA EM TODO
77, 371, 23, 193, 479202259
670, 240, 129, 18, DATA NASCIMENTO
662, 260, 105, 18, 10/05/2014
449, 182, 246, 22, DOC. IDENTIDADE/ÓRG EMISSOR UF
637, 207, 26, 10, SDS
764, 207, 19, 11, PA
446, 204, 104, 13, 723019848
451, 293, 70, 18, FILIAÇÃO
440, 316, 186, 11, MUCHE NOVO SHAILA
443, 362, 271, 13, BONILHA SCHIAVINATO P
442, 383, 96, 14, DA ROSA
