124, 103, 40, 17, NOME
120, 122, 188, 10, URRUTIA HAMER OSIMA
359, 198, 28, 14, CPF
350, 214, 149, 13, 248.678.869-71
580, 366, 46, 17, CAT. HAB.
588, 384, 10, 10, C
482, 419, 88, 14, 1ª HABILITAÇÃO
494, 434, 104, 13, 14/12/1951
335, 417, 54, 14, VALIDADE
343, 427, 106, 18, 12/09/2005
117, 413, 71, 14, Nº REGISTRO
144, 429, 117, 12, 96205923738
17, 284, 19, 134, VÁLIDA EM TODO
56, 294, 20, 163, 874875871
527, 203, 107, 12, DATA NASCIMENTO
522, 217, 96, 14, 10/09/1994
358, 151, 191, 17, DOC. IDENTIDADE/ÓRG EMISSOR UF
354, 169, 87, 13, 681174080
502, 171, 22, 9, POF
601, 173, 17, 9, CE
361, 243, 52, 15, FILIAÇÃO
351, 262, 208, 11, RA MARCHESAN PONCIO
349, 299, 219, 11, SINDY MEORIN MEZZANO
