138, 122, 53, 11, NOME
130, 136, 252, 12, GALHA SUEMI MEZZALIRA
430, 223, 35, 16, CPF
417, 240, 152, 14, 090.643.825-06
711, 409, 64, 21, CAT. HAB.
726, 434, 8, 11, E
588, 474, 110, 22, 1ª HABILITAÇÃO
608, 490, 116, 20, 20/04/1997
405, 479, 74, 15, VALIDADE
416, 495, 106, 14, 01/08/1971
137, 478, 89, 17, Nº REGISTRO
170, 497, 118, 12, 50659920643
9, 332, 25, 163, VÁLIDA EM TODO
68, 342, 24, 204, 675548828
642, 222, 125, 16, DATA NASCIMENTO
635, 238, 107, 16, 25/10/2019
432, 167, 238, 18, DOC. IDENTIDADE/ÓRG EMISSOR UF
731, 187, 18, 10, RN
609, 187, 31, 12, SDS
426, 187, 86, 11, 957671234
433, 272, 69, 19, FILIAÇÃO
424, 296, 198, 10, AKIHITO KAWABE DIEHL
427, 319, 68, 10, PEREIRA
427, 339, 239, 12, WALCINYR TOGO FARHAT
