146, 127, 51, 15, NOME
140, 145, 183, 12, BLAUD ZINI MOIOLI
438, 227, 34, 20, CPF
426, 250, 151, 13, 131.334.317-06
715, 423, 64, 19, CAT. HAB.
729, 447, 23, 12, AB
594, 486, 105, 16, 1ª HABILITAÇÃO
605, 505, 118, 15, 09/10/1960
410, 486, 67, 17, VALIDADE
416, 506, 97, 13, 21/12/1999
136, 484, 95, 19, Nº REGISTRO
176, 507, 129, 13, 47335258686
17, 342, 21, 159, VÁLIDA EM TODO
74, 333, 23, 183, 067055242
651, 230, 125, 17, DATA NASCIMENTO
641, 246, 126, 16, 08/07/1997
439, 176, 238, 17, DOC. IDENTIDADE/ÓRG EMISSOR UF
430, 193, 97, 13, 045229600
618, 195, 44, 12, SPTC
742, 194, 20, 12, RR
437, 281, 68, 17, FILIAÇÃO
429, 303, 263, 12, METOLINA VALADAS SORAG
428, 348, 220, 13, VERGNIASSI STEFAN
428, 371, 63, 13, SILVA
