150, 129, 49, 20, NOME
142, 149, 251, 12, JACYANA HILDE GABOLLA
445, 238, 32, 15, CPF
433, 257, 149, 14, 285.022.769-21
725, 431, 64, 13, CAT. HAB.
742, 453, 10, 8, D
605, 491, 106, 19, 1ª HABILITAÇÃO
619, 511, 107, 15, 24/09/2019
418, 491, 76, 21, VALIDADE
425, 509, 127, 17, 03/11/1954
148, 490, 93, 21, Nº REGISTRO
183, 513, 128, 13, 62903953607
17, 348, 23, 171, VÁLIDA EM TODO
69, 351, 23, 183, 912656875
659, 236, 130, 16, DATA NASCIMENTO
650, 255, 107, 14, 14/03/1968
442, 182, 242, 15, DOC. IDENTIDADE/ÓRG EMISSOR UF
626, 202, 37, 10, SESP
748, 202, 18, 10, RJ
437, 201, 87, 11, 542052659
442, 287, 75, 17, FILIAÇÃO
435, 310, 283, 12, CAUDURO AKKERMAN MOHERDAUI
437, 355, 186, 12, MASSAO LAIS MELLO
438, 378, 82, 12, REZENDE
