116, 98, 42, 15, NOME
107, 116, 208, 10, DUENAS CEZARINO YUKIE
346, 191, 33, 13, CPF
341, 206, 137, 11, 149.053.962-04
573, 354, 47, 15, CAT. HAB.
585, 375, 7, 8, A
470, 408, 93, 17, 1ª HABILITAÇÃO
485, 424, 108, 14, 05/04/1995
325, 408, 60, 16, VALIDADE
331, 423, 98, 14, 01/04/1967
110, 404, 73, 17, Nº REGISTRO
141, 424, 106, 11, 39947019684
18, 282, 17, 132, VÁLIDA EM TODO
64, 285, 24, 154, 154670489
520, 190, 103, 14, DATA NASCIMENTO
510, 206, 98, 17, 01/02/2007
350, 142, 188, 17, DOC. IDENTIDADE/ÓRG EMISSOR UF
344, 161, 69, 10, 748312754
492, 162, 21, 9, SDS
590, 163, 16, 7, RS
350, 234, 54, 18, FILIAÇÃO
339, 254, 248, 10, BERTAGNOLI KORITIAKI GRAN
343, 291, 240, 12, KUNITAKE BAPTISTELLA B
