111, 112, 41, 15, NOME
107, 123, 165, 20, FONZAR ORSI COLLI
343, 203, 30, 13, CPF
336, 219, 124, 11, 555.601.474-43
572, 366, 49, 14, CAT. HAB.
584, 384, 10, 10, C
475, 420, 82, 14, 1ª HABILITAÇÃO
486, 436, 108, 13, 22/02/1970
330, 420, 52, 15, VALIDADE
331, 435, 106, 13, 17/04/1990
107, 419, 74, 16, Nº REGISTRO
136, 436, 117, 12, 87533899194
8, 292, 19, 135, VÁLIDA EM TODO
-1, 55, 171, 24, 387585799
516, 202, 105, 13, DATA NASCIMENTO
510, 218, 97, 13, 07/02/1980
345, 157, 188, 12, DOC. IDENTIDADE/ÓRG EMISSOR UF
487, 173, 34, 10, SPTC
341, 171, 70, 11, 151919045
589, 173, 16, 9, PR
348, 246, 54, 14, FILIAÇÃO
338, 266, 215, 10, GRYSCHEK SCHENK CLENILCE
344, 303, 207, 10, PENARIOL MOGGIONI AST
342, 323, 59, 10, ARAUJO
