152, 125, 51, 17, NOME
148, 143, 226, 11, SIOLA DAGNONE BERGOLI
452, 231, 27, 14, CPF
438, 248, 152, 14, 587.998.585-76
733, 422, 63, 16, CAT. HAB.
746, 443, 12, 13, C
610, 483, 111, 21, 1ª HABILITAÇÃO
628, 503, 117, 15, 28/10/1985
427, 484, 82, 17, VALIDADE
435, 504, 107, 14, 26/09/2006
156, 485, 87, 20, Nº REGISTRO
189, 504, 140, 14, 09832295664
23, 350, 23, 162, VÁLIDA EM TODO
83, 358, 24, 201, 686389156
666, 228, 127, 16, DATA NASCIMENTO
658, 245, 116, 16, 28/06/1962
451, 175, 235, 15, DOC. IDENTIDADE/ÓRG EMISSOR UF
442, 194, 96, 12, 802576643
631, 195, 39, 10, SPTC
754, 195, 18, 10, RS
455, 279, 65, 21, FILIAÇÃO
441, 304, 219, 10, MIGLIAVACCA IMENES SHY
442, 349, 208, 12, AISHA LUACI OLIVARE
