164, 124, 45, 20, NOME
154, 143, 237, 10, ROZAURO EDILEU MAGALHAES
451, 229, 33, 15, CPF
440, 246, 136, 11, 504.066.675-60
725, 409, 60, 19, CAT. HAB.
742, 435, 8, 9, A
599, 472, 107, 15, 1ª HABILITAÇÃO
616, 490, 107, 14, 15/11/1997
422, 475, 71, 13, VALIDADE
421, 490, 107, 15, 12/10/1967
154, 472, 83, 19, Nº REGISTRO
184, 489, 151, 15, 71438333118
31, 332, 21, 151, VÁLIDA EM TODO
77, 322, 31, 201, 787576117
661, 228, 129, 15, DATA NASCIMENTO
652, 244, 107, 15, 06/10/2008
454, 174, 234, 16, DOC. IDENTIDADE/ÓRG EMISSOR UF
449, 193, 94, 13, 434973361
631, 195, 34, 9, SPTC
752, 193, 22, 12, TO
455, 273, 64, 20, FILIAÇÃO
442, 297, 272, 12, OUROS TAKAYOSHI GALLEOTTI
437, 341, 260, 12, DALARME MOMENTE FUKUMORI
438, 364, 96, 12, CARVALHO
