75, 63, 21, 9, NOME
71, 74, 84, 6, NEI REATO CARRARO
208, 115, 14, 7, CPF
203, 127, 82, 8, 770.082.983-74
327, 210, 30, 9, CAT. HAB.
330, 223, 5, 7, D
274, 241, 49, 9, 1ª HABILITAÇÃO
297, 129, 51, 6, 12/04/1954
191, 240, 33, 9, VALIDADE
-1, 275, 22, 60, 11/11/1993
74, 239, 43, 10, Nº REGISTRO
68, 251, 55, 5, 26165523804
8, 166, 10, 75, VÁLIDA EM TODO
-1, 29, 101, 11, 185058789
297, 115, 61, 8, DATA NASCIMENTO
-1, 188, 23, 59, 27/08/2005
207, 88, 115, 8, DOC. IDENTIDADE/ÓRG EMISSOR UF
202, 100, 81, 11, 870500795 SES TO
207, 141, 31, 9, FILIAÇÃO
201, 155, 85, 6, HENI FIUSA TAVELA
203, 170, 38, 5, DA CUNHA
201, 179, 99, 10, SZOT MELANY ANDREARA
201, 196, 37, 6, CARDOSO
