118, 97, 40, 15, NOME
114, 116, 197, 10, JOMOLI DEMBOSCKI IVE
352, 193, 29, 11, CPF
339, 206, 143, 11, 379.781.931-52
577, 358, 47, 13, CAT. HAB.
582, 376, 8, 8, C
478, 405, 83, 20, 1ª HABILITAÇÃO
487, 421, 96, 16, 13/08/1996
329, 405, 60, 17, VALIDADE
334, 422, 98, 15, 09/03/1988
112, 401, 74, 17, Nº REGISTRO
138, 421, 107, 11, 57353097559
9, 279, 18, 137, VÁLIDA EM TODO
60, 301, 19, 163, 544327706
521, 191, 108, 16, DATA NASCIMENTO
517, 209, 96, 14, 07/09/1982
353, 145, 190, 14, DOC. IDENTIDADE/ÓRG EMISSOR UF
347, 161, 70, 11, 639774126
501, 163, 24, 9, POF
594, 164, 21, 11, PA
350, 234, 60, 16, FILIAÇÃO
343, 253, 175, 10, AMARELLO MARIANE WICHE
345, 273, 59, 10, ARAGAO
346, 293, 205, 9, VALDEVINO CHALON ROMAIN
345, 312, 69, 10, MOREIRA
