133, 106, 37, 16, NOME
129, 125, 176, 9, GAGGINI MORGONNI FREUN
378, 201, 29, 16, CPF
373, 229, 136, 11, 903.199.748-04
605, 386, 49, 17, CAT. HAB.
612, 412, 8, 10, B
509, 441, 90, 19, 1ª HABILITAÇÃO
512, 461, 127, 16, 04/07/2019
354, 443, 60, 16, VALIDADE
343, 463, 108, 14, 02/01/1973
133, 439, 73, 16, Nº REGISTRO
128, 462, 95, 10, 88127306871
14, 303, 17, 135, VÁLIDA EM TODO
52, 297, 21, 174, 483378971
554, 651, 97, -98, DATA NASCIMENTO
555, 231, 77, 11, 13/08/1974
382, 498, 210, 94, DOC. IDENTIDADE/ÓRG EMISSOR/UF
373, 177, 157, 11, 051443120 SEJ MG
379, 251, 58, 19, FILIAÇÃO
369, 282, 209, 13, MELAO BRANQUINHO YOSH
369, 334, 198, 10, GUTIERRE MIGLIACCI Z
373, 357, 64, 11, BARROS
