132, 132, 49, 14, NOME
127, 148, 296, 15, SAVVICH BURAGOSQUE BOULHOSA
427, 230, 35, 22, CPF
419, 251, 193, 16, 768.820.928-50
714, 425, 57, 14, CAT. HAB.
727, 446, 10, 10, C
594, 486, 103, 18, 1ª HABILITAÇÃO
607, 505, 116, 15, 17/04/1989
407, 489, 67, 16, VALIDADE
411, 507, 106, 14, 11/11/1973
134, 493, 84, 15, Nº REGISTRO
165, 511, 128, 13, 43631173907
6, 351, 25, 165, VÁLIDA EM TODO
56, 343, 24, 192, 883308592
645, 229, 129, 16, DATA NASCIMENTO
636, 250, 107, 13, 26/06/1964
429, 178, 239, 15, DOC. IDENTIDADE/ÓRG EMISSOR UF
421, 199, 94, 13, 138375331
613, 198, 30, 11, SJS
731, 196, 21, 11, MG
435, 284, 65, 17, FILIAÇÃO
424, 306, 262, 12, SCANDIUZZI BORNSCHEIN BA
423, 351, 233, 13, BANZATO MASSONI FR
422, 376, 87, 11, TEIXEIRA
