142, 111, 36, 15, NOME
135, 131, 240, 12, BELIZE ZAMUDIO THEODOROVSKI
379, 206, 24, 14, CPF
375, 228, 108, 12, 398.114.734-04
596, 378, 55, 17, CAT. HAB.
607, 403, 8, 9, D
502, 435, 89, 15, 1ª HABILITAÇÃO
506, 451, 97, 13, 25/10/1980
352, 430, 59, 17, VALIDADE
349, 451, 97, 12, 19/07/1989
138, 428, 77, 16, Nº REGISTRO
135, 447, 107, 16, 22169607083
16, 308, 19, 135, VÁLIDA EM TODO
57, 314, 20, 164, 532612291
544, 206, 105, 16, DATA NASCIMENTO
547, 230, 77, 11, 25/08/1996
377, 158, 210, 15, DOC. IDENTIDADE/ÓRG EMISSOR/UF
374, 181, 141, 10, 107998890 SEJ SP
380, 253, 52, 15, FILIAÇÃO
369, 277, 180, 12, GARBELLINI FACCO P
371, 301, 82, 12, MARTINS
372, 327, 201, 10, MARCOSSI NYCHOLAS SC
370, 352, 97, 10, CAVALCANTI
