124, 114, 37, 12, NOME
114, 133, 228, 10, RISK TORREALBA ARETUZZA
360, 205, 24, 15, CPF
343, 224, 136, 13, 352.639.442-33
569, 373, 54, 15, CAT. HAB.
585, 394, 16, 9, AB
516, 421, 92, 13, 1ª HABILITAÇÃO
506, 436, 106, 18, 17/09/2016
373, 419, 57, 14, VALIDADE
338, 435, 102, 16, 30/01/1990
127, 420, 75, 16, Nº REGISTRO
144, 438, 118, 12, 02511578598
14, 291, 18, 137, VÁLIDA EM TODO
62, 300, 24, 177, 236401972
520, 205, 106, 16, DATA NASCIMENTO
519, 218, 97, 20, 18/04/1960
361, 159, 208, 16, DOC. IDENTIDADE/ÓRG EMISSOR/UF
493, 179, 24, 9, SJS
341, 177, 71, 10, 835734080
571, 180, 15, 7, PR
358, 253, 53, 15, FILIAÇÃO
350, 273, 186, 10, DREWS SIPRIANI COLI
348, 322, 209, 12, CALANDRIN XASTRE HUAN
348, 348, 99, 10, NASCIMENTO
