113, 112, 38, 13, NOME
108, 127, 279, 10, ROSENBERG SCHIAVETTO MILHINA
342, 203, 32, 11, CPF
337, 216, 137, 13, 194.278.800-23
571, 362, 51, 18, CAT. HAB.
583, 382, 18, 10, AB
475, 418, 91, 13, 1ª HABILITAÇÃO
489, 433, 96, 13, 28/11/1954
328, 416, 54, 15, VALIDADE
330, 433, 97, 13, 05/09/1960
107, 417, 75, 15, Nº REGISTRO
133, 434, 116, 12, 74907991774
8, 287, 18, 136, VÁLIDA EM TODO
58, 313, 19, 160, 847685405
519, 201, 99, 13, DATA NASCIMENTO
509, 214, 98, 13, 24/12/1989
345, 155, 189, 12, DOC. IDENTIDADE/ÓRG EMISSOR UF
587, 166, 18, 10, RN
487, 169, 22, 8, POM
338, 169, 87, 11, 609367420
351, 244, 51, 16, FILIAÇÃO
340, 258, 228, 14, MIRABILE VALDINEI BRACC
340, 298, 187, 12, MITSUKA CASSIMIRA
342, 321, 97, 11, CAVALCANTI
