156, 126, 49, 13, NOME
148, 137, 238, 12, NASCIEL YUSSUKE BELOTI
444, 227, 39, 16, CPF
436, 244, 178, 16, 643.305.100-65
727, 418, 57, 17, CAT. HAB.
742, 438, 20, 11, AB
600, 479, 110, 17, 1ª HABILITAÇÃO
618, 498, 108, 15, 01/06/1989
421, 484, 69, 15, VALIDADE
425, 500, 109, 14, 04/04/1969
145, 485, 91, 18, Nº REGISTRO
183, 503, 118, 13, 20310278095
21, 356, 23, 158, VÁLIDA EM TODO
77, 348, 23, 184, 491818040
659, 224, 126, 18, DATA NASCIMENTO
651, 243, 108, 19, 03/04/2015
448, 171, 236, 15, DOC. IDENTIDADE/ÓRG EMISSOR UF
626, 189, 28, 10, SEJ
747, 188, 19, 10, CE
441, 190, 87, 12, 133928524
452, 277, 67, 17, FILIAÇÃO
441, 299, 204, 13, FRY ABATE RICCIARDI
441, 323, 63, 13, SOUZA
441, 344, 282, 12, IWAZAKI MAZZIOTTI ROSEMARY
439, 368, 69, 10, ALMEIDA
