122, 112, 40, 16, NOME
115, 122, 208, 19, NOZOE PEDRECA CELESTE
359, 204, 22, 13, CPF
348, 217, 150, 13, 111.526.655-10
582, 364, 45, 17, CAT. HAB.
594, 384, 8, 10, B
484, 418, 87, 17, 1ª HABILITAÇÃO
499, 434, 107, 15, 21/05/1972
338, 418, 60, 16, VALIDADE
340, 435, 98, 12, 08/06/1990
118, 418, 73, 16, Nº REGISTRO
145, 435, 129, 13, 57100292223
18, 287, 16, 139, VÁLIDA EM TODO
57, 296, 19, 149, 076083874
526, 201, 104, 13, DATA NASCIMENTO
517, 217, 97, 13, 14/08/1975
353, 153, 189, 17, DOC. IDENTIDADE/ÓRG EMISSOR UF
350, 173, 87, 11, 555488317
500, 172, 37, 9, SESP
598, 171, 18, 11, SC
360, 245, 55, 16, FILIAÇÃO
352, 263, 201, 12, LAFRATTA ADNOR HE
350, 283, 77, 11, CARDOSO
350, 302, 177, 10, BIAJOLI BONES KRIS
351, 320, 76, 11, MARTINS
