129, 107, 35, 11, NOME
118, 123, 227, 10, PERASSOLLI MEIER PINGUE
355, 194, 27, 17, CPF
341, 215, 149, 15, 177.168.741-01
563, 366, 55, 14, CAT. HAB.
581, 387, 7, 10, D
512, 414, 89, 13, 1ª HABILITAÇÃO
497, 428, 108, 17, 03/12/2016
370, 412, 55, 13, VALIDADE
341, 428, 97, 12, 17/09/2008
128, 409, 72, 17, Nº REGISTRO
148, 427, 118, 13, 85822039834
18, 292, 18, 130, VÁLIDA EM TODO
64, 319, 18, 141, 228480799
518, 197, 104, 17, DATA NASCIMENTO
514, 215, 97, 15, 26/07/1984
358, 153, 205, 15, DOC. IDENTIDADE/ÓRG EMISSOR/UF
342, 169, 167, 11, 963434135 SESP RN
358, 244, 52, 14, FILIAÇÃO
347, 259, 196, 16, ULRICH ALBORNOZ DA
347, 286, 76, 12, REZENDE
348, 315, 229, 12, SAMPIERI DANDREA GIUL
