128, 111, 41, 19, NOME
122, 130, 185, 12, SANTO STUART ARCO
358, 210, 30, 11, CPF
351, 218, 150, 19, 178.407.081-53
580, 375, 58, 14, CAT. HAB.
596, 395, 7, 7, B
484, 426, 87, 15, 1ª HABILITAÇÃO
502, 443, 106, 17, 15/04/1955
337, 428, 66, 12, VALIDADE
341, 443, 97, 12, 27/12/1997
121, 426, 72, 12, Nº REGISTRO
143, 442, 107, 11, 24223855156
22, 296, 16, 140, VÁLIDA EM TODO
61, 311, 20, 177, 912415290
531, 209, 104, 14, DATA NASCIMENTO
524, 225, 96, 12, 29/05/1992
360, 159, 189, 19, DOC. IDENTIDADE/ÓRG EMISSOR UF
355, 178, 69, 9, 886812999
504, 180, 22, 8, SES
601, 179, 19, 10, CE
361, 250, 57, 16, FILIAÇÃO
355, 272, 214, 10, IMORI SARAVALLE ZAMARI
355, 289, 65, 11, VIEIRA
355, 311, 179, 15, BRONZATI GRIZZO NA
354, 329, 58, 11, CAMPOS
