112, 99, 46, 18, NOME
106, 116, 160, 10, CURI STEPHANIE CAIRO
345, 191, 32, 16, CPF
342, 206, 136, 11, 123.001.285-00
569, 352, 53, 17, CAT. HAB.
583, 373, 18, 10, AB
476, 407, 83, 15, 1ª HABILITAÇÃO
483, 422, 97, 17, 28/08/2019
329, 407, 58, 17, VALIDADE
332, 425, 87, 14, 28/07/1970
108, 408, 78, 16, Nº REGISTRO
137, 424, 107, 11, 65956907028
14, 297, 17, 139, VÁLIDA EM TODO
66, 277, 20, 163, 512783801
519, 190, 105, 14, DATA NASCIMENTO
511, 206, 98, 13, 05/05/1994
347, 146, 190, 15, DOC. IDENTIDADE/ÓRG EMISSOR UF
342, 161, 78, 10, 968703021
492, 163, 33, 8, SESP
590, 161, 13, 14, SP
350, 236, 53, 15, FILIAÇÃO
344, 254, 217, 10, IGRECIAS TSUBOI TULLIU
341, 292, 186, 10, ZANOTELLO CANALI FILS
340, 308, 76, 12, DA ROSA
