144, 124, 49, 17, NOME
131, 145, 315, 12, GLERIA MEGGIATO BACCAGLINI
427, 224, 32, 18, CPF
408, 246, 165, 15, 892.695.387-45
682, 413, 71, 15, CAT. HAB.
707, 435, 10, 10, B
615, 463, 117, 19, 1ª HABILITAÇÃO
601, 482, 127, 16, 06/09/1977
445, 466, 71, 16, VALIDADE
406, 482, 126, 16, 28/08/2004
143, 466, 91, 15, Nº REGISTRO
160, 484, 140, 14, 86625462059
15, 325, 20, 156, VÁLIDA EM TODO
63, 343, 25, 177, 49699794
625, 225, 137, 17, DATA NASCIMENTO
621, 245, 108, 15, 07/09/1999
428, 172, 258, 19, DOC. IDENTIDADE/ÓRG EMISSOR UF
411, 194, 200, 13, 188930759 SESP RN
427, 276, 68, 17, FILIAÇÃO
410, 301, 263, 12, TAKAO FARACHE HITRMANN
415, 355, 247, 12, AVANSI WANG HORIGOSHI
413, 386, 53, 11, RAMOS
