138, 123, 53, 11, NOME
131, 137, 323, 15, MARQUETTI MANABU FORMOZINHO
430, 224, 35, 16, CPF
420, 241, 149, 14, 943.808.662-54
711, 410, 64, 21, CAT. HAB.
726, 435, 8, 11, E
588, 475, 110, 22, 1ª HABILITAÇÃO
608, 491, 117, 20, 24/12/2003
405, 480, 74, 15, VALIDADE
417, 496, 107, 13, 29/06/1989
137, 479, 89, 17, Nº REGISTRO
170, 498, 116, 12, 15577923681
9, 333, 25, 163, VÁLIDA EM TODO
68, 342, 24, 205, 522359199
642, 223, 125, 16, DATA NASCIMENTO
634, 239, 107, 16, 06/11/1984
432, 168, 238, 18, DOC. IDENTIDADE/ÓRG EMISSOR UF
731, 188, 18, 10, AM
609, 188, 32, 12, SNJ
425, 188, 87, 11, 562225559
433, 273, 69, 19, FILIAÇÃO
425, 297, 278, 10, SALOME SUKADOLNIK PANCIONATO
426, 320, 79, 10, NOGUEIRA
427, 340, 215, 12, VIVIANNE UN TAVELA
