153, 134, 45, 17, NOME
145, 154, 249, 12, LORETI LUCOUVICZ KWON
445, 246, 30, 16, CPF
434, 265, 177, 14, 304.237.315-05
723, 444, 56, 17, CAT. HAB.
735, 468, 7, 9, E
601, 504, 101, 19, 1ª HABILITAÇÃO
617, 524, 106, 15, 16/03/2012
420, 500, 66, 16, VALIDADE
425, 521, 107, 14, 14/06/1980
149, 494, 87, 19, Nº REGISTRO
183, 516, 128, 13, 93063456788
15, 348, 23, 154, VÁLIDA EM TODO
75, 338, 24, 192, 315479698
654, 252, 127, 17, DATA NASCIMENTO
646, 269, 107, 14, 22/04/1964
444, 194, 233, 15, DOC. IDENTIDADE/ÓRG EMISSOR UF
440, 212, 68, 10, 319557133
620, 215, 26, 10, SJS
743, 217, 21, 12, SP
449, 296, 62, 17, FILIAÇÃO
436, 320, 179, 15, CALABRICH FALQU
433, 366, 282, 12, FUKUYAMA BAUSELLS SGOBBI
436, 388, 84, 12, CARDOSO
