157, 123, 49, 16, NOME
150, 142, 230, 12, EDY BUTKERAITIS FLORE
455, 236, 33, 15, CPF
442, 255, 166, 14, 089.170.332-29
738, 435, 56, 16, CAT. HAB.
752, 459, 11, 10, C
613, 493, 107, 17, 1ª HABILITAÇÃO
625, 513, 127, 21, 08/12/2008
422, 491, 71, 13, VALIDADE
430, 509, 117, 15, 27/08/1990
148, 482, 85, 16, Nº REGISTRO
180, 505, 119, 12, 03485470796
22, 338, 22, 167, VÁLIDA EM TODO
77, 332, 32, 218, 948502701
675, 243, 128, 16, DATA NASCIMENTO
665, 259, 117, 16, 21/06/1955
457, 183, 239, 19, DOC. IDENTIDADE/ÓRG EMISSOR UF
448, 201, 85, 11, 724062038
640, 206, 31, 12, POM
765, 208, 22, 12, CE
457, 287, 68, 16, FILIAÇÃO
448, 310, 153, 12, BROETTO RUANDA
446, 378, 88, 10, RODRIGUES
446, 353, 260, 12, MAGATON TAMAI MANFREDI
