144, 123, 49, 17, NOME
132, 144, 286, 12, KURIHARA SERODIO VERGINE
427, 223, 32, 18, CPF
408, 245, 165, 14, 485.080.050-59
682, 412, 71, 15, CAT. HAB.
707, 433, 10, 12, A
615, 462, 117, 19, 1ª HABILITAÇÃO
603, 481, 125, 16, 10/06/1959
445, 465, 71, 16, VALIDADE
407, 481, 126, 16, 11/01/1985
143, 465, 91, 15, Nº REGISTRO
161, 483, 139, 14, 18529595239
15, 324, 20, 156, VÁLIDA EM TODO
63, 340, 25, 180, 20738779
625, 224, 137, 17, DATA NASCIMENTO
622, 244, 106, 14, 28/05/1964
428, 171, 258, 19, DOC. IDENTIDADE/ÓRG EMISSOR UF
411, 193, 201, 13, 137040271 SESP MA
427, 275, 68, 17, FILIAÇÃO
411, 300, 263, 12, ANGRISANO BEGUELDO BUE
415, 354, 286, 12, SANAI BORTOLOTO JOZENIAS
413, 385, 75, 11, DA MOTA
