75, 62, 21, 9, NOME
71, 73, 84, 6, NEI REATO CARRARO
208, 114, 14, 7, CPF
203, 126, 82, 8, 770.082.983-74
327, 209, 30, 9, CAT. HAB.
330, 222, 5, 7, D
274, 240, 49, 9, 1ª HABILITAÇÃO
275, 250, 60, 22, 11/11/1993
191, 239, 33, 9, VALIDADE
188, 249, 59, 23, 27/08/2005
74, 238, 43, 10, Nº REGISTRO
68, 250, 55, 5, 26165523804
8, 165, 10, 75, VÁLIDA EM TODO
29, 171, 11, 101, 185058789
297, 114, 61, 8, DATA NASCIMENTO
297, 128, 51, 6, 12/04/1954
207, 87, 115, 8, DOC. IDENTIDADE/ÓRG EMISSOR UF
202, 99, 81, 11, 870500795 SES TO
207, 140, 31, 9, FILIAÇÃO
201, 154, 85, 6, HENI FIUSA TAVELA
203, 169, 38, 5, DA CUNHA
201, 178, 99, 10, SZOT MELANY ANDREARA
201, 195, 37, 6, CARDOSO
