152, 125, 51, 17, NOME
147, 143, 315, 11, ZERBINI SCARTOZZONI MENEGHINI
452, 231, 27, 14, CPF
439, 248, 151, 14, 435.371.048-63
733, 422, 63, 16, CAT. HAB.
747, 443, 11, 13, E
610, 483, 111, 21, 1ª HABILITAÇÃO
629, 503, 116, 15, 11/07/2006
427, 484, 82, 17, VALIDADE
435, 504, 105, 14, 29/03/1981
156, 485, 87, 20, Nº REGISTRO
190, 504, 139, 14, 22553526598
23, 350, 23, 162, VÁLIDA EM TODO
83, 358, 24, 201, 815297405
666, 228, 127, 16, DATA NASCIMENTO
659, 245, 116, 16, 11/04/1995
451, 175, 235, 15, DOC. IDENTIDADE/ÓRG EMISSOR UF
442, 194, 96, 12, 931686039
631, 195, 28, 9, SNJ
753, 195, 20, 10, MA
455, 279, 65, 21, FILIAÇÃO
442, 299, 179, 15, UHRIG MONTES SATOW
443, 349, 240, 15, SQUARIZE ERNANI WATARU
