123, 100, 43, 14, NOME
116, 122, 218, 11, LACORTE MAZANTI PADRON
358, 192, 33, 13, CPF
336, 209, 137, 13, 567.300.848-12
583, 363, 61, 12, CAT. HAB.
594, 379, 8, 10, B
522, 408, 102, 15, 1ª HABILITAÇÃO
508, 425, 98, 13, 03/01/1992
374, 405, 69, 17, VALIDADE
344, 425, 96, 13, 22/11/1960
120, 408, 91, 15, Nº REGISTRO
138, 427, 108, 11, 04332074605
10, 286, 25, 142, VÁLIDA EM TODO
56, 262, 23, 191, 687152427
524, 192, 123, 13, DATA NASCIMENTO
515, 209, 103, 13, 11/09/1969
359, 145, 242, 14, DOC. IDENTIDADE/ÓRG EMISSOR/UF
335, 161, 143, 10, 908541995 SNJ MG
362, 237, 59, 14, FILIAÇÃO
337, 257, 209, 10, BOU UYANARA YANAGUITA
338, 281, 48, 10, PINTO
336, 304, 190, 12, LINDA FEO HANEDA
334, 329, 59, 10, MENDES
