130, 106, 37, 15, NOME
127, 128, 187, 15, LOMBARDO ELDA LUKAS
375, 202, 27, 15, CPF
369, 226, 109, 12, 097.712.967-52
376, 373, 69, 16, PERMISSÃO
373, 395, 88, 12, PERMISSÃO
594, 372, 55, 15, CAT. HAB.
604, 398, 7, 7, B
502, 426, 86, 17, 1ª HABILITAÇÃO
502, 444, 98, 12, 01/01/1955
350, 428, 60, 17, VALIDADE
347, 446, 96, 14, 07/12/2008
130, 426, 79, 20, Nº REGISTRO
130, 446, 96, 10, 00856407978
12, 302, 17, 141, VÁLIDA EM TODO
56, 289, 22, 176, 772154793
541, 200, 107, 17, DATA NASCIMENTO
544, 224, 77, 9, 29/08/1973
376, 154, 210, 16, DOC. IDENTIDADE/ÓRG EMISSOR/UF
370, 177, 142, 10, 927110660 SDS MG
374, 250, 56, 15, FILIAÇÃO
368, 276, 188, 10, BATTAGLINI KUROTORI M
369, 299, 79, 10, DA ROCHA
369, 324, 188, 10, CEZANNE ADELSON YUGOU
370, 349, 88, 10, DAS NEVES
