123, 101, 38, 13, NOME
118, 115, 237, 11, LEONILDO BLASCO WILLEMBE
359, 193, 27, 13, CPF
350, 206, 149, 14, 940.817.978-11
581, 355, 48, 15, CAT. HAB.
593, 376, 7, 9, E
483, 407, 87, 16, 1ª HABILITAÇÃO
495, 425, 108, 14, 09/03/1969
338, 409, 55, 13, VALIDADE
344, 425, 97, 13, 08/07/1976
121, 409, 72, 13, Nº REGISTRO
149, 423, 118, 13, 63132509178
18, 285, 19, 135, VÁLIDA EM TODO
64, 293, 21, 178, 380718065
527, 194, 103, 14, DATA NASCIMENTO
521, 208, 97, 14, 27/01/1998
358, 144, 188, 17, DOC. IDENTIDADE/ÓRG EMISSOR UF
354, 161, 87, 12, 919138536
501, 162, 25, 10, SNJ
600, 163, 22, 11, BA
360, 232, 56, 16, FILIAÇÃO
352, 250, 188, 14, GADDI JONO SCHWARTZ
356, 291, 185, 13, SHY LOIZE CARVAJA
353, 310, 86, 11, DA CUNHA
