136, 105, 35, 15, NOME
133, 126, 237, 13, FRANCIANI QUARTERO ADRIA
373, 202, 24, 16, CPF
365, 225, 110, 11, 038.655.310-67
590, 373, 53, 18, CAT. HAB.
598, 399, 7, 7, B
492, 427, 91, 16, 1ª HABILITAÇÃO
497, 445, 97, 17, 20/01/2019
344, 423, 58, 20, VALIDADE
337, 443, 96, 12, 07/11/1982
129, 419, 76, 19, Nº REGISTRO
127, 439, 107, 11, 22638976318
19, 291, 19, 129, VÁLIDA EM TODO
60, 280, 21, 166, 857286397
535, 203, 103, 15, DATA NASCIMENTO
534, 227, 87, 11, 09/02/1954
373, 155, 205, 15, DOC. IDENTIDADE/ÓRG EMISSOR/UF
367, 176, 126, 10, 938495343 POF MG
369, 247, 55, 15, FILIAÇÃO
365, 274, 222, 9, PATRIK PONOMARENCO VADALA
361, 322, 209, 10, CANINA ESCOBAR GUAPIN
362, 346, 52, 9, DUARTE
