176, 140, 47, 15, NOME
168, 154, 271, 12, BAHAMONDE DAINESE LENTINI
472, 244, 31, 15, CPF
461, 259, 150, 13, 306.429.716-33
752, 432, 60, 19, CAT. HAB.
771, 456, 8, 9, A
628, 497, 113, 17, 1ª HABILITAÇÃO
649, 515, 116, 16, 29/05/1962
448, 498, 67, 14, VALIDADE
454, 507, 125, 23, 07/01/1981
176, 496, 86, 22, Nº REGISTRO
210, 516, 139, 14, 54313206480
37, 354, 23, 162, VÁLIDA EM TODO
98, 348, 24, 193, 597816110
687, 241, 124, 13, DATA NASCIMENTO
675, 259, 107, 15, 22/07/1960
474, 187, 234, 17, DOC. IDENTIDADE/ÓRG EMISSOR UF
463, 205, 96, 12, 098212597
654, 204, 35, 12, SSP
776, 204, 21, 12, SP
476, 293, 63, 16, FILIAÇÃO
463, 315, 274, 11, MAKIUTI ORTELAN MITSUYOSH
467, 335, 81, 12, FREITAS
464, 360, 219, 12, NA JUCIVAGNO CAPASSO
462, 383, 96, 12, OLIVEIRA
