170, 136, 45, 15, NOME
160, 152, 273, 14, ESTACIO HABERKORN ASAKAWA
458, 239, 38, 17, CPF
442, 255, 184, 15, 223.916.574-04
736, 425, 64, 19, CAT. HAB.
750, 450, 10, 12, D
614, 490, 106, 18, 1ª HABILITAÇÃO
629, 510, 108, 15, 02/12/1982
435, 490, 66, 18, VALIDADE
438, 510, 127, 16, 01/12/2020
161, 492, 86, 19, Nº REGISTRO
197, 510, 151, 16, 02332665183
25, 350, 23, 157, VÁLIDA EM TODO
85, 351, 23, 199, 043706068
671, 233, 130, 18, DATA NASCIMENTO
665, 254, 106, 15, 24/02/1998
460, 182, 235, 18, DOC. IDENTIDADE/ÓRG EMISSOR UF
639, 203, 27, 10, SNJ
454, 202, 96, 12, 932528636
762, 201, 20, 11, SP
462, 287, 65, 20, FILIAÇÃO
450, 311, 219, 12, SIPRIANI ZORDAN FANG
451, 334, 75, 12, PEREIRA
450, 356, 224, 12, MICHAELIS MACCHETTI
450, 378, 95, 12, DA COSTA
