112, 113, 38, 13, NOME
106, 123, 239, 18, MELEGATTI BOMENY PERGHER
341, 204, 32, 11, CPF
336, 217, 137, 14, 487.812.190-40
570, 363, 51, 18, CAT. HAB.
582, 384, 8, 9, B
474, 419, 91, 13, 1ª HABILITAÇÃO
488, 434, 96, 13, 25/11/1978
327, 417, 54, 15, VALIDADE
330, 434, 97, 13, 28/05/2018
106, 418, 75, 15, Nº REGISTRO
131, 435, 116, 12, 14972138021
7, 288, 18, 136, VÁLIDA EM TODO
-1, 57, 160, 19, 469011825
518, 202, 99, 13, DATA NASCIMENTO
509, 215, 96, 13, 26/05/2015
344, 156, 189, 12, DOC. IDENTIDADE/ÓRG EMISSOR UF
587, 167, 18, 10, SP
486, 170, 21, 8, SES
338, 170, 85, 11, 143363827
350, 245, 51, 16, FILIAÇÃO
340, 259, 227, 14, BAGLIOTTI MOHRIAK KRALY
339, 299, 176, 12, GALLON BONAGAMBA
341, 322, 60, 10, ARAUJO
