149, 132, 49, 18, NOME
141, 151, 256, 13, PERRUD DARUIZ FORMIS
449, 242, 36, 17, CPF
440, 259, 165, 14, 968.690.749-17
741, 439, 63, 15, CAT. HAB.
750, 462, 10, 8, D
611, 500, 111, 21, 1ª HABILITAÇÃO
632, 523, 115, 20, 12/01/1982
426, 504, 65, 16, VALIDADE
428, 521, 126, 16, 25/10/1955
141, 501, 91, 15, Nº REGISTRO
177, 521, 139, 14, 52430993954
18, 345, 22, 163, VÁLIDA EM TODO
-1, 77, 193, 23, 001532426
670, 241, 129, 18, DATA NASCIMENTO
662, 261, 105, 18, 12/05/2014
449, 183, 246, 22, DOC. IDENTIDADE/ÓRG EMISSOR UF
637, 208, 39, 10, SPTC
764, 208, 19, 11, PR
444, 205, 104, 18, 392487691
451, 294, 70, 18, FILIAÇÃO
440, 317, 307, 11, CIUBOTARIU BITTENCOUR BOTTON
442, 363, 276, 13, VAIO MEINSCHMIEDT CHI
442, 384, 82, 14, DUARTE
