134, 108, 38, 15, NOME
132, 131, 220, 11, CIPOLARO LERRINE ASATO
379, 207, 27, 15, CPF
373, 231, 111, 14, 912.257.320-85
600, 383, 55, 19, CAT. HAB.
610, 408, 19, 10, AB
504, 436, 89, 17, 1ª HABILITAÇÃO
507, 456, 107, 14, 07/04/1974
355, 436, 57, 14, VALIDADE
351, 454, 106, 14, 24/08/2005
138, 432, 77, 19, Nº REGISTRO
138, 452, 106, 11, 68872744456
15, 309, 15, 131, VÁLIDA EM TODO
56, 296, 22, 175, 045507816
544, 205, 106, 19, DATA NASCIMENTO
548, 233, 97, 13, 22/11/1980
376, 157, 214, 19, DOC. IDENTIDADE/ÓRG EMISSOR/UF
375, 183, 156, 13, 706495718 SEJ MG
377, 257, 53, 13, FILIAÇÃO
372, 282, 197, 11, MATRANGOLO ASSARIC
371, 308, 33, 9, DIAS
371, 331, 225, 11, CARTAPATTI ASAMURA TERUYU
