151, 129, 38, 17, NOME
137, 148, 298, 12, BETANCOR AWAGAKUBO STORCH
416, 236, 31, 17, CPF
403, 254, 150, 14, 945.439.324-39
664, 426, 66, 19, CAT. HAB.
686, 450, 22, 12, AB
593, 485, 117, 15, 1ª HABILITAÇÃO
585, 503, 117, 16, 02/03/1952
437, 484, 64, 17, VALIDADE
401, 503, 126, 16, 18/07/2016
150, 486, 86, 18, Nº REGISTRO
163, 505, 153, 15, 19216996661
20, 345, 21, 160, VÁLIDA EM TODO
71, 347, 23, 192, 491232208
608, 230, 122, 15, DATA NASCIMENTO
604, 251, 115, 16, 13/08/1977
415, 182, 250, 16, DOC. IDENTIDADE/ÓRG EMISSOR/UF
405, 200, 95, 14, 317302619
574, 201, 34, 9, SPTC
671, 199, 21, 10, MG
413, 289, 69, 19, FILIAÇÃO
409, 307, 273, 17, FADIA FEITEIRO GEHRINGE
405, 370, 218, 12, PIAZAROLO GILMOUR KA
407, 400, 127, 13, CAVALCANTI
