134, 107, 39, 16, NOME
130, 126, 187, 10, ARINELLI RUBINHO NERY
373, 204, 25, 15, CPF
365, 226, 135, 12, 209.197.359-91
591, 375, 51, 16, CAT. HAB.
597, 399, 7, 8, A
495, 426, 87, 18, 1ª HABILITAÇÃO
337, 443, 107, 14, 13/06/1962
343, 426, 61, 16, VALIDADE
538, 228, 87, 12, 04/03/1997
129, 420, 77, 17, Nº REGISTRO
128, 440, 105, 15, 77675473742
18, 289, 21, 135, VÁLIDA EM TODO
59, 271, 22, 174, 994781996
536, 202, 103, 18, DATA NASCIMENTO
-1, 490, 32, 112, 10/01/1965
371, 158, 207, 16, DOC. IDENTIDADE/ÓRG EMISSOR/UF
367, 178, 157, 11, 401840896 SJS BA
371, 249, 51, 18, FILIAÇÃO
363, 275, 177, 11, OJIMA ASSALIN KAZI
362, 323, 126, 10, LIS FAGARAZ SOEL
362, 347, 46, 10, DA LUZ
