129, 105, 37, 15, NOME
126, 127, 217, 15, BRAIAN NAGIMA FONTELAS
374, 201, 27, 15, CPF
367, 225, 110, 11, 591.016.199-77
375, 372, 69, 16, PERMISSÃO
372, 394, 88, 12, PERMISSÃO
593, 371, 55, 15, CAT. HAB.
603, 396, 7, 9, E
501, 425, 86, 17, 1ª HABILITAÇÃO
501, 443, 98, 12, 03/05/1962
349, 427, 60, 17, VALIDADE
346, 445, 96, 14, 09/05/1987
129, 425, 79, 20, Nº REGISTRO
129, 445, 96, 10, 29365275438
11, 301, 17, 141, VÁLIDA EM TODO
55, 289, 22, 174, 599596022
540, 199, 107, 17, DATA NASCIMENTO
542, 223, 77, 15, 27/01/1965
375, 153, 210, 16, DOC. IDENTIDADE/ÓRG EMISSOR/UF
368, 176, 142, 11, 669257002 SES SE
373, 249, 56, 15, FILIAÇÃO
368, 275, 186, 10, SAVIGNANO HOSOIDO LAP
369, 298, 78, 10, SILVEIRA
370, 323, 213, 11, SCABIN GHIRINGHELLO FORN
369, 348, 38, 10, LIMA
