155, 127, 51, 12, NOME
146, 142, 244, 13, ESOTICO LEPINE BUCH
448, 234, 46, 15, CPF
444, 251, 151, 13, 495.650.247-85
741, 425, 63, 16, CAT. HAB.
757, 447, 10, 10, B
618, 485, 107, 16, 1ª HABILITAÇÃO
630, 507, 108, 13, 06/04/1980
158, 486, 89, 17, Nº REGISTRO
194, 504, 139, 14, 25399201948
436, 488, 63, 15, VÁLIDA EM TODO
88, 352, 23, 197, 955837671
34, 335, 24, 170, VALIDADE
438, 506, 106, 14, 04/06/1951
669, 233, 135, 14, DATA NASCIMENTO
661, 251, 97, 12, 08/01/1976
453, 177, 246, 20, DOC. IDENTIDADE/ÓRG EMISSOR UF
447, 195, 95, 12, 707482550
635, 197, 32, 11, SSP
758, 197, 17, 10, PR
457, 282, 67, 19, FILIAÇÃO
446, 305, 250, 13, GUARIENTE BOCCATTO SNEI
449, 328, 53, 12, SALES
447, 350, 249, 10, RODRYGO MENEGASSI PASSARO
449, 373, 54, 12, ROCHA
