156, 121, 47, 18, NOME
146, 133, 387, 15, PORTELLA NAKAZATO CHACAROLLI
447, 224, 30, 16, CPF
437, 242, 149, 13, 338.685.738-87
724, 414, 56, 15, CAT. HAB.
738, 436, 11, 11, C
602, 477, 104, 16, 1ª HABILITAÇÃO
615, 495, 118, 15, 03/05/1956
422, 480, 63, 16, VALIDADE
420, 498, 117, 15, 02/08/2004
148, 482, 89, 19, Nº REGISTRO
180, 500, 141, 19, 05587632759
16, 335, 22, 177, VÁLIDA EM TODO
70, 322, 23, 192, 278036551
660, 220, 125, 16, DATA NASCIMENTO
649, 235, 107, 18, 16/09/2014
447, 167, 233, 16, DOC. IDENTIDADE/ÓRG EMISSOR UF
441, 188, 95, 12, 178502856
626, 186, 30, 11, SJS
749, 183, 21, 12, BA
446, 272, 67, 21, FILIAÇÃO
435, 342, 276, 11, MONTICELLI ANGULO CRISTAL
437, 365, 63, 12, DA PAZ
435, 294, 255, 10, SCARASSATTI FORCIONI MACRI
