158, 138, 46, 15, NOME
149, 153, 273, 12, ZUNINO PELICER ADRIELLY
453, 248, 34, 15, CPF
441, 265, 165, 14, 996.452.707-15
735, 442, 59, 15, CAT. HAB.
741, 462, 31, 16, AB
607, 500, 111, 18, 1ª HABILITAÇÃO
627, 523, 126, 16, 31/12/2002
426, 500, 69, 20, VALIDADE
428, 522, 116, 15, 18/11/1965
151, 493, 88, 21, Nº REGISTRO
183, 516, 139, 14, 91258939809
34, 346, 23, 159, VÁLIDA EM TODO
83, 346, 25, 199, 952183864
669, 250, 130, 18, DATA NASCIMENTO
657, 269, 107, 15, 27/01/1962
457, 192, 232, 20, DOC. IDENTIDADE/ÓRG EMISSOR UF
445, 210, 96, 14, 454125665
633, 214, 42, 11, SESP
759, 214, 25, 13, MG
457, 297, 64, 17, FILIAÇÃO
444, 321, 218, 11, BONCOMPAGNI JOACYR C
444, 342, 65, 12, MORAES
446, 366, 296, 17, TSIN CANDIOTTI QUARTAROLI
