154, 134, 45, 17, NOME
146, 154, 309, 12, PASTRELLO VANZELLA ROSSGER
446, 246, 30, 16, CPF
433, 265, 179, 14, 077.409.793-09
724, 444, 56, 17, CAT. HAB.
736, 468, 8, 9, A
602, 504, 101, 19, 1ª HABILITAÇÃO
618, 524, 106, 15, 11/09/2012
421, 500, 66, 16, VALIDADE
426, 521, 107, 14, 10/04/1984
150, 494, 87, 19, Nº REGISTRO
184, 516, 127, 18, 82849106071
16, 348, 23, 154, VÁLIDA EM TODO
76, 338, 24, 192, 052418450
655, 252, 127, 17, DATA NASCIMENTO
646, 269, 106, 14, 03/07/1951
445, 194, 233, 15, DOC. IDENTIDADE/ÓRG EMISSOR UF
440, 212, 70, 10, 929642090
621, 215, 27, 9, POF
743, 217, 22, 12, MA
450, 296, 62, 17, FILIAÇÃO
437, 320, 179, 12, GORGATTI GREMME
432, 366, 288, 12, GANZELLA BACCARI STRAUBE
437, 388, 72, 12, VIEIRA
