124, 115, 39, 14, NOME
118, 131, 218, 10, SALVINE BUTZER FIDALGO
358, 207, 25, 12, CPF
349, 221, 150, 12, 561.470.061-77
582, 369, 49, 13, CAT. HAB.
592, 388, 8, 10, B
482, 423, 89, 13, 1ª HABILITAÇÃO
499, 440, 86, 11, 01/03/2006
338, 424, 54, 13, VALIDADE
342, 438, 97, 15, 09/11/1960
123, 422, 71, 16, Nº REGISTRO
150, 439, 107, 16, 64044755209
19, 300, 17, 129, VÁLIDA EM TODO
63, 282, 21, 174, 798727944
526, 205, 105, 14, DATA NASCIMENTO
522, 221, 97, 18, 19/02/1957
358, 158, 186, 15, DOC. IDENTIDADE/ÓRG EMISSOR UF
502, 175, 25, 10, SEJ
354, 175, 78, 10, 411493905
597, 175, 18, 8, MG
362, 248, 54, 15, FILIAÇÃO
349, 269, 170, 10, ODIRLEI AYO GARRO
352, 307, 157, 11, ZARELLI TSUDA AN
351, 325, 99, 10, NASCIMENTO
