113, 113, 38, 13, NOME
108, 123, 211, 20, HEIDRICH PIDONE TERAN
342, 204, 32, 11, CPF
337, 217, 135, 12, 624.546.951-11
571, 363, 51, 18, CAT. HAB.
583, 383, 8, 9, A
475, 419, 91, 13, 1ª HABILITAÇÃO
489, 434, 97, 13, 25/12/1975
328, 417, 54, 15, VALIDADE
331, 434, 95, 13, 27/12/1971
107, 418, 75, 15, Nº REGISTRO
131, 435, 118, 12, 82059463598
8, 288, 18, 136, VÁLIDA EM TODO
58, 314, 19, 160, 743103785
519, 202, 99, 13, DATA NASCIMENTO
511, 215, 96, 13, 31/08/2019
345, 156, 189, 12, DOC. IDENTIDADE/ÓRG EMISSOR UF
586, 167, 20, 10, MA
487, 170, 21, 8, SES
338, 170, 86, 11, 245733024
351, 245, 51, 16, FILIAÇÃO
342, 262, 217, 11, POSSEBOM MENDO VALERIA
340, 299, 176, 12, GARBUI PARSEKIAN
343, 322, 67, 10, DA CRUZ
