137, 104, 34, 17, NOME
129, 129, 230, 10, MELLUCCI FARIA CRAVEIRO
370, 203, 29, 16, CPF
366, 227, 150, 12, 674.080.525-34
589, 375, 55, 20, CAT. HAB.
595, 402, 7, 7, B
492, 430, 93, 16, 1ª HABILITAÇÃO
498, 447, 107, 14, 19/01/1965
346, 427, 53, 15, VALIDADE
339, 445, 107, 15, 12/11/2017
122, 423, 81, 19, Nº REGISTRO
122, 442, 121, 13, 79424069820
5, 13, 23, 13, VÁLIDA EM TODO
48, 290, 21, 176, 259753203
537, 204, 104, 16, DATA NASCIMENTO
534, 229, 87, 16, 28/01/2010
370, 155, 211, 20, DOC. IDENTIDADE/ÓRG EMISSOR/UF
367, 179, 142, 10, 456140554 SJS MG
367, 249, 59, 16, FILIAÇÃO
366, 275, 141, 12, POVLOVITSCH M
364, 300, 58, 10, SANTOS
363, 324, 149, 10, CERIZE ORBERG H
364, 350, 78, 9, RODRIGUES
