150, 128, 56, 16, NOME
145, 147, 211, 12, PATROCINIO JANOLLI 
441, 238, 34, 19, CPF
434, 258, 150, 13, 761.365.362-50
723, 433, 59, 18, CAT. HAB.
735, 459, 7, 10, E
600, 494, 105, 18, 1ª HABILITAÇÃO
615, 516, 127, 16, 25/07/1958
413, 492, 72, 19, VALIDADE
421, 506, 127, 23, 03/10/1993
147, 489, 87, 19, Nº REGISTRO
181, 511, 118, 13, 60893632082
23, 344, 22, 163, VÁLIDA EM TODO
70, 355, 23, 189, 652697154
659, 240, 127, 18, DATA NASCIMENTO
645, 259, 108, 16, 03/11/1995
445, 181, 240, 19, DOC. IDENTIDADE/ÓRG EMISSOR UF
624, 206, 28, 10, SNJ
747, 207, 19, 11, SC
436, 202, 103, 13, 138023438
450, 292, 60, 15, FILIAÇÃO
434, 312, 208, 13, CHIH WILDEROM RE
433, 358, 233, 14, JURANDYR GRAZIANI
435, 379, 90, 13, REZENDE
