159, 124, 53, 16, NOME
152, 139, 249, 13, NAKASSE BELLODI JUNQUEIRA
458, 228, 31, 15, CPF
444, 244, 151, 18, 172.687.787-67
739, 414, 59, 20, CAT. HAB.
753, 438, 11, 12, C
609, 477, 115, 19, 1ª HABILITAÇÃO
633, 497, 116, 15, 15/10/1976
431, 482, 67, 15, VALIDADE
433, 499, 106, 14, 30/10/1980
152, 482, 93, 18, Nº REGISTRO
187, 500, 139, 15, 62959405027
26, 344, 25, 163, VÁLIDA EM TODO
82, 339, 30, 223, 607207865
674, 226, 127, 15, DATA NASCIMENTO
663, 242, 116, 16, 23/09/1994
458, 172, 236, 16, DOC. IDENTIDADE/ÓRG EMISSOR UF
763, 190, 20, 12, PE
636, 191, 38, 10, SPTC
447, 192, 86, 11, 056118648
460, 279, 68, 20, FILIAÇÃO
452, 345, 252, 13, KENZI VETRONE FUZISHIMA
449, 299, 227, 12, SHEYLA MERCER JORDANI
