158, 137, 46, 15, NOME
147, 152, 297, 12, CASSAVARA SORIO RUTKOWSKI
453, 247, 34, 15, CPF
441, 264, 164, 14, 993.402.174-97
735, 441, 59, 15, CAT. HAB.
741, 461, 15, 16, A
607, 499, 111, 18, 1ª HABILITAÇÃO
626, 522, 127, 16, 06/05/2017
426, 499, 69, 20, VALIDADE
426, 521, 118, 15, 02/10/1979
151, 492, 88, 21, Nº REGISTRO
184, 515, 136, 14, 15039911491
34, 345, 23, 159, VÁLIDA EM TODO
83, 344, 27, 201, 738357611
669, 249, 130, 18, DATA NASCIMENTO
657, 268, 107, 14, 10/08/1995
457, 191, 232, 20, DOC. IDENTIDADE/ÓRG EMISSOR UF
443, 209, 98, 14, 353745893
633, 213, 30, 11, SNJ
759, 213, 25, 13, BA
457, 296, 64, 17, FILIAÇÃO
443, 320, 219, 12, CASEIRO JANS CALDANA
445, 341, 97, 12, DAS NEVES
447, 365, 295, 12, DELBEM BUZANELLO FANTELLI
