125, 102, 40, 17, NOME
121, 121, 188, 10, BEMI NARDINELLI NOH
360, 197, 28, 14, CPF
352, 213, 150, 13, 375.595.267-05
581, 365, 46, 17, CAT. HAB.
589, 383, 10, 10, C
483, 418, 88, 14, 1ª HABILITAÇÃO
493, 433, 108, 13, 06/10/1986
336, 416, 54, 14, VALIDADE
344, 431, 105, 14, 11/03/2017
118, 412, 71, 14, Nº REGISTRO
145, 428, 116, 12, 15879632241
18, 283, 19, 134, VÁLIDA EM TODO
57, 291, 20, 165, 662011340
528, 202, 107, 12, DATA NASCIMENTO
523, 216, 96, 13, 04/11/1964
359, 150, 191, 17, DOC. IDENTIDADE/ÓRG EMISSOR UF
354, 168, 88, 11, 447229023
503, 170, 30, 10, SPTC
604, 173, 15, 7, PB
362, 242, 52, 15, FILIAÇÃO
351, 261, 241, 11, GUIDUGLI IANELLO LOHAN
350, 298, 218, 11, STOFFELSHAUS CAMBEIR
