137, 103, 41, 12, NOME
131, 124, 240, 11, TAMI CUKIER DUBOWISCHY
376, 194, 29, 18, CPF
354, 213, 137, 11, 174.005.873-90
595, 366, 61, 13, CAT. HAB.
605, 383, 6, 9, D
534, 408, 103, 18, 1ª HABILITAÇÃO
523, 427, 107, 14, 20/06/1974
388, 408, 65, 17, VALIDADE
363, 426, 96, 12, 17/01/2012
143, 406, 84, 13, Nº REGISTRO
162, 424, 118, 13, 43392077813
26, 286, 17, 138, VÁLIDA EM TODO
71, 268, 21, 175, 321590330
542, 197, 121, 15, DATA NASCIMENTO
538, 213, 96, 16, 27/02/2015
378, 149, 241, 15, DOC. IDENTIDADE/ÓRG EMISSOR/UF
354, 165, 140, 10, 755129258 SES SP
374, 241, 66, 15, FILIAÇÃO
350, 262, 178, 16, WEISS RHYS GLAUBER
352, 284, 70, 10, CARDOSO
350, 306, 240, 12, CIOFFI JOABE CANHADA
350, 330, 86, 10, FERNANDES
