130, 105, 37, 15, NOME
127, 127, 217, 15, BRAIAN NAGIMA FONTELAS
375, 201, 27, 15, CPF
368, 225, 110, 11, 591.016.199-77
376, 372, 69, 16, PERMISSÃO
373, 394, 88, 12, PERMISSÃO
594, 371, 55, 15, CAT. HAB.
604, 396, 7, 9, E
502, 425, 86, 17, 1ª HABILITAÇÃO
502, 443, 98, 12, 03/05/1962
350, 427, 60, 17, VALIDADE
347, 445, 96, 14, 09/05/1987
130, 425, 79, 20, Nº REGISTRO
130, 445, 96, 10, 29365275438
12, 301, 17, 141, VÁLIDA EM TODO
56, 289, 22, 174, 599596022
541, 199, 107, 17, DATA NASCIMENTO
543, 223, 77, 15, 27/01/1965
376, 153, 210, 16, DOC. IDENTIDADE/ÓRG EMISSOR/UF
369, 176, 142, 11, 669257002 SES SE
374, 249, 56, 15, FILIAÇÃO
369, 275, 186, 10, SAVIGNANO HOSOIDO LAP
370, 298, 78, 10, SILVEIRA
371, 323, 213, 11, SCABIN GHIRINGHELLO FORN
370, 348, 38, 10, LIMA
