120, 92, 43, 17, NOME
116, 113, 239, 10, DAVANCO PIERRY KATHARINE
357, 187, 25, 15, CPF
349, 205, 135, 11, 771.329.093-12
579, 354, 45, 15, CAT. HAB.
595, 374, 7, 8, A
480, 405, 87, 15, 1ª HABILITAÇÃO
495, 421, 125, 16, 17/05/1977
334, 407, 57, 12, VALIDADE
329, 421, 112, 14, 27/04/2001
117, 400, 71, 16, Nº REGISTRO
141, 418, 106, 12, 47968462966
11, 278, 17, 139, VÁLIDA EM TODO
58, 289, 19, 157, 666121340
529, 190, 102, 17, DATA NASCIMENTO
520, 205, 106, 15, 17/08/1982
354, 141, 191, 15, DOC. IDENTIDADE/ÓRG EMISSOR UF
354, 156, 86, 11, 353113499
502, 160, 28, 9, POM
599, 159, 18, 9, SC
359, 232, 57, 15, FILIAÇÃO
349, 252, 152, 11, MARUNO LIONEL NIN
347, 270, 54, 12, GOMES
349, 289, 197, 11, GERIN SABIO HUANCA
359, 308, 96, 12, CARVALHO
