111, 112, 41, 15, NOME
107, 123, 188, 20, POLISEL IDINO AHMAD
343, 203, 30, 13, CPF
336, 219, 124, 12, 542.380.018-85
572, 366, 49, 14, CAT. HAB.
585, 384, 8, 10, E
475, 420, 82, 14, 1ª HABILITAÇÃO
488, 436, 105, 19, 14/03/1994
330, 420, 52, 15, VALIDADE
330, 435, 106, 13, 29/03/1952
107, 419, 74, 16, Nº REGISTRO
134, 436, 120, 12, 73278104649
8, 292, 19, 135, VÁLIDA EM TODO
-1, 55, 169, 19, 394143621
516, 202, 105, 13, DATA NASCIMENTO
510, 218, 96, 13, 19/11/1964
345, 157, 188, 12, DOC. IDENTIDADE/ÓRG EMISSOR UF
487, 173, 24, 8, SSP
340, 172, 71, 10, 664647157
588, 172, 18, 10, RS
348, 246, 54, 14, FILIAÇÃO
339, 266, 196, 9, DAILA LIBORIO BALEEIRO
343, 303, 207, 10, BONUGLI GIULIANO PAZZ
343, 323, 57, 10, FARIAS
