150, 130, 49, 20, NOME
142, 150, 263, 12, RIAN VENANZI BRUNHEIRA
445, 239, 32, 15, CPF
433, 258, 151, 14, 257.202.788-77
725, 432, 64, 13, CAT. HAB.
743, 453, 15, 10, A
605, 492, 106, 19, 1ª HABILITAÇÃO
618, 512, 108, 15, 02/07/1955
418, 492, 76, 21, VALIDADE
427, 510, 125, 17, 11/10/1964
148, 491, 93, 21, Nº REGISTRO
184, 514, 128, 13, 14022203730
17, 349, 23, 171, VÁLIDA EM TODO
69, 352, 25, 183, 675778925
659, 237, 130, 16, DATA NASCIMENTO
650, 256, 107, 14, 18/02/1979
442, 183, 242, 15, DOC. IDENTIDADE/ÓRG EMISSOR UF
626, 203, 27, 10, SJS
748, 203, 18, 10, RS
437, 202, 87, 11, 233843802
442, 288, 75, 17, FILIAÇÃO
436, 311, 263, 12, DAGNONE BERNARDINA SUPPO
438, 356, 259, 12, SZKLO KAMINSKI WANDERLEI
439, 379, 94, 12, SILVEIRA
