116, 117, 38, 12, NOME
106, 131, 229, 12, CARMES DECINA LINDMAYER
347, 208, 27, 13, CPF
340, 222, 137, 11, 579.575.651-23
572, 372, 49, 16, CAT. HAB.
583, 392, 8, 8, B
475, 424, 86, 15, 1ª HABILITAÇÃO
487, 435, 97, 19, 28/03/1985
327, 424, 54, 13, VALIDADE
334, 437, 97, 17, 18/10/2004
111, 420, 71, 17, Nº REGISTRO
138, 439, 119, 13, 52489669888
15, 297, 15, 135, VÁLIDA EM TODO
57, 333, 18, 139, 181788488
519, 207, 100, 14, DATA NASCIMENTO
513, 219, 87, 16, 01/05/2017
349, 160, 187, 15, DOC. IDENTIDADE/ÓRG EMISSOR UF
492, 179, 22, 7, SJS
589, 180, 16, 8, RS
345, 177, 68, 11, 370349532
349, 252, 54, 15, FILIAÇÃO
343, 269, 216, 10, BONALDO MOBIGLIA OMAKI
343, 307, 198, 11, ROBUSTI MAGELO BALAR
