121, 92, 43, 17, NOME
117, 113, 207, 14, MUCOUCAH EDSON LEARDI
358, 187, 25, 15, CPF
348, 205, 137, 11, 612.664.471-99
580, 354, 45, 15, CAT. HAB.
595, 373, 7, 11, C
481, 405, 87, 15, 1ª HABILITAÇÃO
496, 421, 125, 16, 15/11/1954
335, 407, 57, 12, VALIDADE
330, 421, 112, 14, 29/03/2011
118, 400, 71, 16, Nº REGISTRO
142, 418, 107, 11, 16652296119
12, 278, 17, 139, VÁLIDA EM TODO
59, 288, 19, 159, 258112326
530, 190, 102, 17, DATA NASCIMENTO
520, 205, 107, 15, 29/03/1956
355, 141, 191, 15, DOC. IDENTIDADE/ÓRG EMISSOR UF
355, 156, 86, 11, 736627029
502, 159, 28, 10, SJS
598, 159, 20, 9, MG
360, 232, 57, 15, FILIAÇÃO
352, 253, 150, 9, PESSOA NELICE DEA
348, 270, 65, 12, MENDES
351, 289, 196, 11, JUEI KUNIKATA VOSS
361, 308, 95, 12, SILVEIRA
