136, 108, 36, 13, NOME
131, 129, 178, 14, RENSI WENDEL OTVOS
373, 206, 25, 13, CPF
366, 228, 138, 11, 803.436.590-42
590, 376, 55, 18, CAT. HAB.
596, 403, 7, 7, B
494, 430, 91, 18, 1ª HABILITAÇÃO
494, 450, 107, 13, 02/02/2008
343, 425, 60, 21, VALIDADE
338, 445, 97, 15, 17/12/1964
127, 424, 77, 17, Nº REGISTRO
125, 443, 107, 12, 15979126565
7, 300, 17, 143, VÁLIDA EM TODO
47, 280, 23, 182, 686957107
538, 204, 106, 20, DATA NASCIMENTO
535, 229, 97, 15, 11/01/2008
374, 157, 206, 19, DOC. IDENTIDADE/ÓRG EMISSOR/UF
365, 180, 158, 11, 573627320 POF BA
371, 252, 52, 16, FILIAÇÃO
364, 276, 150, 10, ALBARELLA VERGUEI
364, 301, 39, 10, LIMA
362, 325, 159, 10, GNIDARCHICHI CIP
364, 350, 89, 9, NASCIMENTO
