149, 128, 52, 17, NOME
141, 146, 264, 12, THATY WEEGE HIGASSIARAGU
446, 231, 30, 16, CPF
430, 248, 166, 15, 014.667.711-00
729, 418, 58, 21, CAT. HAB.
739, 442, 9, 11, A
603, 482, 111, 20, 1ª HABILITAÇÃO
623, 503, 106, 16, 27/10/1994
423, 486, 71, 17, VALIDADE
424, 504, 107, 15, 08/08/1987
149, 489, 91, 19, Nº REGISTRO
187, 506, 140, 14, 04904567453
19, 357, 22, 156, VÁLIDA EM TODO
67, 330, 37, 200, 454484434
658, 228, 130, 17, DATA NASCIMENTO
650, 246, 107, 14, 12/04/2010
444, 174, 237, 18, DOC. IDENTIDADE/ÓRG EMISSOR UF
621, 195, 38, 10, SESP
743, 194, 17, 9, MT
435, 195, 99, 13, 709188146
442, 280, 74, 20, FILIAÇÃO
438, 305, 220, 10, CAMPINEIRO TESTONI ALC
437, 328, 70, 10, CARDOSO
439, 348, 260, 12, IAMAGUTE AUGUSTUS BROSCH
439, 372, 109, 12, NASCIMENTO
