144, 124, 49, 17, NOME
133, 145, 337, 12, POTONYACZ PUSKAS CHIUMARELLI
427, 224, 32, 18, CPF
408, 246, 163, 14, 887.592.474-01
682, 413, 71, 15, CAT. HAB.
707, 434, 10, 12, A
615, 463, 117, 19, 1ª HABILITAÇÃO
601, 482, 127, 16, 08/10/1950
445, 466, 71, 16, VALIDADE
406, 482, 126, 17, 02/09/1982
143, 466, 91, 15, Nº REGISTRO
161, 484, 138, 14, 37884782232
15, 325, 20, 156, VÁLIDA EM TODO
63, 343, 25, 177, 43769384
625, 225, 137, 17, DATA NASCIMENTO
621, 245, 107, 15, 04/07/1968
428, 172, 258, 19, DOC. IDENTIDADE/ÓRG EMISSOR UF
411, 194, 189, 13, 148388849 POF BA
427, 276, 68, 17, FILIAÇÃO
411, 301, 226, 12, MOROTA LAURY DAAMEN
415, 355, 238, 12, BERTHOLO SCRAMIN MOS
413, 386, 53, 11, LOPES
