133, 107, 37, 16, NOME
131, 126, 159, 9, IUASSE AYOUB SHIMAZU
378, 202, 29, 16, CPF
372, 230, 137, 11, 534.365.143-73
605, 387, 49, 17, CAT. HAB.
612, 413, 8, 10, E
509, 442, 90, 19, 1ª HABILITAÇÃO
512, 462, 127, 16, 20/05/2000
354, 444, 60, 16, VALIDADE
340, 464, 110, 13, 30/12/1974
133, 440, 73, 16, Nº REGISTRO
129, 463, 95, 10, 39969067285
14, 304, 17, 135, VÁLIDA EM TODO
52, 297, 21, 174, 978756100
291, 288, -18, -11, DATA NASCIMENTO
555, 232, 78, 12, 11/04/2013
344, 343, -6, -19, DOC. IDENTIDADE/ÓRG EMISSOR/UF
373, 178, 155, 11, 104736173 POM PI
379, 252, 58, 19, FILIAÇÃO
370, 283, 208, 10, BUTUGAN ANASTACIO CAR
369, 333, 199, 12, WANDA BALPARDA KRATK
373, 358, 74, 11, REZENDE
