157, 127, 49, 13, NOME
150, 138, 292, 15, PASQUINELLI SULIMAM BERTINI
445, 228, 39, 16, CPF
435, 245, 180, 15, 760.274.837-92
728, 419, 57, 17, CAT. HAB.
743, 439, 20, 11, AB
601, 480, 110, 17, 1ª HABILITAÇÃO
619, 499, 108, 15, 02/06/1998
422, 485, 69, 15, VALIDADE
426, 501, 108, 14, 08/02/1994
146, 486, 91, 18, Nº REGISTRO
184, 504, 118, 14, 63657111988
22, 357, 23, 158, VÁLIDA EM TODO
78, 349, 23, 184, 499287410
660, 225, 126, 18, DATA NASCIMENTO
653, 243, 106, 20, 22/08/1964
449, 172, 236, 15, DOC. IDENTIDADE/ÓRG EMISSOR UF
627, 190, 28, 10, SEJ
749, 189, 18, 10, RS
442, 192, 86, 11, 619403470
453, 278, 67, 17, FILIAÇÃO
442, 301, 251, 12, SAVARIS SCHIEFER BIAZOT
442, 324, 76, 13, DUARTE
439, 345, 176, 12, CHUMA IGI BRUNNA
439, 369, 49, 10, GOMES
