155, 116, 57, 18, NOME
152, 138, 261, 11, MARINEIDE ONODY SHIOZAKI
463, 221, 34, 21, CPF
452, 244, 178, 16, 847.474.261-75
752, 418, 63, 20, CAT. HAB.
772, 444, 10, 12, A
629, 482, 108, 22, 1ª HABILITAÇÃO
643, 504, 115, 15, 15/10/1977
441, 485, 68, 16, VALIDADE
442, 503, 126, 16, 29/04/1977
160, 483, 95, 22, Nº REGISTRO
197, 505, 138, 14, 35441883938
22, 352, 21, 160, VÁLIDA EM TODO
76, 330, 30, 205, 792366654
683, 226, 131, 17, DATA NASCIMENTO
678, 243, 116, 16, 14/08/1989
460, 167, 245, 22, DOC. IDENTIDADE/ÓRG EMISSOR UF
644, 190, 28, 10, SSP
774, 189, 21, 11, MS
455, 187, 105, 13, 942606565
468, 278, 67, 19, FILIAÇÃO
454, 299, 260, 13, CIFU DIONISIO PILEGG
456, 322, 89, 13, PEIXOTO
455, 348, 229, 11, RATTACASO DELIBERADOR
459, 370, 96, 12, MONTEIRO
