128, 106, 35, 11, NOME
115, 122, 199, 10, MILOGRANA ROBBA ROSE
354, 193, 27, 17, CPF
342, 214, 147, 16, 990.711.979-21
562, 365, 55, 14, CAT. HAB.
580, 386, 7, 10, E
511, 413, 89, 13, 1ª HABILITAÇÃO
497, 427, 107, 17, 24/12/1999
369, 411, 55, 13, VALIDADE
340, 427, 97, 12, 17/05/1995
127, 408, 72, 17, Nº REGISTRO
147, 426, 118, 13, 10429792199
17, 291, 18, 130, VÁLIDA EM TODO
63, 318, 24, 141, 041102069
517, 196, 104, 17, DATA NASCIMENTO
513, 214, 97, 16, 18/03/1989
357, 152, 205, 15, DOC. IDENTIDADE/ÓRG EMISSOR/UF
342, 168, 166, 12, 344096890 SPTC MG
357, 243, 52, 14, FILIAÇÃO
345, 263, 198, 14, TEDDY ALBANEZ ATIQ
346, 285, 76, 12, REZENDE
346, 314, 227, 11, VEGINI CANGUSSU TSUGI
