140, 134, 47, 19, NOME
133, 153, 335, 13, FABRIZIO PRECCARO LUCKMANN
415, 250, 35, 16, CPF
405, 268, 179, 16, 020.431.956-03
681, 457, 58, 19, CAT. HAB.
696, 482, 9, 11, D
567, 523, 107, 19, 1ª HABILITAÇÃO
584, 544, 127, 16, 20/11/1975
394, 520, 66, 22, VALIDADE
401, 540, 128, 18, 07/06/2015
139, 519, 87, 19, Nº REGISTRO
170, 542, 140, 14, 02373084720
24, 374, 20, 163, VÁLIDA EM TODO
71, 406, 23, 184, 410052533
615, 251, 126, 17, DATA NASCIMENTO
605, 270, 127, 16, 07/06/1968
416, 191, 222, 17, DOC. IDENTIDADE/ÓRG EMISSOR UF
409, 210, 102, 13, 516216661
587, 213, 31, 12, SDS
701, 213, 19, 11, PA
421, 304, 62, 20, FILIAÇÃO
412, 329, 217, 11, HENRI OZORES DESIRRE
411, 352, 64, 11, VIEIRA
410, 378, 249, 11, KAIRALLA CARLINI GOELDI
412, 401, 58, 12, ALVES
