123, 102, 38, 13, NOME
118, 116, 239, 14, LUHUEY MICHELLY JEZEQUEL
359, 194, 27, 13, CPF
350, 207, 151, 14, 402.805.865-15
581, 356, 48, 15, CAT. HAB.
592, 377, 9, 10, C
483, 408, 87, 16, 1ª HABILITAÇÃO
495, 426, 107, 13, 09/06/1985
338, 410, 55, 13, VALIDADE
344, 426, 96, 12, 05/06/1991
121, 410, 72, 13, Nº REGISTRO
148, 424, 119, 14, 00069233327
18, 286, 19, 135, VÁLIDA EM TODO
-1, 64, 178, 21, 760900228
527, 195, 103, 14, DATA NASCIMENTO
521, 209, 96, 14, 28/11/1976
358, 145, 188, 17, DOC. IDENTIDADE/ÓRG EMISSOR UF
355, 162, 85, 11, 346402554
501, 165, 25, 7, POM
600, 164, 22, 11, BA
360, 233, 56, 16, FILIAÇÃO
353, 255, 217, 10, ARTAGOITIA EIJHI MAURE
354, 293, 187, 12, CERNIAUSKAS GRADE
353, 310, 64, 12, DA LUZ
