127, 111, 41, 19, NOME
121, 130, 248, 11, PICHELLI LURIKO JOSENEI
357, 210, 30, 11, CPF
349, 223, 151, 14, 750.660.053-66
579, 375, 58, 14, CAT. HAB.
595, 394, 6, 8, E
483, 426, 87, 15, 1ª HABILITAÇÃO
499, 443, 108, 17, 05/07/1963
336, 428, 66, 12, VALIDADE
339, 442, 96, 13, 08/01/1971
120, 426, 72, 12, Nº REGISTRO
144, 442, 106, 12, 34223777547
21, 296, 16, 140, VÁLIDA EM TODO
60, 311, 20, 177, 865058258
530, 209, 104, 14, DATA NASCIMENTO
523, 225, 97, 12, 28/04/1986
359, 159, 189, 19, DOC. IDENTIDADE/ÓRG EMISSOR UF
353, 178, 69, 9, 178770310
503, 180, 23, 8, POM
601, 179, 19, 10, BA
360, 250, 57, 16, FILIAÇÃO
351, 272, 219, 10, MASTROPASCHOA SIERRA S
354, 289, 76, 11, MARTINS
354, 306, 209, 20, APOVIAN HARUE CARNERO
355, 328, 47, 11, PIRES
