117, 93, 36, 14, NOME
108, 111, 190, 10, OTSUICHI PREGNOLATO
349, 188, 28, 12, CPF
339, 201, 137, 13, 506.350.030-74
571, 350, 55, 14, CAT. HAB.
583, 368, 18, 10, AB
471, 400, 88, 16, 1ª HABILITAÇÃO
482, 419, 106, 13, 25/08/1982
327, 400, 56, 18, VALIDADE
335, 419, 97, 12, 24/08/1967
111, 398, 70, 17, Nº REGISTRO
136, 411, 118, 17, 27345111180
8, 288, 19, 139, VÁLIDA EM TODO
57, 268, 20, 164, 626206764
519, 184, 105, 16, DATA NASCIMENTO
512, 203, 97, 12, 19/02/2007
350, 140, 191, 13, DOC. IDENTIDADE/ÓRG EMISSOR UF
343, 155, 87, 11, 407347296
492, 156, 39, 10, SPTC
591, 159, 15, 7, SP
352, 229, 52, 13, FILIAÇÃO
342, 249, 188, 10, BARUFI VALMI SEVALH
341, 268, 54, 9, FREITAS
338, 287, 188, 9, GIAVAROTTI BORRO TEMP
341, 304, 53, 11, ALVES
