139, 124, 48, 15, NOME
128, 142, 200, 10, CREUSA SUGAI GALASSO
433, 229, 35, 17, CPF
424, 247, 151, 15, 490.667.760-64
716, 419, 62, 17, CAT. HAB.
736, 441, 9, 10, A
593, 482, 112, 18, 1ª HABILITAÇÃO
610, 500, 117, 16, 25/01/1989
409, 486, 69, 14, VALIDADE
413, 499, 124, 17, 14/09/1981
138, 485, 89, 17, Nº REGISTRO
173, 502, 139, 14, 86668490558
11, 331, 23, 174, VÁLIDA EM TODO
73, 346, 25, 177, 12916948
649, 229, 129, 15, DATA NASCIMENTO
642, 245, 97, 12, 16/06/1978
436, 172, 235, 16, DOC. IDENTIDADE/ÓRG EMISSOR UF
621, 191, 41, 12, SESP
738, 191, 19, 9, MT
426, 191, 98, 14, 545315487
436, 281, 69, 16, FILIAÇÃO
429, 298, 208, 16, DAMIANY GUELFI FADA
428, 324, 63, 13, SALES
426, 346, 208, 12, JIVAGO IZEPPI AYOUB
