114, 105, 38, 13, NOME
109, 121, 249, 10, NACAGAMI NARE SALVATIERRA
347, 196, 26, 13, CPF
339, 211, 139, 12, 367.688.189-37
573, 358, 47, 16, CAT. HAB.
581, 379, 10, 9, D
473, 413, 89, 15, 1ª HABILITAÇÃO
486, 429, 98, 14, 27/06/2009
325, 411, 59, 18, VALIDADE
335, 430, 97, 17, 25/10/1988
114, 413, 67, 15, Nº REGISTRO
138, 431, 106, 11, 95955136072
13, 296, 16, 134, VÁLIDA EM TODO
58, 297, 19, 149, 316633366
520, 197, 98, 12, DATA NASCIMENTO
511, 211, 87, 12, 18/05/1978
349, 150, 185, 13, DOC. IDENTIDADE/ÓRG EMISSOR UF
342, 164, 79, 10, 872025725
493, 167, 37, 9, SESP
589, 166, 19, 9, MG
351, 238, 53, 15, FILIAÇÃO
344, 258, 209, 10, LOENERT BAROLI GONCAL
343, 297, 196, 14, CRAVO SCHIFINO MARCATI
342, 314, 88, 10, DAS NEVES
