127, 96, 38, 15, NOME
123, 115, 197, 11, CAIUBY FERRATTO LENI
360, 191, 27, 12, CPF
353, 206, 137, 11, 496.482.858-10
582, 356, 48, 14, CAT. HAB.
592, 376, 9, 9, C
485, 408, 87, 16, 1ª HABILITAÇÃO
494, 426, 98, 12, 06/12/1989
339, 405, 61, 17, VALIDADE
343, 419, 96, 18, 29/11/1991
122, 405, 77, 14, Nº REGISTRO
151, 422, 119, 12, 88194136755
17, 276, 18, 143, VÁLIDA EM TODO
61, 271, 20, 164, 156619714
533, 192, 101, 13, DATA NASCIMENTO
521, 207, 106, 15, 10/08/1957
358, 146, 192, 13, DOC. IDENTIDADE/ÓRG EMISSOR UF
354, 160, 78, 10, 231984959
505, 164, 25, 7, POM
602, 163, 17, 9, MT
361, 233, 53, 16, FILIAÇÃO
356, 253, 219, 10, GROTKOWSKY MONTERO FRE
356, 272, 46, 9, BARROS
354, 292, 176, 10, DEVIA AIUB GASPARI
