176, 139, 47, 15, NOME
168, 153, 207, 12, SAKAKI GIRAO SASSON
472, 243, 31, 15, CPF
461, 258, 150, 13, 313.736.266-07
752, 431, 60, 19, CAT. HAB.
771, 456, 7, 9, E
628, 496, 113, 17, 1ª HABILITAÇÃO
650, 514, 116, 16, 11/03/2000
448, 497, 67, 14, VALIDADE
455, 506, 125, 23, 12/04/1974
176, 495, 86, 22, Nº REGISTRO
209, 515, 140, 14, 09392727550
37, 353, 23, 162, VÁLIDA EM TODO
98, 348, 24, 191, 364198494
687, 240, 124, 13, DATA NASCIMENTO
675, 258, 105, 14, 13/08/1991
474, 186, 234, 17, DOC. IDENTIDADE/ÓRG EMISSOR UF
464, 204, 95, 12, 686374174
655, 203, 34, 12, POF
776, 203, 20, 12, AL
476, 292, 63, 16, FILIAÇÃO
465, 314, 206, 11, POPPE ABDUCHI CHIRA
466, 334, 70, 12, DA LUZ
465, 359, 229, 12, LONGON MINAMISAKO JEN
463, 382, 70, 12, MENDES
