137, 105, 34, 17, NOME
129, 130, 209, 10, URBAN MATSUMOTO PECIN
370, 204, 29, 16, CPF
366, 228, 151, 12, 588.752.983-00
589, 376, 55, 20, CAT. HAB.
594, 402, 8, 8, A
492, 431, 93, 16, 1ª HABILITAÇÃO
497, 448, 108, 14, 05/03/1965
346, 428, 53, 15, VALIDADE
339, 446, 107, 14, 11/03/2000
122, 424, 81, 19, Nº REGISTRO
125, 443, 118, 13, 67707069830
62, 192, 129, -87, VÁLIDA EM TODO
48, 293, 21, 174, 739334544
537, 205, 104, 16, DATA NASCIMENTO
535, 230, 87, 16, 18/08/2004
370, 156, 211, 20, DOC. IDENTIDADE/ÓRG EMISSOR/UF
366, 180, 152, 10, 269105049 SESP MG
367, 250, 59, 16, FILIAÇÃO
365, 276, 139, 12, BISTRICHE WAI
364, 301, 69, 10, RIBEIRO
365, 325, 135, 10, FESCINA UTZUMI
364, 351, 61, 9, BARBOSA
