115, 97, 42, 15, NOME
105, 115, 209, 11, TERUO PORTIOLI AILEEN
345, 190, 33, 13, CPF
339, 205, 138, 11, 892.761.738-03
572, 353, 47, 15, CAT. HAB.
584, 375, 7, 7, B
469, 407, 93, 17, 1ª HABILITAÇÃO
484, 423, 108, 15, 05/10/1993
324, 407, 60, 16, VALIDADE
331, 422, 97, 16, 29/05/1977
109, 403, 73, 17, Nº REGISTRO
139, 422, 105, 12, 23312733481
17, 281, 17, 132, VÁLIDA EM TODO
63, 285, 23, 148, 732413754
519, 189, 103, 14, DATA NASCIMENTO
510, 205, 97, 15, 22/05/1973
349, 141, 188, 17, DOC. IDENTIDADE/ÓRG EMISSOR UF
342, 159, 71, 10, 593081420
491, 161, 29, 8, SESP
588, 161, 18, 8, GO
349, 233, 54, 18, FILIAÇÃO
337, 253, 200, 10, TIRLONE MIROL ZACURA
341, 290, 242, 11, CASSINI FONTI GARAVELL
