158, 124, 53, 16, NOME
151, 139, 259, 10, LUDESCHER CARLESSI MATSUNO
457, 228, 31, 15, CPF
443, 244, 151, 18, 185.444.133-74
738, 414, 59, 20, CAT. HAB.
753, 439, 10, 10, B
608, 477, 115, 19, 1ª HABILITAÇÃO
632, 497, 116, 15, 11/08/1983
430, 482, 67, 15, VALIDADE
430, 499, 108, 16, 01/07/1963
151, 482, 93, 18, Nº REGISTRO
188, 500, 137, 15, 14258804374
25, 344, 25, 163, VÁLIDA EM TODO
81, 339, 29, 223, 168391065
673, 226, 127, 15, DATA NASCIMENTO
662, 242, 116, 16, 26/02/1988
457, 172, 236, 16, DOC. IDENTIDADE/ÓRG EMISSOR UF
760, 190, 22, 11, MG
635, 191, 28, 10, SEJ
445, 192, 88, 11, 626699939
459, 279, 68, 20, FILIAÇÃO
451, 345, 227, 12, ZERIO CARLY MARGONARI
448, 298, 230, 16, AURELIO WASQUES SOUIT
