116, 116, 38, 12, NOME
108, 131, 227, 10, FAVA STEFANELI KAWAHARA
347, 207, 27, 13, CPF
342, 221, 135, 11, 765.226.745-56
572, 371, 49, 16, CAT. HAB.
582, 390, 8, 9, C
475, 423, 86, 15, 1ª HABILITAÇÃO
487, 434, 97, 19, 27/04/1974
327, 423, 54, 13, VALIDADE
333, 436, 98, 17, 02/05/1993
111, 419, 71, 17, Nº REGISTRO
139, 438, 118, 13, 24554500997
15, 296, 15, 135, VÁLIDA EM TODO
57, 332, 18, 140, 404242510
519, 206, 100, 14, DATA NASCIMENTO
513, 218, 87, 16, 09/05/2003
349, 159, 187, 15, DOC. IDENTIDADE/ÓRG EMISSOR UF
492, 178, 22, 8, SES
590, 179, 15, 7, SP
344, 177, 68, 9, 912761751
349, 251, 54, 15, FILIAÇÃO
342, 268, 217, 10, COLONELLO VALLE SIMPLI
343, 307, 196, 10, BARRETA TSUKAYAMA NI
