116, 111, 36, 10, NOME
109, 124, 246, 11, DESIREE AISSA PICCIARELLI
349, 199, 25, 13, CPF
339, 211, 137, 12, 595.132.571-42
575, 359, 46, 14, CAT. HAB.
589, 377, 8, 9, D
476, 413, 85, 15, 1ª HABILITAÇÃO
490, 427, 97, 13, 10/01/2019
330, 416, 54, 11, VALIDADE
335, 428, 107, 16, 29/11/2003
112, 417, 71, 14, Nº REGISTRO
141, 431, 118, 13, 45519973469
16, 299, 15, 132, VÁLIDA EM TODO
56, 307, 22, 165, 209278316
520, 196, 100, 14, DATA NASCIMENTO
512, 211, 86, 12, 10/08/1951
347, 150, 187, 13, DOC. IDENTIDADE/ÓRG EMISSOR UF
492, 166, 22, 8, SSP
590, 166, 17, 8, SP
341, 166, 71, 10, 688401570
352, 241, 52, 15, FILIAÇÃO
344, 259, 147, 11, PIVA FINK CELIN
343, 297, 188, 14, PAREJA RIUJI BUSTAM
341, 317, 61, 9, BARBOSA
