121, 109, 41, 13, NOME
116, 123, 219, 11, BEORDO FUZINATO LEMIKA
354, 202, 28, 12, CPF
345, 216, 136, 14, 200.914.419-86
579, 363, 47, 17, CAT. HAB.
589, 383, 8, 8, C
477, 417, 89, 13, 1ª HABILITAÇÃO
496, 433, 107, 14, 16/02/2009
335, 416, 55, 15, VALIDADE
339, 427, 97, 17, 13/08/1969
113, 415, 73, 14, Nº REGISTRO
140, 431, 96, 10, 62102209162
11, 298, 17, 135, VÁLIDA EM TODO
54, 282, 20, 165, 656103720
526, 203, 103, 13, DATA NASCIMENTO
519, 217, 97, 13, 25/10/1998
357, 152, 192, 15, DOC. IDENTIDADE/ÓRG EMISSOR UF
349, 170, 78, 11, 182537523
500, 172, 30, 9, SESP
597, 174, 15, 7, PR
355, 245, 56, 15, FILIAÇÃO
350, 263, 217, 10, FINOTTI DELLISA ESTEPH
349, 301, 224, 10, TORTORO LAURICELLA HIDEKA
349, 320, 88, 14, CAVALCANTI
