116, 116, 38, 12, NOME
106, 130, 248, 11, GIANESELLA SAUERBRONN TRE
347, 207, 27, 13, CPF
340, 221, 135, 11, 173.526.110-61
572, 371, 49, 16, CAT. HAB.
583, 391, 8, 9, D
475, 423, 86, 15, 1ª HABILITAÇÃO
487, 434, 96, 19, 10/08/1986
327, 423, 54, 13, VALIDADE
334, 436, 96, 18, 25/04/1982
111, 419, 71, 17, Nº REGISTRO
139, 434, 118, 17, 40484720068
15, 296, 15, 135, VÁLIDA EM TODO
57, 331, 18, 140, 383073246
519, 206, 100, 14, DATA NASCIMENTO
513, 221, 86, 13, 21/12/1982
349, 159, 187, 15, DOC. IDENTIDADE/ÓRG EMISSOR UF
492, 177, 23, 8, SNJ
588, 178, 17, 9, MT
343, 176, 70, 10, 553254236
349, 251, 54, 15, FILIAÇÃO
342, 268, 220, 10, TATIANI TCHAKERIAN HAD
343, 306, 199, 11, BRONIZESKI PILZ FROM
