139, 135, 47, 19, NOME
131, 154, 297, 13, DELGADO PETER MINEMATSU
414, 251, 35, 16, CPF
404, 269, 179, 16, 262.068.265-70
680, 458, 58, 19, CAT. HAB.
696, 483, 20, 10, AB
566, 524, 107, 19, 1ª HABILITAÇÃO
585, 545, 125, 16, 18/01/2007
393, 521, 66, 22, VALIDADE
401, 541, 126, 18, 27/04/1984
138, 520, 87, 19, Nº REGISTRO
171, 543, 138, 14, 36261427835
23, 375, 20, 163, VÁLIDA EM TODO
70, 402, 24, 189, 598618081
614, 252, 126, 17, DATA NASCIMENTO
604, 271, 127, 16, 06/02/1987
415, 192, 222, 17, DOC. IDENTIDADE/ÓRG EMISSOR UF
408, 211, 104, 13, 895279198
586, 214, 43, 12, SESP
699, 214, 20, 11, BA
420, 305, 62, 20, FILIAÇÃO
410, 330, 285, 11, GHIRINGHELLO PATERNO JACOB
410, 353, 75, 11, DA MATA
408, 379, 252, 11, CALIEL NORICHIKA MONTAN
412, 402, 81, 12, PEREIRA
