115, 116, 40, 15, NOME
109, 132, 246, 10, BISAIO CANACIA SCATTOLINI
351, 206, 27, 16, CPF
345, 221, 149, 12, 734.769.896-07
346, 371, 64, 13, PERMISSÃO
343, 379, 106, 20, PERMISSÃO
576, 367, 51, 17, CAT. HAB.
582, 388, 9, 10, D
478, 420, 85, 15, 1ª HABILITAÇÃO
485, 437, 97, 15, 21/11/1957
328, 422, 61, 14, VALIDADE
330, 439, 96, 15, 02/10/2001
112, 421, 72, 17, Nº REGISTRO
136, 435, 108, 16, 86144221612
9, 298, 19, 146, VÁLIDA EM TODO
56, 311, 18, 148, 740902104
524, 204, 97, 15, DATA NASCIMENTO
511, 221, 96, 13, 22/01/2002
347, 157, 193, 16, DOC. IDENTIDADE/ÓRG EMISSOR UF
343, 177, 79, 10, 686281366
493, 178, 25, 7, POM
588, 176, 18, 8, MG
352, 248, 55, 17, FILIAÇÃO
343, 268, 168, 10, JOE SANDRONI FILS
342, 283, 69, 15, MARTINS
345, 307, 218, 12, MANIEZO INNARELLI LOCK
