140, 125, 48, 15, NOME
129, 143, 200, 10, CREUSA SUGAI GALASSO
434, 230, 35, 17, CPF
425, 248, 151, 15, 490.667.760-64
717, 420, 62, 17, CAT. HAB.
737, 442, 9, 10, A
594, 483, 112, 18, 1ª HABILITAÇÃO
611, 501, 117, 16, 25/01/1989
410, 487, 69, 14, VALIDADE
414, 500, 124, 17, 14/09/1981
139, 486, 89, 17, Nº REGISTRO
174, 503, 139, 14, 86668490558
12, 332, 23, 174, VÁLIDA EM TODO
74, 347, 25, 177, 12916948
650, 230, 129, 15, DATA NASCIMENTO
643, 246, 97, 12, 16/06/1978
437, 173, 235, 16, DOC. IDENTIDADE/ÓRG EMISSOR UF
622, 192, 41, 12, SESP
739, 192, 19, 9, MT
427, 192, 98, 14, 545315487
437, 282, 69, 16, FILIAÇÃO
430, 299, 208, 16, DAMIANY GUELFI FADA
429, 325, 63, 13, SALES
427, 347, 208, 12, JIVAGO IZEPPI AYOUB
