132, 132, 49, 14, NOME
127, 148, 241, 12, ZOGHBI HERCHEUI KAISER
427, 230, 35, 22, CPF
421, 250, 191, 17, 389.350.804-03
714, 425, 57, 14, CAT. HAB.
728, 446, 9, 9, A
594, 486, 103, 18, 1ª HABILITAÇÃO
605, 505, 122, 15, 04/01/1982
407, 489, 67, 16, VALIDADE
412, 507, 105, 14, 31/01/1966
134, 493, 84, 15, Nº REGISTRO
167, 511, 126, 13, 35802037582
6, 351, 25, 165, VÁLIDA EM TODO
56, 344, 24, 191, 596259441
645, 229, 129, 16, DATA NASCIMENTO
636, 250, 106, 13, 22/06/2005
429, 178, 239, 15, DOC. IDENTIDADE/ÓRG EMISSOR UF
422, 199, 95, 13, 700479793
613, 198, 30, 11, SDS
731, 196, 21, 11, MA
435, 284, 65, 17, FILIAÇÃO
422, 306, 220, 12, VIVANCO BOSSO FLORIO
423, 351, 233, 13, MARTURANO CARACA A
422, 376, 66, 11, CASTRO
