235, 254, 92, 39, NOME
221, 299, 526, 22, LEWIN JOSENILSON KULESSA
777, 473, 63, 33, CPF
763, 508, 342, 27, 903.850.760-70
1278, 841, 111, 31, CAT. HAB.
1301, 883, 20, 22, D
1059, 963, 196, 29, 1ª HABILITAÇÃO
1102, 990, 244, 34, 08/07/1955
743, 964, 118, 25, VALIDADE
745, 996, 225, 31, 11/05/1956
231, 962, 166, 33, Nº REGISTRO
297, 1003, 213, 23, 60159679061
4, 683, 33, 309, VÁLIDA EM TODO
99, 652, 48, 385, 036750655
1161, 473, 236, 33, DATA NASCIMENTO
1147, 511, 205, 27, 28/08/2012
780, 364, 431, 37, DOC. IDENTIDADE/ÓRG EMISSOR UF
762, 404, 192, 25, 648871356
1097, 409, 48, 17, SNJ
1322, 403, 43, 23, SP
787, 572, 118, 37, FILIAÇÃO
763, 615, 481, 21, LOMBARDI MAYRE TORRELL
761, 656, 219, 24, FERNANDES
1139, 696, 106, 27, KALINY NOBURO PATR
763, 742, 199, 24, MONTEIRO
