136, 100, 36, 11, NOME
128, 118, 194, 9, IRVINING CAPITANI LUDI
365, 190, 23, 14, CPF
357, 213, 136, 11, 703.726.193-98
572, 362, 49, 15, CAT. HAB.
578, 387, 7, 7, B
478, 414, 90, 15, 1ª HABILITAÇÃO
492, 429, 96, 15, 16/07/1985
338, 411, 57, 15, VALIDADE
331, 428, 96, 12, 12/03/1966
131, 407, 71, 16, Nº REGISTRO
143, 425, 119, 12, 03625513760
17, 285, 15, 140, VÁLIDA EM TODO
53, 272, 21, 173, 128140888
524, 195, 97, 15, DATA NASCIMENTO
523, 211, 87, 17, 15/08/1954
365, 147, 200, 16, DOC. IDENTIDADE/ÓRG EMISSOR/UF
360, 166, 167, 11, 924538053 SPTC PA
363, 239, 50, 13, FILIAÇÃO
355, 262, 209, 10, TABARELLI BALEEIRO PA
354, 285, 79, 10, CALDEIRA
355, 310, 187, 10, ADENIVALDO PARRA GLET
