120, 92, 43, 17, NOME
116, 113, 199, 10, GALIZIA EVELY ANOUCH
357, 187, 25, 15, CPF
346, 205, 138, 11, 871.764.264-73
579, 354, 45, 15, CAT. HAB.
595, 374, 7, 8, A
480, 405, 87, 15, 1ª HABILITAÇÃO
495, 421, 125, 16, 18/04/2002
334, 407, 57, 12, VALIDADE
336, 421, 106, 14, 14/08/2017
117, 400, 71, 16, Nº REGISTRO
141, 418, 107, 12, 10050552473
11, 278, 17, 139, VÁLIDA EM TODO
58, 289, 19, 158, 582133849
529, 190, 102, 17, DATA NASCIMENTO
519, 205, 107, 15, 20/01/1963
354, 141, 191, 15, DOC. IDENTIDADE/ÓRG EMISSOR UF
354, 156, 85, 11, 911290060
502, 160, 28, 9, POM
599, 159, 17, 10, SE
359, 232, 57, 15, FILIAÇÃO
350, 253, 160, 9, EVIA STENEO ELIANE
347, 270, 66, 12, CASTRO
350, 289, 261, 11, BRIANEZE GLAESSNER BARRE
360, 308, 83, 12, BARBOSA
