132, 111, 40, 18, NOME
130, 135, 240, 15, GRACIANGELA ADALTO FAARA
375, 210, 27, 15, CPF
372, 233, 122, 11, 753.634.575-55
601, 383, 57, 17, CAT. HAB.
610, 408, 6, 8, D
505, 439, 90, 14, 1ª HABILITAÇÃO
507, 455, 107, 15, 17/11/2002
349, 435, 63, 18, VALIDADE
348, 453, 97, 15, 11/07/2017
130, 431, 76, 17, Nº REGISTRO
126, 453, 95, 10, 70148018048
7, 301, 21, 134, VÁLIDA EM TODO
48, 310, 19, 158, 788351269
543, 209, 105, 15, DATA NASCIMENTO
544, 233, 86, 12, 30/11/1983
373, 163, 212, 13, DOC. IDENTIDADE/ÓRG EMISSOR/UF
370, 186, 141, 12, 787035427 SSP SC
375, 257, 53, 14, FILIAÇÃO
371, 283, 167, 10, STAIBANO ANZUATEG
369, 308, 46, 8, NOVAES
367, 332, 228, 10, TAROUCO BETTINA ZISKIND
369, 356, 59, 10, MENDES
