147, 129, 56, 13, NOME
143, 146, 271, 13, BAGATIN MARAN TORRACA
456, 235, 32, 18, CPF
444, 256, 150, 14, 364.161.589-57
741, 436, 61, 19, CAT. HAB.
756, 459, 9, 8, D
615, 497, 112, 19, 1ª HABILITAÇÃO
628, 519, 105, 14, 24/01/1961
424, 497, 71, 16, VALIDADE
425, 516, 118, 18, 05/12/1978
144, 494, 91, 17, Nº REGISTRO
178, 512, 139, 14, 84117638014
21, 347, 17, 162, VÁLIDA EM TODO
81, 339, 25, 201, 839980313
677, 241, 127, 14, DATA NASCIMENTO
666, 258, 107, 14, 12/06/1978
456, 182, 242, 17, DOC. IDENTIDADE/ÓRG EMISSOR UF
445, 201, 98, 13, 305337889
639, 204, 32, 12, SEJ
765, 206, 17, 9, BA
456, 292, 67, 16, FILIAÇÃO
444, 312, 267, 12, COPEDE KIIPPER LANCONI
449, 359, 274, 12, BETTOI CARAGELASCO CHESSA
