136, 107, 36, 13, NOME
130, 128, 259, 10, JENIFER SCHLITHLER RARIMAN
373, 205, 25, 13, CPF
367, 227, 136, 12, 539.801.903-15
590, 375, 55, 18, CAT. HAB.
596, 401, 7, 9, E
494, 429, 91, 18, 1ª HABILITAÇÃO
492, 449, 108, 13, 30/09/2001
343, 424, 60, 21, VALIDADE
339, 445, 96, 13, 31/05/1952
127, 423, 77, 17, Nº REGISTRO
124, 442, 107, 11, 43800686040
7, 299, 17, 143, VÁLIDA EM TODO
47, 280, 23, 181, 689337321
538, 203, 106, 20, DATA NASCIMENTO
535, 228, 96, 15, 12/11/1980
374, 156, 206, 19, DOC. IDENTIDADE/ÓRG EMISSOR/UF
366, 179, 157, 11, 074593333 SEJ BA
371, 251, 52, 16, FILIAÇÃO
363, 275, 152, 11, WILL VICENTINE SH
364, 300, 79, 10, DA COSTA
362, 324, 158, 10, WERGLES KAWAUCHE
364, 349, 62, 9, DA MATA
