129, 112, 37, 18, NOME
125, 136, 206, 14, PLACITTE SEABRA DEXHE
368, 211, 26, 13, CPF
362, 233, 124, 11, 598.702.436-65
584, 380, 51, 15, CAT. HAB.
590, 403, 8, 9, D
491, 433, 85, 18, 1ª HABILITAÇÃO
488, 449, 108, 14, 09/05/1984
343, 432, 55, 17, VALIDADE
337, 450, 97, 13, 02/08/1950
128, 433, 75, 14, Nº REGISTRO
127, 451, 96, 11, 56504899120
19, 300, 17, 133, VÁLIDA EM TODO
57, 307, 19, 157, 129813907
532, 209, 105, 13, DATA NASCIMENTO
533, 230, 97, 15, 15/12/1954
368, 163, 207, 16, DOC. IDENTIDADE/ÓRG EMISSOR/UF
364, 185, 168, 12, 175424433 SPTC MG
369, 256, 49, 16, FILIAÇÃO
361, 283, 165, 10, HIROCHI SAULE CANALLI
358, 305, 68, 10, REZENDE
362, 328, 226, 12, FAELLI DULCIANE CAL
