149, 128, 52, 17, NOME
142, 146, 249, 12, SPINELLA KLIMUK MINOZZI
446, 231, 30, 16, CPF
430, 248, 166, 15, 394.601.539-50
729, 418, 58, 21, CAT. HAB.
739, 442, 9, 11, A
603, 482, 111, 20, 1ª HABILITAÇÃO
623, 504, 106, 14, 24/08/2004
423, 486, 71, 17, VALIDADE
425, 504, 107, 15, 22/06/1989
149, 489, 91, 19, Nº REGISTRO
188, 506, 139, 14, 87281184878
19, 357, 22, 156, VÁLIDA EM TODO
72, 328, 32, 202, 720512449
658, 228, 130, 17, DATA NASCIMENTO
650, 246, 107, 14, 18/09/1977
444, 174, 237, 18, DOC. IDENTIDADE/ÓRG EMISSOR UF
621, 195, 28, 10, SEJ
743, 194, 18, 8, MG
438, 195, 94, 13, 635908931
442, 280, 74, 20, FILIAÇÃO
438, 305, 200, 10, MIOTO NOVOTNY RAPADO
438, 328, 79, 10, DA CUNHA
436, 348, 286, 12, CAOVILA FURUKAVA ABONDANZA
440, 372, 52, 12, PIRES
