352, 295, 97, 41, NOME
628, 346, 192, 28, THAIZI LYS SHIMOJO
970, 544, 64, 39, CPF
929, 594, 344, 27, 802.077.530-75
1527, 987, 144, 33, CAT. HAB.
1579, 1037, 25, 28, E
1389, 1113, 249, 37, 1ª HABILITAÇÃO
1357, 1156, 253, 35, 11/10/1969
1013, 1120, 158, 33, VALIDADE
937, 1148, 304, 43, 28/03/1989
364, 1117, 198, 31, Nº REGISTRO
403, 1160, 312, 33, 87022218991
49, 796, 58, 352, VÁLIDA EM TODO
177, 767, 63, 455, 796533780
1402, 534, 276, 49, DATA NASCIMENTO
1389, 593, 225, 31, 20/02/1965
969, 430, 549, 34, DOC. IDENTIDADE/ÓRG EMISSOR/UF
1538, 472, 47, 24, MG
1325, 473, 63, 22, SSP
929, 469, 201, 26, 988859403
965, 672, 146, 41, FILIAÇÃO
942, 727, 619, 25, IWASE BARTOLOMEU BARUFALD
1407, 855, 50, 27, RUFFOLO TONGNOLE IN
945, 923, 248, 28, RODRIGUES
