130, 112, 37, 18, NOME
125, 136, 206, 16, KOUCHI JABBOUR SERAPI
369, 211, 26, 13, CPF
364, 233, 122, 11, 286.099.950-70
585, 380, 51, 15, CAT. HAB.
591, 403, 9, 10, C
492, 433, 85, 18, 1ª HABILITAÇÃO
489, 449, 108, 14, 04/08/1993
344, 432, 55, 17, VALIDADE
338, 450, 97, 13, 08/01/1976
129, 433, 75, 14, Nº REGISTRO
129, 450, 95, 12, 10989102156
20, 300, 17, 133, VÁLIDA EM TODO
58, 308, 19, 157, 277030232
533, 209, 105, 13, DATA NASCIMENTO
534, 231, 96, 14, 14/04/1962
369, 163, 207, 16, DOC. IDENTIDADE/ÓRG EMISSOR/UF
365, 185, 158, 11, 270408927 SES BA
370, 256, 49, 16, FILIAÇÃO
363, 283, 134, 9, ITHIRO SELOS JENG
360, 305, 48, 10, SOUZA
361, 328, 215, 12, VALDIVANIA THALLER
