114, 116, 40, 15, NOME
108, 132, 246, 10, BISAIO CANACIA SCATTOLINI
350, 206, 27, 16, CPF
344, 221, 149, 12, 734.769.896-07
345, 371, 64, 13, PERMISSÃO
342, 379, 106, 20, PERMISSÃO
575, 367, 51, 17, CAT. HAB.
581, 388, 9, 10, D
477, 420, 85, 15, 1ª HABILITAÇÃO
484, 437, 97, 15, 21/11/1957
327, 422, 61, 14, VALIDADE
329, 439, 96, 15, 02/10/2001
111, 421, 72, 17, Nº REGISTRO
135, 435, 108, 16, 86144221612
8, 298, 19, 146, VÁLIDA EM TODO
55, 311, 18, 148, 740902104
523, 204, 97, 15, DATA NASCIMENTO
510, 221, 96, 13, 22/01/2002
346, 157, 193, 16, DOC. IDENTIDADE/ÓRG EMISSOR UF
342, 177, 79, 10, 686281366
492, 178, 25, 7, POM
587, 176, 18, 8, MG
351, 248, 55, 17, FILIAÇÃO
342, 268, 168, 10, JOE SANDRONI FILS
341, 283, 69, 15, MARTINS
344, 307, 218, 12, MANIEZO INNARELLI LOCK
