169, 110, 50, 16, NOME
160, 126, 345, 12, STOFFELSHAUS FORESTI SLEPETYS
468, 217, 32, 17, CPF
456, 235, 178, 19, 874.503.506-70
758, 411, 57, 21, CAT. HAB.
771, 436, 18, 10, AB
630, 473, 108, 20, 1ª HABILITAÇÃO
644, 495, 126, 15, 28/02/1980
443, 473, 69, 21, VALIDADE
441, 495, 114, 16, 17/08/1981
162, 474, 90, 17, Nº REGISTRO
197, 495, 130, 13, 06259084058
23, 337, 24, 179, VÁLIDA EM TODO
84, 348, 24, 192, 466391280
693, 218, 123, 16, DATA NASCIMENTO
678, 235, 106, 13, 20/10/1971
466, 159, 247, 20, DOC. IDENTIDADE/ÓRG EMISSOR UF
463, 181, 86, 11, 914698199
652, 182, 26, 9, SDS
780, 181, 19, 11, PB
471, 268, 67, 20, FILIAÇÃO
458, 290, 217, 16, QUITAKAVA HADA VIGHI
461, 314, 65, 12, MENDES
459, 336, 311, 13, WOLFENSBERGER REISLA PAR
459, 361, 88, 10, RODRIGUES
