128, 96, 38, 15, NOME
127, 115, 234, 10, ICHIMURA HERCILIA BIAZZI
361, 191, 27, 12, CPF
354, 206, 137, 11, 469.779.944-52
583, 356, 48, 14, CAT. HAB.
594, 376, 7, 10, E
486, 408, 87, 16, 1ª HABILITAÇÃO
495, 426, 97, 13, 07/05/1990
340, 405, 61, 17, VALIDADE
346, 424, 95, 13, 30/07/2012
123, 405, 77, 14, Nº REGISTRO
152, 422, 118, 17, 09376894447
18, 276, 18, 143, VÁLIDA EM TODO
62, 269, 21, 166, 827965816
534, 192, 101, 13, DATA NASCIMENTO
521, 207, 107, 14, 06/01/1962
359, 146, 192, 13, DOC. IDENTIDADE/ÓRG EMISSOR UF
354, 160, 79, 11, 987144637
506, 164, 25, 7, SSP
605, 163, 15, 9, PE
362, 233, 53, 16, FILIAÇÃO
358, 253, 199, 10, NAKAU ANDRADA PAGOTO
356, 272, 56, 9, MOREIRA
355, 292, 148, 10, JOE STAIGER MOL
