137, 105, 35, 15, NOME
133, 126, 238, 10, DAGNOLUZZO LAZAR CAFUNDO
374, 202, 24, 16, CPF
365, 225, 110, 11, 581.656.852-36
591, 373, 53, 18, CAT. HAB.
597, 399, 10, 8, C
493, 427, 91, 16, 1ª HABILITAÇÃO
498, 446, 96, 15, 22/01/1960
345, 423, 58, 20, VALIDADE
338, 443, 96, 12, 04/08/1952
130, 419, 76, 19, Nº REGISTRO
129, 434, 106, 16, 13371966847
20, 291, 19, 129, VÁLIDA EM TODO
61, 280, 21, 167, 434720076
536, 203, 103, 15, DATA NASCIMENTO
535, 227, 86, 11, 17/09/1996
374, 155, 205, 15, DOC. IDENTIDADE/ÓRG EMISSOR/UF
367, 176, 126, 11, 892705516 SES RS
370, 247, 55, 15, FILIAÇÃO
366, 274, 169, 9, SPINDEL BENKERT MAU
362, 322, 207, 10, MINEOKA PIERALLINI TI
363, 346, 79, 9, FERNANDES
