115, 97, 42, 15, NOME
105, 115, 210, 10, MAGAROTTO MANCA GRAVA
345, 190, 33, 13, CPF
340, 205, 137, 11, 226.757.622-88
572, 353, 47, 15, CAT. HAB.
584, 374, 16, 9, AB
469, 407, 93, 17, 1ª HABILITAÇÃO
484, 423, 108, 15, 03/10/1996
324, 407, 60, 16, VALIDADE
330, 421, 98, 16, 04/12/2007
109, 403, 73, 17, Nº REGISTRO
139, 422, 106, 12, 12896752658
17, 281, 17, 132, VÁLIDA EM TODO
63, 284, 23, 148, 395413070
519, 189, 103, 14, DATA NASCIMENTO
510, 205, 96, 14, 23/02/1965
349, 141, 188, 17, DOC. IDENTIDADE/ÓRG EMISSOR UF
343, 160, 70, 14, 742367067
491, 161, 22, 9, SEJ
590, 162, 15, 7, PB
349, 233, 54, 18, FILIAÇÃO
338, 253, 207, 10, YACOUB KOMIYA REBETEZ
342, 290, 240, 11, BIERRENBACH FUMINO BAR
