146, 128, 47, 18, NOME
138, 150, 257, 10, SCIASCIA BREGAGNOLLO NEDER
449, 239, 34, 20, CPF
438, 257, 192, 15, 242.640.305-52
740, 435, 61, 17, CAT. HAB.
754, 459, 8, 11, E
614, 498, 111, 19, 1ª HABILITAÇÃO
627, 519, 117, 16, 03/12/2017
424, 497, 70, 17, VALIDADE
430, 517, 127, 16, 03/10/2004
145, 497, 88, 17, Nº REGISTRO
177, 516, 139, 14, 60002095827
9, 360, 26, 165, VÁLIDA EM TODO
72, 344, 32, 210, 577984855
667, 241, 133, 16, DATA NASCIMENTO
660, 259, 123, 16, 13/05/2011
449, 180, 247, 20, DOC. IDENTIDADE/ÓRG EMISSOR UF
440, 203, 94, 12, 374046700
635, 204, 31, 12, SDS
761, 205, 21, 12, BA
453, 291, 67, 17, FILIAÇÃO
441, 314, 292, 17, MITICO CARRASCOSSA QU
441, 339, 65, 11, MENDES
443, 361, 246, 13, GALVEZ CONTTE TUILA
444, 383, 87, 12, SILVEIRA
