83, 85, 29, 11, NOME
80, 96, 117, 9, ZANATO PATO FRE
256, 153, 23, 11, CPF
251, 165, 99, 10, 750.874.881-61
424, 275, 39, 14, CAT. HAB.
432, 292, 5, 8, E
351, 317, 64, 10, 1ª HABILITAÇÃO
359, 328, 79, 10, 28/03/1999
240, 316, 47, 11, VALIDADE
243, 328, 78, 12, 21/02/2010
80, 312, 53, 16, Nº REGISTRO
100, 330, 86, 10, 65787312325
7, 225, 11, 103, VÁLIDA EM TODO
40, 233, 15, 130, 200063376
385, 152, 79, 13, DATA NASCIMENTO
379, 165, 68, 9, 26/03/1952
258, 119, 146, 11, DOC. IDENTIDADE/ÓRG EMISSOR UF
253, 131, 61, 9, 804851098
366, 133, 20, 7, SNJ
439, 132, 14, 7, RS
261, 188, 37, 9, FILIAÇÃO
253, 202, 134, 8, TANIA YRIO BOTTOS
251, 229, 171, 9, SCHWARTZMAN MISTRETTA
