147, 130, 56, 13, NOME
142, 147, 363, 13, CELIANE STRUCKEL GAMMARDELLA
456, 236, 32, 18, CPF
443, 257, 152, 14, 526.899.129-96
741, 437, 61, 19, CAT. HAB.
756, 460, 9, 8, D
615, 498, 112, 19, 1ª HABILITAÇÃO
628, 520, 105, 14, 14/11/1961
424, 498, 71, 16, VALIDADE
427, 517, 116, 16, 14/11/1995
144, 495, 91, 17, Nº REGISTRO
179, 513, 138, 14, 10158601509
21, 348, 17, 162, VÁLIDA EM TODO
81, 340, 31, 202, 265277673
677, 242, 127, 14, DATA NASCIMENTO
665, 259, 108, 15, 07/03/1957
456, 183, 242, 17, DOC. IDENTIDADE/ÓRG EMISSOR UF
447, 202, 96, 13, 594351984
639, 205, 31, 12, SJS
765, 207, 17, 9, BA
456, 293, 67, 16, FILIAÇÃO
445, 313, 275, 12, HELITO ARMANI ARISTHEIA
450, 355, 262, 18, PUPPO BOYANOSKI MIGLIORE
