122, 102, 39, 13, NOME
116, 117, 152, 9, WATARU ADAN MECCA
354, 194, 25, 12, CPF
346, 208, 138, 15, 575.675.368-03
578, 356, 50, 15, CAT. HAB.
593, 376, 7, 8, E
482, 411, 83, 16, 1ª HABILITAÇÃO
492, 426, 97, 13, 11/03/1974
337, 410, 53, 13, VALIDADE
343, 420, 96, 19, 27/10/1950
120, 409, 70, 18, Nº REGISTRO
148, 426, 106, 11, 35011320164
19, 288, 17, 130, VÁLIDA EM TODO
69, 297, 23, 139, 750684084
525, 192, 99, 15, DATA NASCIMENTO
520, 208, 97, 15, 12/07/1984
355, 144, 189, 15, DOC. IDENTIDADE/ÓRG EMISSOR UF
499, 164, 24, 7, SDS
597, 164, 15, 7, SP
349, 162, 77, 12, 238817912
359, 236, 51, 13, FILIAÇÃO
351, 256, 177, 9, STARR MORAD SILVERES
351, 273, 63, 12, SANTOS
350, 292, 177, 12, FONGARO ISTILLI IV
351, 312, 65, 12, MORAES
