164, 123, 45, 20, NOME
154, 142, 228, 10, ROCHMAN TASSINARI BLAIN
451, 228, 33, 15, CPF
440, 245, 136, 11, 425.649.903-20
725, 408, 60, 19, CAT. HAB.
742, 434, 8, 9, A
599, 471, 107, 15, 1ª HABILITAÇÃO
615, 489, 108, 13, 09/06/1964
422, 474, 71, 13, VALIDADE
421, 489, 107, 15, 13/06/1958
154, 471, 83, 19, Nº REGISTRO
185, 488, 148, 15, 86922147351
31, 331, 21, 151, VÁLIDA EM TODO
77, 321, 25, 200, 984939095
661, 227, 129, 15, DATA NASCIMENTO
654, 244, 106, 13, 13/07/1990
454, 173, 234, 16, DOC. IDENTIDADE/ÓRG EMISSOR UF
448, 192, 97, 13, 044779410
631, 194, 33, 9, SESP
754, 192, 20, 12, PA
455, 272, 64, 20, FILIAÇÃO
444, 296, 270, 13, PASSERINI BARRAGAN CAPOVI
437, 340, 241, 12, BONANCA ZAMARO NORONHA
438, 363, 71, 12, MENDES
