123, 115, 39, 14, NOME
117, 131, 218, 10, SALVINE BUTZER FIDALGO
357, 207, 25, 12, CPF
348, 221, 150, 12, 561.470.061-77
581, 369, 49, 13, CAT. HAB.
591, 388, 8, 10, B
481, 423, 89, 13, 1ª HABILITAÇÃO
498, 440, 86, 11, 01/03/2006
337, 424, 54, 13, VALIDADE
341, 438, 97, 15, 09/11/1960
122, 422, 71, 16, Nº REGISTRO
149, 439, 107, 16, 64044755209
18, 300, 17, 129, VÁLIDA EM TODO
62, 282, 21, 174, 798727944
525, 205, 105, 14, DATA NASCIMENTO
521, 221, 97, 18, 19/02/1957
357, 158, 186, 15, DOC. IDENTIDADE/ÓRG EMISSOR UF
501, 175, 25, 10, SEJ
353, 175, 78, 10, 411493905
596, 175, 18, 8, MG
361, 248, 54, 15, FILIAÇÃO
348, 269, 170, 10, ODIRLEI AYO GARRO
351, 307, 157, 11, ZARELLI TSUDA AN
350, 325, 99, 10, NASCIMENTO
