146, 128, 47, 18, NOME
138, 150, 255, 10, PAVARINA CASTELAN ANDRIELI
449, 239, 34, 20, CPF
438, 257, 192, 15, 616.575.561-58
740, 435, 61, 17, CAT. HAB.
754, 459, 8, 11, D
614, 498, 111, 19, 1ª HABILITAÇÃO
628, 520, 116, 15, 27/08/1952
424, 497, 70, 17, VALIDADE
432, 517, 125, 16, 13/03/1984
145, 497, 88, 17, Nº REGISTRO
177, 516, 137, 14, 21700057071
9, 360, 26, 165, VÁLIDA EM TODO
72, 344, 31, 210, 423416830
667, 241, 133, 16, DATA NASCIMENTO
659, 259, 126, 16, 30/11/1956
449, 180, 247, 20, DOC. IDENTIDADE/ÓRG EMISSOR UF
437, 203, 96, 12, 897679507
635, 204, 32, 12, SNJ
761, 205, 21, 12, BA
453, 291, 67, 17, FILIAÇÃO
442, 314, 291, 14, FUSCELLI PAOLA CADAVA
442, 339, 53, 11, ROCHA
444, 361, 271, 13, BERLANDI LILLA CASERT
445, 383, 86, 12, FERREIRA
