129, 107, 35, 11, NOME
117, 123, 198, 11, HENNEMANN ARIOZO ANE
355, 194, 27, 17, CPF
339, 215, 151, 14, 540.575.934-11
563, 366, 55, 14, CAT. HAB.
581, 387, 8, 10, B
512, 414, 89, 13, 1ª HABILITAÇÃO
497, 429, 106, 14, 09/08/1971
370, 412, 55, 13, VALIDADE
340, 428, 96, 12, 03/01/1961
128, 409, 72, 17, Nº REGISTRO
149, 427, 117, 13, 31364493740
18, 292, 18, 130, VÁLIDA EM TODO
64, 319, 18, 141, 474099766
518, 197, 104, 17, DATA NASCIMENTO
513, 215, 98, 13, 04/06/2014
358, 153, 205, 15, DOC. IDENTIDADE/ÓRG EMISSOR/UF
342, 169, 157, 12, 430035640 POF SP
358, 244, 52, 14, FILIAÇÃO
346, 264, 197, 15, TAISSUKE BENTO KAW
347, 286, 54, 12, SOUZA
346, 315, 231, 11, OGUSCO TARDIOLI MOZOL
