128, 95, 38, 15, NOME
124, 114, 229, 10, MAKOTO ONICELIA VOEROES
361, 190, 27, 12, CPF
354, 204, 137, 12, 165.164.332-67
583, 355, 48, 14, CAT. HAB.
594, 375, 7, 10, E
486, 407, 87, 16, 1ª HABILITAÇÃO
496, 425, 96, 13, 10/02/2006
340, 404, 61, 17, VALIDADE
344, 423, 97, 13, 28/05/1972
123, 404, 77, 14, Nº REGISTRO
153, 421, 117, 17, 49707373524
18, 275, 18, 143, VÁLIDA EM TODO
62, 269, 20, 165, 914703850
534, 191, 101, 13, DATA NASCIMENTO
522, 206, 107, 13, 12/08/1950
359, 145, 192, 13, DOC. IDENTIDADE/ÓRG EMISSOR UF
354, 155, 78, 14, 604400330
506, 162, 24, 9, SJS
605, 163, 15, 7, PR
362, 232, 53, 16, FILIAÇÃO
360, 252, 214, 13, IAMNHUQUE MEN MEAZZINI
358, 271, 37, 9, SALES
355, 291, 228, 10, VEDOLIN ESTRACANHOLLI E
