127, 95, 38, 15, NOME
123, 114, 227, 11, CUNHA LACATIVA RONDELLI
360, 190, 27, 12, CPF
353, 205, 137, 11, 238.601.505-02
582, 355, 48, 14, CAT. HAB.
593, 376, 8, 8, B
485, 407, 87, 16, 1ª HABILITAÇÃO
495, 425, 97, 13, 17/03/1968
339, 404, 61, 17, VALIDADE
343, 418, 98, 19, 22/10/1950
122, 404, 77, 14, Nº REGISTRO
151, 421, 118, 12, 09543124358
17, 275, 18, 143, VÁLIDA EM TODO
61, 268, 20, 166, 857060996
533, 191, 101, 13, DATA NASCIMENTO
521, 206, 106, 14, 23/11/1968
358, 145, 192, 13, DOC. IDENTIDADE/ÓRG EMISSOR UF
353, 159, 79, 10, 994136523
505, 162, 35, 10, SPTC
602, 162, 17, 9, MT
361, 232, 53, 16, FILIAÇÃO
358, 252, 208, 10, PANDOLFI DONEGA EITYO
355, 271, 48, 9, VIEIRA
355, 291, 157, 10, PIAN LIVEA SUTER
