109, 104, 40, 15, NOME
104, 119, 187, 15, ZUIN FERNANDO BELKO
344, 197, 26, 13, CPF
336, 209, 150, 13, 480.018.275-18
569, 361, 46, 14, CAT. HAB.
577, 378, 13, 11, C
470, 413, 88, 14, 1ª HABILITAÇÃO
480, 428, 97, 14, 20/03/1984
322, 413, 58, 12, VALIDADE
323, 427, 97, 14, 21/01/1959
108, 411, 72, 14, Nº REGISTRO
132, 427, 105, 12, 28864767701
7, 282, 18, 134, VÁLIDA EM TODO
53, 268, 20, 168, 267615305
516, 198, 98, 11, DATA NASCIMENTO
508, 210, 96, 12, 01/03/1984
344, 149, 188, 14, DOC. IDENTIDADE/ÓRG EMISSOR UF
489, 167, 22, 8, SNJ
586, 166, 15, 9, BA
339, 164, 69, 10, 449635715
348, 239, 51, 13, FILIAÇÃO
337, 257, 207, 11, MYLA LEWIS BORTOLUCCI
337, 296, 209, 10, ACACIO CASTILLO SELLA
339, 314, 79, 9, RODRIGUES
