129, 111, 37, 18, NOME
123, 129, 208, 21, WYLLIAM VAQUERO AUROR
368, 210, 26, 13, CPF
363, 232, 123, 14, 479.301.757-66
584, 379, 51, 15, CAT. HAB.
590, 402, 9, 10, C
491, 432, 85, 18, 1ª HABILITAÇÃO
489, 448, 107, 14, 13/05/2008
343, 431, 55, 17, VALIDADE
338, 449, 95, 13, 26/12/1981
128, 432, 75, 14, Nº REGISTRO
128, 450, 95, 11, 45463817530
19, 299, 17, 133, VÁLIDA EM TODO
57, 307, 19, 157, 023373542
532, 208, 105, 13, DATA NASCIMENTO
532, 229, 97, 15, 04/12/1986
368, 162, 207, 16, DOC. IDENTIDADE/ÓRG EMISSOR/UF
365, 184, 157, 13, 921402172 POM SC
369, 255, 49, 16, FILIAÇÃO
361, 282, 221, 9, HAWLITSCHEK TOSETTO GOLEBSK
359, 304, 48, 10, PORTO
360, 327, 203, 12, CAYO CARAVER SWAN
