136, 105, 35, 15, NOME
132, 125, 256, 11, RAUAN CHIARAMELLI PIEROZZI
373, 202, 24, 16, CPF
365, 225, 109, 11, 410.449.173-00
590, 373, 53, 18, CAT. HAB.
598, 398, 5, 9, D
492, 427, 91, 16, 1ª HABILITAÇÃO
498, 445, 96, 17, 30/05/1984
344, 423, 58, 20, VALIDADE
337, 442, 95, 13, 18/06/1961
129, 419, 76, 19, Nº REGISTRO
128, 439, 107, 11, 99210677503
19, 291, 19, 129, VÁLIDA EM TODO
60, 280, 21, 166, 555884215
535, 203, 103, 15, DATA NASCIMENTO
534, 227, 87, 11, 07/10/1985
373, 155, 205, 15, DOC. IDENTIDADE/ÓRG EMISSOR/UF
362, 176, 131, 10, 378462532 SNJ PB
369, 247, 55, 15, FILIAÇÃO
364, 274, 142, 9, RALISCH TAH CESE
362, 322, 168, 10, NIVEA LINN HERMAN
362, 346, 79, 9, RODRIGUES
