123, 101, 39, 13, NOME
118, 115, 186, 10, BAUMGART OPATA EVANIL
355, 193, 25, 12, CPF
347, 207, 137, 16, 563.535.217-07
579, 355, 50, 15, CAT. HAB.
594, 375, 16, 9, AB
483, 410, 83, 16, 1ª HABILITAÇÃO
494, 425, 96, 13, 30/03/1968
338, 409, 53, 13, VALIDADE
344, 419, 96, 18, 19/10/1956
121, 408, 70, 18, Nº REGISTRO
148, 425, 107, 11, 24382573225
20, 287, 17, 130, VÁLIDA EM TODO
70, 295, 24, 140, 211733625
526, 191, 99, 15, DATA NASCIMENTO
520, 206, 98, 16, 08/07/2012
356, 143, 189, 15, DOC. IDENTIDADE/ÓRG EMISSOR UF
500, 163, 25, 7, POM
597, 163, 16, 7, RS
349, 161, 79, 10, 664914895
360, 235, 51, 13, FILIAÇÃO
352, 254, 177, 10, POLIZEL MORILLO STER
350, 272, 55, 12, COSTA
349, 293, 180, 10, TAINA CLEI MINIOLL
354, 311, 53, 12, PORTO
