137, 122, 53, 11, NOME
129, 136, 252, 12, GALHA SUEMI MEZZALIRA
429, 223, 35, 16, CPF
416, 240, 152, 14, 090.643.825-06
710, 409, 64, 21, CAT. HAB.
725, 434, 8, 11, E
587, 474, 110, 22, 1ª HABILITAÇÃO
607, 490, 116, 20, 20/04/1997
404, 479, 74, 15, VALIDADE
415, 495, 106, 14, 01/08/1971
136, 478, 89, 17, Nº REGISTRO
169, 497, 118, 12, 50659920643
8, 332, 25, 163, VÁLIDA EM TODO
67, 342, 24, 204, 675548828
641, 222, 125, 16, DATA NASCIMENTO
634, 238, 107, 16, 25/10/2019
431, 167, 238, 18, DOC. IDENTIDADE/ÓRG EMISSOR UF
730, 187, 18, 10, RN
608, 187, 31, 12, SDS
425, 187, 86, 11, 957671234
432, 272, 69, 19, FILIAÇÃO
423, 296, 198, 10, AKIHITO KAWABE DIEHL
426, 319, 68, 10, PEREIRA
426, 339, 239, 12, WALCINYR TOGO FARHAT
