160, 116, 45, 16, NOME
147, 139, 275, 15, MELIANE GRUPIONI QUILES
447, 231, 27, 16, CPF
427, 250, 192, 18, 092.378.387-35
704, 439, 67, 19, CAT. HAB.
719, 466, 10, 12, A
639, 499, 110, 18, 1ª HABILITAÇÃO
621, 517, 126, 17, 02/12/1964
463, 497, 68, 16, VALIDADE
426, 516, 137, 18, 06/01/2020
162, 495, 88, 19, Nº REGISTRO
181, 516, 139, 20, 33477045393
16, 357, 23, 164, VÁLIDA EM TODO
74, 379, 23, 199, 471897780
648, 232, 127, 20, DATA NASCIMENTO
644, 252, 125, 19, 17/07/1978
449, 174, 252, 18, DOC. IDENTIDADE/ÓRG EMISSOR/UF
427, 193, 175, 13, 710067318 SNJ RS
447, 289, 64, 19, FILIAÇÃO
434, 314, 260, 13, ARAB LOWINSOHN BALDO
427, 341, 119, 13, FERNANDES
433, 377, 285, 13, COLONELLO ROSADO RESTE
430, 408, 88, 12, CARVALHO
