125, 115, 37, 12, NOME
114, 134, 209, 10, THARIN HISAMI SEGOVIA
361, 206, 24, 15, CPF
344, 225, 136, 12, 344.403.641-87
570, 374, 54, 15, CAT. HAB.
586, 395, 16, 9, AB
517, 422, 92, 13, 1ª HABILITAÇÃO
507, 437, 106, 14, 11/05/1969
374, 420, 57, 14, VALIDADE
344, 437, 97, 15, 06/03/2005
128, 421, 75, 16, Nº REGISTRO
146, 439, 117, 12, 80103166544
15, 292, 18, 137, VÁLIDA EM TODO
63, 300, 21, 178, 817918519
521, 206, 106, 16, DATA NASCIMENTO
519, 221, 97, 18, 25/06/2008
362, 160, 208, 16, DOC. IDENTIDADE/ÓRG EMISSOR/UF
494, 180, 24, 8, SES
343, 178, 70, 10, 905335259
570, 180, 17, 9, MT
359, 254, 53, 15, FILIAÇÃO
350, 274, 218, 10, TESSAROLLI ALLI COBIAK
350, 324, 189, 10, ELANIO MADRID UYARA
350, 349, 68, 10, PEREIRA
