109, 105, 40, 15, NOME
103, 120, 197, 10, RUDY MIORI GALLAGHER
344, 198, 26, 13, CPF
336, 210, 150, 13, 613.077.101-07
569, 362, 46, 14, CAT. HAB.
579, 381, 6, 7, B
470, 414, 88, 14, 1ª HABILITAÇÃO
479, 429, 98, 14, 07/06/1999
322, 414, 58, 12, VALIDADE
322, 429, 98, 12, 03/05/2018
108, 412, 72, 14, Nº REGISTRO
133, 429, 106, 11, 70483330377
7, 283, 18, 134, VÁLIDA EM TODO
53, 270, 20, 167, 223385540
516, 199, 98, 11, DATA NASCIMENTO
508, 211, 97, 12, 29/03/1993
344, 150, 188, 14, DOC. IDENTIDADE/ÓRG EMISSOR UF
489, 168, 22, 8, SEJ
585, 168, 16, 7, MG
338, 165, 71, 10, 278218453
348, 240, 51, 13, FILIAÇÃO
338, 258, 169, 10, LEMBKE ZUFFO SACA
337, 297, 209, 11, JACOPETTI BERTONCELLO
339, 315, 89, 10, NASCIMENTO
