121, 109, 41, 13, NOME
116, 124, 208, 10, HELENA CEPIL GATTOLIN
354, 202, 28, 12, CPF
346, 216, 136, 14, 398.977.452-20
579, 363, 47, 17, CAT. HAB.
590, 384, 8, 7, D
477, 417, 89, 13, 1ª HABILITAÇÃO
495, 433, 107, 14, 08/08/2008
335, 416, 55, 15, VALIDADE
339, 427, 95, 18, 17/09/1951
113, 415, 73, 14, Nº REGISTRO
141, 431, 96, 10, 29950252256
11, 298, 17, 135, VÁLIDA EM TODO
54, 284, 20, 164, 081118241
526, 203, 103, 13, DATA NASCIMENTO
519, 217, 96, 13, 13/03/1990
357, 152, 192, 15, DOC. IDENTIDADE/ÓRG EMISSOR UF
348, 170, 78, 11, 960805576
500, 172, 22, 8, SSP
596, 174, 15, 8, RS
355, 245, 56, 15, FILIAÇÃO
349, 263, 219, 10, BRIAO CATELLANI ANGELO
348, 302, 169, 9, VIELLAS LACO BIGELI
349, 320, 64, 9, CARDOSO
