151, 129, 56, 16, NOME
145, 148, 227, 12, MALTEZ JARMENDIA NA
442, 239, 34, 19, CPF
434, 259, 151, 13, 143.223.123-57
724, 434, 59, 18, CAT. HAB.
736, 460, 8, 10, B
601, 495, 105, 18, 1ª HABILITAÇÃO
618, 517, 125, 16, 15/11/1987
414, 493, 72, 19, VALIDADE
423, 507, 126, 23, 19/11/1995
148, 490, 87, 19, Nº REGISTRO
182, 512, 118, 13, 81289846643
24, 345, 22, 163, VÁLIDA EM TODO
71, 353, 23, 194, 232481939
660, 241, 127, 18, DATA NASCIMENTO
648, 260, 106, 16, 30/01/1969
446, 182, 240, 19, DOC. IDENTIDADE/ÓRG EMISSOR UF
625, 207, 38, 10, SPTC
748, 208, 20, 11, SP
435, 203, 106, 13, 766167463
451, 293, 60, 15, FILIAÇÃO
436, 313, 194, 14, SPRINGER ALEIXO
435, 359, 235, 14, FUTAGAWA BOVI MIR
435, 380, 127, 13, CAVALCANTI
