159, 137, 46, 15, NOME
150, 152, 297, 12, FRANCESCHI CAPUTI ALEKSAS
454, 247, 34, 15, CPF
441, 264, 166, 14, 021.674.294-36
736, 441, 59, 15, CAT. HAB.
743, 461, 14, 16, C
608, 499, 111, 18, 1ª HABILITAÇÃO
627, 522, 127, 16, 27/07/2014
427, 499, 69, 20, VALIDADE
428, 521, 117, 15, 30/04/1993
152, 492, 88, 21, Nº REGISTRO
184, 515, 137, 14, 33654806021
35, 345, 23, 159, VÁLIDA EM TODO
84, 343, 31, 202, 506248623
670, 249, 130, 18, DATA NASCIMENTO
658, 268, 107, 14, 20/04/2010
458, 191, 232, 20, DOC. IDENTIDADE/ÓRG EMISSOR UF
446, 209, 96, 13, 464428993
634, 213, 30, 11, SES
761, 213, 24, 13, PR
458, 296, 64, 17, FILIAÇÃO
445, 320, 219, 11, KOK BORDINO SALDEADO
446, 341, 63, 15, DA PAZ
447, 365, 216, 12, VAIDOTAS FROMM LAO
