129, 110, 38, 15, NOME
122, 127, 205, 9, HIRAMA PEDIGONI ZANETTA
359, 203, 28, 13, CPF
352, 217, 135, 12, 727.086.940-57
585, 367, 49, 15, CAT. HAB.
596, 386, 8, 9, A
486, 421, 87, 13, 1ª HABILITAÇÃO
500, 435, 98, 12, 09/06/2003
343, 418, 50, 17, VALIDADE
346, 434, 105, 14, 14/01/1957
123, 419, 71, 13, Nº REGISTRO
147, 435, 107, 11, 63483309680
19, 291, 16, 131, VÁLIDA EM TODO
66, 288, 19, 157, 480387627
529, 202, 103, 14, DATA NASCIMENTO
524, 218, 97, 12, 07/02/1956
361, 157, 188, 13, DOC. IDENTIDADE/ÓRG EMISSOR UF
505, 174, 22, 8, SNJ
354, 173, 70, 8, 680060765
600, 174, 18, 10, RS
362, 247, 55, 15, FILIAÇÃO
354, 265, 169, 9, TAH KEISHI PETRICHE
355, 304, 219, 10, DOLLAY HANTAO MAGDALON
