135, 118, 39, 19, NOME
132, 141, 229, 11, CORNEAU BICCIATTO PAOLA
379, 216, 23, 16, CPF
372, 240, 123, 11, 472.461.683-03
597, 390, 53, 17, CAT. HAB.
611, 413, 8, 9, A
503, 444, 93, 15, 1ª HABILITAÇÃO
507, 462, 107, 14, 11/08/2007
355, 445, 56, 13, VALIDADE
348, 460, 105, 17, 12/11/1964
135, 442, 74, 15, Nº REGISTRO
129, 460, 96, 11, 08728335117
52, 186, 133, -80, VÁLIDA EM TODO
48, 321, 24, 147, 6882737
541, 217, 105, 16, DATA NASCIMENTO
542, 240, 79, 11, 04/02/1950
375, 166, 211, 19, DOC. IDENTIDADE/ÓRG EMISSOR/UF
373, 193, 141, 11, 822780409 SDS SP
376, 263, 53, 15, FILIAÇÃO
373, 289, 147, 10, FOWLER NOEREMBE
370, 315, 43, 9, JESUS
372, 339, 222, 9, FRANCINE ALEYLOVE VESCOVI
381, 363, 42, 9, SILVA
