134, 108, 38, 15, NOME
132, 132, 190, 10, MARDEN REGE HOLOVKO
379, 207, 27, 15, CPF
373, 231, 109, 12, 699.185.107-81
600, 383, 55, 19, CAT. HAB.
611, 409, 8, 9, B
504, 436, 89, 17, 1ª HABILITAÇÃO
509, 456, 106, 14, 16/10/1986
355, 436, 57, 14, VALIDADE
350, 454, 106, 15, 01/02/1961
138, 432, 77, 19, Nº REGISTRO
139, 452, 106, 11, 34754565798
15, 309, 15, 131, VÁLIDA EM TODO
56, 296, 22, 174, 665350577
544, 205, 106, 19, DATA NASCIMENTO
548, 233, 95, 13, 10/10/1961
376, 157, 214, 19, DOC. IDENTIDADE/ÓRG EMISSOR/UF
375, 183, 157, 11, 779473796 POM SC
377, 257, 53, 13, FILIAÇÃO
375, 282, 193, 11, ISHIY PETTA PERCHE
370, 308, 43, 9, GOMES
372, 332, 187, 9, LONGMAN NORTE PAOLONE
