136, 125, 58, 15, NOME
132, 142, 257, 10, TAKUSHI CUPERTINO TAKIISHI
435, 232, 35, 18, CPF
425, 250, 151, 13, 878.132.462-68
718, 424, 57, 19, CAT. HAB.
735, 447, 10, 12, A
589, 487, 114, 19, 1ª HABILITAÇÃO
611, 508, 98, 13, 01/06/1965
407, 486, 72, 18, VALIDADE
414, 505, 107, 14, 21/02/2007
134, 484, 91, 17, Nº REGISTRO
166, 501, 140, 14, 73651673578
11, 340, 23, 162, VÁLIDA EM TODO
68, 323, 24, 193, 546560207
650, 231, 124, 18, DATA NASCIMENTO
645, 250, 125, 16, 13/06/1979
436, 176, 246, 17, DOC. IDENTIDADE/ÓRG EMISSOR UF
432, 194, 96, 13, 467498878
622, 196, 30, 12, SDS
744, 198, 17, 10, RS
440, 284, 64, 15, FILIAÇÃO
428, 306, 208, 12, HOU MOLEIRO COLLINA
426, 347, 279, 14, JARUCHE ZANFERDINI F
428, 373, 79, 10, DA ROCHA
