115, 116, 40, 15, NOME
108, 132, 220, 10, MARCOLA ROSSETI DEDEMO
351, 206, 27, 16, CPF
342, 221, 151, 12, 019.052.763-38
346, 371, 64, 13, PERMISSÃO
343, 379, 106, 20, PERMISSÃO
576, 367, 51, 17, CAT. HAB.
581, 388, 10, 11, C
478, 420, 85, 15, 1ª HABILITAÇÃO
485, 437, 97, 15, 20/07/1958
328, 422, 61, 14, VALIDADE
330, 435, 98, 19, 27/07/1987
112, 421, 72, 17, Nº REGISTRO
137, 440, 107, 11, 21961733752
9, 298, 19, 146, VÁLIDA EM TODO
56, 310, 18, 147, 138412653
524, 204, 97, 15, DATA NASCIMENTO
511, 221, 97, 13, 27/04/1965
347, 157, 193, 16, DOC. IDENTIDADE/ÓRG EMISSOR UF
344, 177, 77, 14, 419737480
493, 177, 25, 9, SEJ
590, 176, 15, 9, PE
352, 248, 55, 17, FILIAÇÃO
344, 268, 183, 10, PICAVET DEGENSZAJN
343, 283, 69, 15, ALMEIDA
345, 307, 199, 10, TAMBORIM KAMEOKA MEY
