147, 129, 56, 13, NOME
143, 146, 271, 13, MORITZ HULSHOF ADEMAR
456, 235, 32, 18, CPF
443, 256, 149, 14, 469.112.647-31
741, 436, 61, 19, CAT. HAB.
756, 458, 18, 10, AB
615, 497, 112, 19, 1ª HABILITAÇÃO
628, 519, 107, 14, 13/10/1992
424, 497, 71, 16, VALIDADE
427, 515, 116, 19, 10/07/1985
144, 494, 91, 17, Nº REGISTRO
179, 512, 137, 14, 11395387005
21, 347, 17, 162, VÁLIDA EM TODO
81, 339, 31, 201, 859905670
677, 241, 127, 14, DATA NASCIMENTO
666, 258, 107, 15, 27/04/1989
456, 182, 242, 17, DOC. IDENTIDADE/ÓRG EMISSOR UF
445, 201, 98, 13, 324014600
639, 204, 43, 12, SESP
765, 207, 16, 7, RS
456, 292, 67, 16, FILIAÇÃO
446, 312, 274, 12, SCOMPARINI GIOVANA VIDA
450, 359, 204, 12, LENER KAMIMOTO KOJI
