136, 100, 36, 11, NOME
127, 118, 197, 9, WEST SINGER CAMARNEIRO
365, 190, 23, 14, CPF
355, 213, 138, 11, 845.655.756-04
572, 362, 49, 15, CAT. HAB.
578, 386, 7, 9, E
478, 414, 90, 15, 1ª HABILITAÇÃO
492, 429, 97, 15, 20/12/2019
338, 411, 57, 15, VALIDADE
331, 428, 97, 12, 13/07/1955
131, 407, 71, 16, Nº REGISTRO
144, 425, 118, 12, 29843940835
17, 285, 15, 140, VÁLIDA EM TODO
53, 272, 21, 174, 977909640
524, 195, 97, 15, DATA NASCIMENTO
522, 211, 88, 18, 25/11/1956
365, 147, 200, 16, DOC. IDENTIDADE/ÓRG EMISSOR/UF
359, 166, 168, 11, 609046780 SESP PA
363, 239, 50, 13, FILIAÇÃO
356, 262, 199, 10, KAAWAR BERTACCHI SHU
354, 285, 59, 10, MENDES
354, 310, 189, 10, CORDEIROS BARSOTELI G
