170, 111, 50, 16, NOME
160, 127, 299, 12, BERNANDES PERCILIO MALUSA
469, 218, 32, 17, CPF
457, 236, 178, 19, 410.865.792-67
759, 412, 57, 21, CAT. HAB.
772, 438, 7, 8, D
631, 474, 108, 20, 1ª HABILITAÇÃO
646, 496, 125, 15, 17/01/1962
444, 474, 69, 21, VALIDADE
442, 496, 116, 16, 14/08/1970
163, 475, 90, 17, Nº REGISTRO
199, 496, 129, 13, 82443208266
24, 338, 24, 179, VÁLIDA EM TODO
85, 348, 24, 192, 125423799
694, 219, 123, 16, DATA NASCIMENTO
679, 236, 108, 13, 20/11/2015
467, 160, 247, 20, DOC. IDENTIDADE/ÓRG EMISSOR UF
463, 182, 87, 11, 678303356
653, 183, 38, 10, SESP
781, 182, 19, 11, PR
472, 269, 67, 20, FILIAÇÃO
460, 293, 240, 11, ELEIA SELLMANN CIRINEU
463, 315, 42, 12, DIAS
462, 337, 257, 13, PRESSI FELDBERG PENG
460, 362, 79, 10, NOGUEIRA
