235, 254, 92, 39, NOME
220, 299, 591, 22, TAFFARELLO NICOLUCCI ARRAES
777, 473, 63, 33, CPF
761, 508, 344, 27, 281.292.778-08
1278, 841, 111, 31, CAT. HAB.
1300, 883, 43, 22, AB
1059, 963, 196, 29, 1ª HABILITAÇÃO
1103, 990, 243, 34, 11/03/1958
743, 964, 118, 25, VALIDADE
745, 996, 224, 31, 04/07/2018
231, 962, 166, 33, Nº REGISTRO
296, 1003, 215, 23, 07160065815
4, 683, 33, 309, VÁLIDA EM TODO
99, 653, 48, 389, 347298581
1161, 473, 236, 33, DATA NASCIMENTO
1147, 511, 205, 27, 27/02/1950
780, 364, 431, 37, DOC. IDENTIDADE/ÓRG EMISSOR UF
760, 404, 193, 24, 518490865
1097, 409, 48, 17, SJS
1320, 403, 45, 23, MG
787, 572, 118, 37, FILIAÇÃO
761, 615, 484, 21, MISSONO PASSETTO MISIA
760, 656, 220, 24, RODRIGUES
759, 696, 486, 27, CARVELLI MODLER BA
764, 742, 172, 24, REZENDE
