150, 128, 38, 17, NOME
137, 147, 295, 12, LILYAN BORTOLOTI GARDUCCI
415, 235, 31, 17, CPF
401, 253, 151, 17, 669.948.252-13
663, 425, 66, 19, CAT. HAB.
685, 449, 22, 12, AB
592, 484, 117, 15, 1ª HABILITAÇÃO
586, 502, 116, 16, 13/07/1999
436, 483, 64, 17, VALIDADE
400, 502, 125, 16, 12/09/2013
149, 485, 86, 18, Nº REGISTRO
167, 504, 151, 15, 96877796786
19, 344, 21, 160, VÁLIDA EM TODO
70, 346, 23, 193, 280779302
607, 229, 122, 15, DATA NASCIMENTO
601, 250, 118, 16, 04/08/2019
414, 181, 250, 16, DOC. IDENTIDADE/ÓRG EMISSOR/UF
403, 199, 94, 14, 517534861
573, 200, 33, 8, SESP
670, 198, 21, 10, MG
412, 288, 69, 19, FILIAÇÃO
402, 306, 279, 17, ROSALVO CHRISTINA DESTE
402, 369, 219, 12, TIEKO CASSIARI SACAY
407, 399, 89, 13, DA CRUZ
