128, 99, 38, 15, NOME
123, 114, 185, 12, AZEDO RINK ZENERO
358, 191, 27, 15, CPF
352, 208, 136, 13, 979.274.776-17
584, 356, 47, 15, CAT. HAB.
588, 377, 10, 8, D
483, 408, 87, 17, 1ª HABILITAÇÃO
491, 425, 102, 13, 17/06/1994
340, 408, 52, 15, VALIDADE
344, 423, 108, 13, 03/01/2009
120, 405, 79, 15, Nº REGISTRO
153, 424, 108, 12, 01251486388
24, 287, 16, 142, VÁLIDA EM TODO
65, 295, 19, 148, 654386668
529, 193, 103, 14, DATA NASCIMENTO
522, 209, 86, 12, 16/12/2002
361, 146, 187, 14, DOC. IDENTIDADE/ÓRG EMISSOR UF
354, 162, 78, 11, 009130275
503, 164, 24, 8, SDS
600, 163, 19, 11, TO
361, 237, 55, 15, FILIAÇÃO
355, 250, 204, 14, TABITHA RENOVATO MARIEL
355, 293, 178, 10, ADORNI PAZ BOJCZUK
