158, 128, 48, 16, NOME
151, 138, 323, 13, RAPELLI ANTONINO NICHOLAS
451, 228, 36, 14, CPF
442, 245, 152, 17, 045.713.141-16
735, 417, 59, 15, CAT. HAB.
744, 440, 11, 13, C
608, 478, 109, 17, 1ª HABILITAÇÃO
627, 499, 108, 14, 07/05/1959
426, 479, 70, 24, VALIDADE
432, 505, 106, 14, 09/02/1981
156, 487, 90, 17, Nº REGISTRO
193, 507, 106, 11, 26960211045
22, 345, 21, 163, VÁLIDA EM TODO
71, 329, 32, 201, 994438339
668, 224, 123, 17, DATA NASCIMENTO
655, 242, 107, 14, 16/01/1953
454, 172, 236, 15, DOC. IDENTIDADE/ÓRG EMISSOR UF
446, 192, 85, 13, 353764772
632, 190, 31, 11, SES
751, 189, 19, 9, MS
456, 279, 66, 17, FILIAÇÃO
447, 300, 207, 11, ESCOBAR WAGEMAKER K
447, 322, 97, 11, RODRIGUES
445, 344, 251, 12, LUZ IRISLAYNE SANNOMIYA
448, 369, 82, 12, PEREIRA
