158, 128, 48, 16, NOME
152, 138, 294, 13, LAIER TSALDARIS FELITTI
451, 228, 36, 14, CPF
443, 245, 149, 17, 244.949.469-31
735, 417, 59, 15, CAT. HAB.
745, 441, 10, 11, B
608, 478, 109, 17, 1ª HABILITAÇÃO
627, 499, 108, 14, 03/08/1993
426, 479, 70, 24, VALIDADE
433, 505, 107, 14, 20/12/1994
156, 487, 90, 17, Nº REGISTRO
193, 507, 107, 11, 59726119814
22, 345, 21, 163, VÁLIDA EM TODO
71, 329, 32, 201, 667124349
668, 224, 123, 17, DATA NASCIMENTO
654, 241, 108, 15, 08/12/1957
454, 172, 236, 15, DOC. IDENTIDADE/ÓRG EMISSOR UF
445, 192, 87, 11, 646338390
633, 190, 31, 11, POM
751, 189, 18, 9, MT
456, 279, 66, 17, FILIAÇÃO
447, 300, 206, 11, BIGNOTTO JBARA KOST
446, 322, 66, 11, CASTRO
444, 344, 208, 12, SPERLING SONEGO PEN
447, 369, 70, 12, SOARES
