140, 134, 47, 19, NOME
132, 153, 348, 13, DANIELLE KECIMIYLLA TOURINH
415, 250, 35, 16, CPF
407, 268, 177, 17, 192.559.942-63
681, 457, 58, 19, CAT. HAB.
697, 482, 9, 11, B
567, 523, 107, 19, 1ª HABILITAÇÃO
584, 544, 127, 16, 21/11/1978
394, 520, 66, 22, VALIDADE
402, 540, 127, 18, 29/01/1993
139, 519, 87, 19, Nº REGISTRO
171, 542, 139, 14, 57155625595
24, 374, 20, 163, VÁLIDA EM TODO
71, 407, 23, 184, 704206392
615, 251, 126, 17, DATA NASCIMENTO
606, 270, 127, 16, 27/04/1956
416, 191, 222, 17, DOC. IDENTIDADE/ÓRG EMISSOR UF
409, 210, 105, 13, 657051949
587, 213, 32, 12, SNJ
699, 214, 21, 10, MS
421, 304, 62, 20, FILIAÇÃO
412, 329, 273, 11, NARAHASHI MATARAZZO WARTH
411, 352, 64, 11, SANTOS
410, 378, 238, 11, JUTGLA SHINGAI CIRULLI
413, 401, 93, 12, FERREIRA
