165, 124, 45, 20, NOME
155, 143, 246, 10, BENETASSO RIDEAKI IRITANI
452, 229, 33, 15, CPF
441, 246, 137, 11, 200.796.591-79
726, 409, 60, 19, CAT. HAB.
743, 435, 8, 9, A
600, 472, 107, 15, 1ª HABILITAÇÃO
617, 490, 107, 14, 15/06/1997
423, 475, 71, 13, VALIDADE
421, 490, 108, 16, 05/12/1990
155, 472, 83, 19, Nº REGISTRO
186, 489, 150, 15, 51785364468
32, 332, 21, 151, VÁLIDA EM TODO
78, 322, 32, 200, 933091518
662, 228, 129, 15, DATA NASCIMENTO
655, 245, 106, 15, 15/02/1986
455, 174, 234, 16, DOC. IDENTIDADE/ÓRG EMISSOR UF
450, 193, 96, 12, 206417123
632, 195, 33, 9, SESP
755, 193, 20, 12, SP
456, 273, 64, 20, FILIAÇÃO
445, 297, 218, 12, LANICHEK OIZUNI PING
437, 341, 217, 12, OCON FREGNI HIDENORI
441, 364, 82, 12, PEIXOTO
