128, 107, 35, 11, NOME
116, 123, 189, 10, ANDRIELLI SAIA KOGA
354, 194, 27, 17, CPF
338, 211, 153, 19, 506.434.175-08
562, 366, 55, 14, CAT. HAB.
580, 387, 8, 9, A
511, 414, 89, 13, 1ª HABILITAÇÃO
496, 428, 108, 17, 06/12/1987
369, 412, 55, 13, VALIDADE
339, 428, 97, 12, 03/12/1956
127, 409, 72, 17, Nº REGISTRO
149, 427, 116, 13, 76576631220
17, 292, 18, 130, VÁLIDA EM TODO
63, 322, 24, 138, 775833511
517, 197, 104, 17, DATA NASCIMENTO
513, 215, 97, 15, 15/02/1978
357, 153, 205, 15, DOC. IDENTIDADE/ÓRG EMISSOR/UF
340, 169, 168, 12, 512403909 SESP MG
357, 244, 52, 14, FILIAÇÃO
346, 259, 196, 16, LUIZETTO RHANDAL K
346, 286, 76, 12, RIBEIRO
347, 315, 228, 11, SANGLADE BLACIDO VIRA
