124, 115, 37, 12, NOME
114, 134, 177, 10, BOCCA EVORA SOTTER
360, 206, 24, 15, CPF
341, 225, 137, 13, 419.367.742-75
569, 374, 54, 15, CAT. HAB.
584, 395, 9, 9, C
516, 422, 92, 13, 1ª HABILITAÇÃO
505, 437, 107, 15, 21/09/1996
373, 420, 57, 14, VALIDADE
343, 437, 95, 15, 20/11/2001
127, 421, 75, 16, Nº REGISTRO
147, 439, 115, 12, 37614080137
14, 292, 18, 137, VÁLIDA EM TODO
-1, 62, 178, 21, 487159206
520, 206, 106, 16, DATA NASCIMENTO
519, 221, 95, 18, 11/01/1951
361, 160, 208, 16, DOC. IDENTIDADE/ÓRG EMISSOR/UF
493, 179, 34, 11, SPTC
341, 178, 70, 10, 662760165
570, 180, 17, 9, RJ
358, 254, 53, 15, FILIAÇÃO
349, 274, 238, 11, CRIVELINI MONTANHA TAKAY
348, 323, 209, 11, MINGUILI HERCI BIRAES
347, 349, 80, 10, OLIVEIRA
