117, 97, 40, 15, NOME
113, 116, 217, 10, FEDERLE CIURRIA SPANOS
351, 193, 29, 11, CPF
343, 206, 138, 11, 053.336.124-98
576, 358, 47, 13, CAT. HAB.
582, 376, 16, 8, AB
477, 405, 83, 20, 1ª HABILITAÇÃO
485, 421, 97, 18, 08/09/1952
328, 405, 60, 17, VALIDADE
334, 422, 95, 15, 12/03/1961
111, 401, 74, 17, Nº REGISTRO
137, 421, 107, 11, 20397867810
8, 279, 18, 137, VÁLIDA EM TODO
-1, 59, 162, 19, 754943100
520, 191, 108, 16, DATA NASCIMENTO
516, 209, 95, 14, 21/02/1991
352, 145, 190, 14, DOC. IDENTIDADE/ÓRG EMISSOR UF
346, 161, 70, 11, 225968708
500, 164, 24, 7, SDS
591, 164, 17, 9, CE
349, 234, 60, 16, FILIAÇÃO
344, 253, 165, 10, SHNAIDER SOZZA MEDICE
343, 273, 97, 10, CAVALCANTI
346, 293, 187, 9, PETEAN TRASSI SOBRINO
344, 307, 79, 15, OLIVEIRA
