115, 98, 42, 15, NOME
105, 116, 247, 10, MALACHIAS NODARI FACIROLI
345, 191, 33, 13, CPF
340, 206, 136, 11, 451.000.935-60
572, 354, 47, 15, CAT. HAB.
583, 376, 9, 7, D
469, 408, 93, 17, 1ª HABILITAÇÃO
485, 424, 105, 14, 21/11/1951
324, 408, 60, 16, VALIDADE
331, 422, 97, 17, 21/08/2019
109, 404, 73, 17, Nº REGISTRO
139, 418, 106, 17, 26222418396
17, 282, 17, 132, VÁLIDA EM TODO
63, 285, 23, 149, 000015785
519, 190, 103, 14, DATA NASCIMENTO
510, 206, 97, 17, 27/02/1979
349, 142, 188, 17, DOC. IDENTIDADE/ÓRG EMISSOR UF
343, 160, 69, 15, 777330726
491, 162, 22, 9, SEJ
590, 162, 14, 10, PI
349, 234, 54, 18, FILIAÇÃO
339, 254, 248, 10, PUERTAS FRANKFURT BEGIATO
342, 291, 194, 11, ASAKA OTTA MERLINI
