130, 112, 37, 18, NOME
126, 136, 206, 14, PLACITTE SEABRA DEXHE
369, 211, 26, 13, CPF
363, 233, 124, 11, 598.702.436-65
585, 380, 51, 15, CAT. HAB.
591, 403, 8, 9, D
492, 433, 85, 18, 1ª HABILITAÇÃO
489, 449, 108, 14, 09/05/1984
344, 432, 55, 17, VALIDADE
338, 450, 97, 13, 02/08/1950
129, 433, 75, 14, Nº REGISTRO
128, 451, 96, 11, 56504899120
20, 300, 17, 133, VÁLIDA EM TODO
58, 307, 19, 157, 129813907
533, 209, 105, 13, DATA NASCIMENTO
534, 230, 97, 15, 15/12/1954
369, 163, 207, 16, DOC. IDENTIDADE/ÓRG EMISSOR/UF
365, 185, 168, 12, 175424433 SPTC MG
370, 256, 49, 16, FILIAÇÃO
362, 283, 165, 10, HIROCHI SAULE CANALLI
359, 305, 68, 10, REZENDE
363, 328, 226, 12, FAELLI DULCIANE CAL
