140, 125, 48, 15, NOME
131, 143, 228, 10, PEIXOTO ALEMAR KAMIKOGA
434, 230, 35, 17, CPF
425, 248, 151, 14, 462.296.074-50
717, 420, 62, 17, CAT. HAB.
737, 442, 20, 10, AB
594, 483, 112, 18, 1ª HABILITAÇÃO
611, 501, 116, 16, 30/09/1972
410, 487, 69, 14, VALIDADE
414, 500, 125, 16, 12/10/1988
139, 486, 89, 17, Nº REGISTRO
172, 503, 141, 14, 74606060764
12, 332, 23, 174, VÁLIDA EM TODO
74, 346, 32, 180, 25473005
650, 230, 129, 15, DATA NASCIMENTO
643, 246, 96, 12, 23/03/1975
437, 173, 235, 16, DOC. IDENTIDADE/ÓRG EMISSOR UF
622, 192, 31, 12, SNJ
739, 192, 20, 9, MG
431, 192, 94, 13, 901366948
437, 282, 69, 16, FILIAÇÃO
430, 303, 241, 12, RUFATO SANGALAN CABETE
429, 325, 75, 13, NOVAES
426, 347, 253, 12, MANTZOURANIS ANICE TOBA
