142, 111, 36, 15, NOME
134, 131, 233, 11, MARALISE YOSHIYUKI KISHITA
379, 206, 24, 14, CPF
374, 230, 110, 10, 701.908.143-65
596, 378, 55, 17, CAT. HAB.
607, 403, 9, 9, A
502, 435, 89, 15, 1ª HABILITAÇÃO
505, 451, 98, 13, 03/02/1995
352, 430, 59, 17, VALIDADE
348, 451, 96, 12, 01/01/1981
138, 428, 77, 16, Nº REGISTRO
135, 447, 107, 11, 68881031399
16, 308, 19, 135, VÁLIDA EM TODO
57, 312, 20, 166, 494094082
544, 206, 105, 16, DATA NASCIMENTO
547, 230, 78, 11, 03/10/2010
377, 158, 210, 15, DOC. IDENTIDADE/ÓRG EMISSOR/UF
373, 180, 143, 11, 848320475 SEJ MG
380, 253, 52, 15, FILIAÇÃO
370, 279, 169, 10, KUKIYAMA STELLATO
371, 301, 82, 12, BARBOSA
373, 327, 199, 10, RIDENTI DELLOMO FILO
370, 352, 59, 10, MENDES
