116, 98, 42, 15, NOME
106, 116, 247, 10, MALACHIAS NODARI FACIROLI
346, 191, 33, 13, CPF
341, 206, 136, 11, 451.000.935-60
573, 354, 47, 15, CAT. HAB.
584, 376, 9, 7, D
470, 408, 93, 17, 1ª HABILITAÇÃO
486, 424, 105, 14, 21/11/1951
325, 408, 60, 16, VALIDADE
332, 422, 97, 17, 21/08/2019
110, 404, 73, 17, Nº REGISTRO
140, 418, 106, 17, 26222418396
18, 282, 17, 132, VÁLIDA EM TODO
64, 285, 23, 149, 000015785
520, 190, 103, 14, DATA NASCIMENTO
511, 206, 97, 17, 27/02/1979
350, 142, 188, 17, DOC. IDENTIDADE/ÓRG EMISSOR UF
344, 160, 69, 15, 777330726
492, 162, 22, 9, SEJ
591, 162, 14, 10, PI
350, 234, 54, 18, FILIAÇÃO
340, 254, 248, 10, PUERTAS FRANKFURT BEGIATO
343, 291, 194, 11, ASAKA OTTA MERLINI
