156, 127, 49, 13, NOME
147, 138, 274, 12, GUSKUMA BRENTEL MAGANHATO
444, 228, 39, 16, CPF
436, 245, 178, 15, 525.708.368-00
727, 419, 57, 17, CAT. HAB.
742, 439, 9, 11, D
600, 480, 110, 17, 1ª HABILITAÇÃO
619, 499, 107, 14, 29/01/1987
421, 485, 69, 15, VALIDADE
426, 501, 107, 16, 12/11/1994
145, 486, 91, 18, Nº REGISTRO
185, 504, 114, 13, 99729428351
21, 357, 23, 158, VÁLIDA EM TODO
77, 348, 23, 183, 110566649
659, 225, 126, 18, DATA NASCIMENTO
652, 244, 107, 19, 22/01/2013
448, 172, 236, 15, DOC. IDENTIDADE/ÓRG EMISSOR UF
626, 190, 38, 10, SPTC
749, 189, 18, 10, PA
441, 186, 87, 17, 412832458
452, 278, 67, 17, FILIAÇÃO
441, 301, 250, 12, FABRIZIA EVANDRUS ZUTIN
440, 324, 91, 13, CARDOSO
439, 345, 241, 14, YASSUDA LANZARA SHIGEO
438, 369, 80, 10, TEIXEIRA
