151, 128, 56, 16, NOME
145, 147, 226, 12, MATAS MASUKO KAWACH
442, 238, 34, 19, CPF
436, 258, 149, 13, 974.683.376-67
724, 433, 59, 18, CAT. HAB.
736, 459, 8, 9, A
601, 494, 105, 18, 1ª HABILITAÇÃO
616, 516, 127, 16, 21/02/1963
414, 492, 72, 19, VALIDADE
423, 506, 126, 23, 17/04/1950
148, 489, 87, 19, Nº REGISTRO
182, 511, 118, 14, 13445220628
24, 344, 22, 163, VÁLIDA EM TODO
71, 353, 23, 192, 534195850
660, 240, 127, 18, DATA NASCIMENTO
647, 259, 105, 15, 23/02/1951
446, 181, 240, 19, DOC. IDENTIDADE/ÓRG EMISSOR UF
625, 206, 28, 10, SSP
748, 207, 19, 11, PB
435, 202, 104, 13, 758145111
451, 292, 60, 15, FILIAÇÃO
436, 312, 193, 13, JOMAR SCALIARIS
433, 358, 237, 14, CAIRE BOTTIGLIA C
436, 379, 115, 13, RODRIGUES
