170, 110, 50, 16, NOME
160, 126, 319, 12, JULIANDRA PERALTA TUBERTINI
469, 217, 32, 17, CPF
456, 235, 180, 19, 270.079.561-06
759, 411, 57, 21, CAT. HAB.
771, 435, 9, 11, C
631, 473, 108, 20, 1ª HABILITAÇÃO
645, 495, 126, 15, 27/07/2009
444, 473, 69, 21, VALIDADE
441, 495, 117, 16, 22/08/1963
163, 474, 90, 17, Nº REGISTRO
199, 495, 126, 13, 48241767851
24, 337, 24, 179, VÁLIDA EM TODO
85, 349, 24, 191, 067010521
694, 218, 123, 16, DATA NASCIMENTO
679, 235, 107, 13, 02/05/1964
467, 159, 247, 20, DOC. IDENTIDADE/ÓRG EMISSOR UF
462, 181, 86, 11, 807041361
653, 182, 38, 10, SESP
781, 181, 19, 11, PA
472, 268, 67, 20, FILIAÇÃO
460, 292, 273, 11, LUCOVEIC SUAIDEN AGUILERA
463, 314, 97, 12, RODRIGUES
460, 336, 311, 13, GIULIANO DEPETRI SPECHOT
461, 361, 68, 10, PEIXOTO
