118, 97, 40, 15, NOME
114, 116, 217, 10, FEDERLE CIURRIA SPANOS
352, 193, 29, 11, CPF
344, 206, 138, 11, 053.336.124-98
577, 358, 47, 13, CAT. HAB.
583, 376, 16, 8, AB
478, 405, 83, 20, 1ª HABILITAÇÃO
486, 421, 97, 18, 08/09/1952
329, 405, 60, 17, VALIDADE
335, 422, 95, 15, 12/03/1961
112, 401, 74, 17, Nº REGISTRO
138, 421, 107, 11, 20397867810
9, 279, 18, 137, VÁLIDA EM TODO
60, 302, 19, 162, 754943100
521, 191, 108, 16, DATA NASCIMENTO
517, 209, 95, 14, 21/02/1991
353, 145, 190, 14, DOC. IDENTIDADE/ÓRG EMISSOR UF
347, 161, 70, 11, 225968708
501, 164, 24, 7, SDS
592, 164, 17, 9, CE
350, 234, 60, 16, FILIAÇÃO
345, 253, 165, 10, SHNAIDER SOZZA MEDICE
344, 273, 97, 10, CAVALCANTI
347, 293, 187, 9, PETEAN TRASSI SOBRINO
345, 307, 79, 15, OLIVEIRA
