130, 111, 37, 18, NOME
124, 135, 207, 15, VANTIM NOBUOCHI GRAZI
369, 210, 26, 13, CPF
365, 232, 122, 14, 705.407.353-37
585, 379, 51, 15, CAT. HAB.
591, 402, 9, 9, A
492, 432, 85, 18, 1ª HABILITAÇÃO
490, 448, 107, 15, 25/11/2000
344, 431, 55, 17, VALIDADE
338, 449, 98, 13, 05/08/1977
129, 432, 75, 14, Nº REGISTRO
129, 450, 96, 10, 26981916908
20, 299, 17, 133, VÁLIDA EM TODO
58, 307, 19, 157, 271498772
533, 208, 105, 13, DATA NASCIMENTO
534, 230, 97, 14, 29/08/1997
369, 162, 207, 16, DOC. IDENTIDADE/ÓRG EMISSOR/UF
365, 184, 158, 11, 614289117 POM MG
370, 255, 49, 16, FILIAÇÃO
361, 282, 215, 10, MANFREDI SCHEVCIW VALLADARE
360, 304, 57, 10, SANTOS
363, 327, 226, 12, SIROTA CAMILE LISBO
