131, 131, 49, 14, NOME
125, 147, 294, 12, CHIARINELLI SEICO YOSHIYUKI
426, 229, 35, 22, CPF
419, 249, 192, 17, 949.289.930-20
713, 424, 57, 14, CAT. HAB.
726, 445, 10, 10, D
593, 485, 103, 18, 1ª HABILITAÇÃO
605, 504, 121, 15, 22/10/2001
406, 488, 67, 16, VALIDADE
410, 506, 106, 14, 11/08/1973
133, 492, 84, 15, Nº REGISTRO
164, 510, 129, 13, 22253654663
5, 350, 25, 165, VÁLIDA EM TODO
55, 342, 24, 191, 108084738
644, 228, 129, 16, DATA NASCIMENTO
635, 249, 107, 13, 27/06/1984
428, 177, 239, 15, DOC. IDENTIDADE/ÓRG EMISSOR UF
420, 198, 96, 14, 810152770
612, 197, 30, 11, SNJ
731, 195, 20, 11, RN
434, 283, 65, 17, FILIAÇÃO
421, 305, 263, 12, TOZO PINAFFO LICHTENTHAL
422, 350, 220, 13, MORISHIGUE BRUNNA 
423, 375, 85, 11, FERREIRA
