165, 123, 45, 20, NOME
155, 142, 237, 10, ROZAURO EDILEU MAGALHAES
452, 228, 33, 15, CPF
441, 245, 136, 11, 504.066.675-60
726, 408, 60, 19, CAT. HAB.
743, 434, 8, 9, A
600, 471, 107, 15, 1ª HABILITAÇÃO
617, 489, 107, 14, 15/11/1997
423, 474, 71, 13, VALIDADE
422, 489, 107, 15, 12/10/1967
155, 471, 83, 19, Nº REGISTRO
185, 488, 151, 15, 71438333118
32, 331, 21, 151, VÁLIDA EM TODO
78, 321, 31, 201, 787576117
662, 227, 129, 15, DATA NASCIMENTO
653, 243, 107, 15, 06/10/2008
455, 173, 234, 16, DOC. IDENTIDADE/ÓRG EMISSOR UF
450, 192, 94, 13, 434973361
632, 194, 34, 9, SPTC
753, 192, 22, 12, TO
456, 272, 64, 20, FILIAÇÃO
443, 296, 272, 12, OUROS TAKAYOSHI GALLEOTTI
438, 340, 260, 12, DALARME MOMENTE FUKUMORI
439, 363, 96, 12, CARVALHO
