121, 113, 40, 16, NOME
114, 128, 189, 15, VERAS LIZIA DARIANA
358, 205, 22, 13, CPF
348, 218, 148, 13, 785.426.950-54
581, 365, 45, 17, CAT. HAB.
593, 385, 8, 10, E
483, 419, 87, 17, 1ª HABILITAÇÃO
498, 435, 107, 15, 11/11/1957
337, 419, 60, 16, VALIDADE
340, 436, 97, 12, 19/04/1982
117, 419, 73, 16, Nº REGISTRO
144, 436, 128, 13, 91534781754
17, 288, 16, 139, VÁLIDA EM TODO
56, 297, 19, 148, 617877440
525, 202, 104, 13, DATA NASCIMENTO
515, 218, 98, 13, 09/09/1999
352, 154, 189, 17, DOC. IDENTIDADE/ÓRG EMISSOR UF
351, 174, 86, 11, 349287399
499, 173, 37, 9, SESP
597, 172, 18, 11, SC
359, 246, 55, 16, FILIAÇÃO
349, 259, 204, 17, CAUMO ZACCHI EDIL
350, 284, 53, 11, RAMOS
350, 301, 247, 12, SPINARDI LORDELLO BARUFFA
352, 321, 85, 11, FERREIRA
