136, 126, 58, 15, NOME
133, 143, 188, 10, BISETTI MIRHAN NAGY
435, 233, 35, 18, CPF
425, 251, 151, 13, 281.450.749-40
718, 425, 57, 19, CAT. HAB.
735, 449, 10, 11, E
589, 488, 114, 19, 1ª HABILITAÇÃO
611, 509, 98, 13, 09/12/2000
407, 487, 72, 18, VALIDADE
414, 506, 105, 14, 26/03/2011
134, 485, 91, 17, Nº REGISTRO
167, 502, 140, 14, 24215093286
11, 341, 23, 162, VÁLIDA EM TODO
68, 324, 24, 192, 824628360
650, 232, 124, 18, DATA NASCIMENTO
645, 251, 125, 16, 11/05/1995
436, 177, 246, 17, DOC. IDENTIDADE/ÓRG EMISSOR UF
430, 195, 98, 13, 503540274
622, 197, 30, 12, SES
744, 199, 18, 10, ES
440, 285, 64, 15, FILIAÇÃO
428, 307, 219, 12, SESTITO PRADA DANILA
426, 348, 278, 14, BRAGA ARAGAKI WASTHY
428, 374, 69, 10, DA MOTA
