170, 110, 50, 16, NOME
161, 126, 345, 12, STOFFELSHAUS FORESTI SLEPETYS
469, 217, 32, 17, CPF
457, 235, 178, 19, 874.503.506-70
759, 411, 57, 21, CAT. HAB.
772, 436, 18, 10, AB
631, 473, 108, 20, 1ª HABILITAÇÃO
645, 495, 126, 15, 28/02/1980
444, 473, 69, 21, VALIDADE
442, 495, 114, 16, 17/08/1981
163, 474, 90, 17, Nº REGISTRO
198, 495, 130, 13, 06259084058
24, 337, 24, 179, VÁLIDA EM TODO
85, 348, 24, 192, 466391280
694, 218, 123, 16, DATA NASCIMENTO
679, 235, 106, 13, 20/10/1971
467, 159, 247, 20, DOC. IDENTIDADE/ÓRG EMISSOR UF
464, 181, 86, 11, 914698199
653, 182, 26, 9, SDS
781, 181, 19, 11, PB
472, 268, 67, 20, FILIAÇÃO
459, 290, 217, 16, QUITAKAVA HADA VIGHI
462, 314, 65, 12, MENDES
460, 336, 311, 13, WOLFENSBERGER REISLA PAR
460, 361, 88, 10, RODRIGUES
