141, 110, 36, 15, NOME
134, 131, 196, 10, TRUCCO MITSUO HATAJIMA
378, 205, 24, 14, CPF
373, 229, 110, 10, 158.428.926-00
595, 377, 55, 17, CAT. HAB.
606, 402, 9, 10, C
501, 434, 89, 15, 1ª HABILITAÇÃO
505, 450, 96, 13, 11/01/1992
351, 429, 59, 17, VALIDADE
348, 450, 97, 12, 25/04/1988
137, 427, 77, 16, Nº REGISTRO
134, 446, 107, 11, 51250855584
15, 307, 19, 135, VÁLIDA EM TODO
56, 311, 20, 166, 079783903
543, 205, 105, 16, DATA NASCIMENTO
546, 229, 77, 12, 13/02/1956
376, 157, 210, 15, DOC. IDENTIDADE/ÓRG EMISSOR/UF
372, 180, 142, 10, 290045836 POF SP
379, 252, 52, 15, FILIAÇÃO
368, 278, 180, 10, CAPPELLO KAE OLAIO
370, 300, 70, 12, MENDES
371, 322, 187, 14, TAFARELLO VALDASTRI 
369, 351, 80, 15, OLIVEIRA
