122, 113, 40, 16, NOME
114, 128, 180, 10, TANURI GALON ZEILA
359, 205, 22, 13, CPF
347, 218, 151, 13, 488.134.306-80
582, 365, 45, 17, CAT. HAB.
594, 385, 8, 10, B
484, 419, 87, 17, 1ª HABILITAÇÃO
498, 435, 108, 14, 04/04/2003
338, 419, 60, 16, VALIDADE
341, 436, 97, 12, 12/03/1993
118, 419, 73, 16, Nº REGISTRO
145, 436, 129, 13, 50268286330
18, 288, 16, 139, VÁLIDA EM TODO
57, 299, 19, 147, 371946881
526, 202, 104, 13, DATA NASCIMENTO
517, 218, 97, 13, 25/11/2003
353, 154, 189, 17, DOC. IDENTIDADE/ÓRG EMISSOR UF
351, 174, 87, 11, 650219090
500, 173, 26, 9, SDS
596, 172, 20, 9, MG
360, 246, 55, 16, FILIAÇÃO
351, 264, 203, 12, BUONICONTI BATHOL
350, 284, 54, 11, VIANA
350, 303, 248, 13, KOMODA LAURENTIIS JAQUIER
351, 321, 88, 11, CARVALHO
