146, 130, 50, 18, NOME
141, 149, 218, 12, FILETO RUBIM SAOTOME
443, 236, 35, 18, CPF
437, 250, 177, 20, 163.997.220-04
726, 431, 62, 16, CAT. HAB.
742, 452, 10, 11, C
601, 494, 114, 15, 1ª HABILITAÇÃO
620, 511, 127, 15, 02/02/1994
418, 494, 70, 16, VALIDADE
425, 510, 107, 15, 28/10/1966
142, 486, 91, 22, Nº REGISTRO
182, 509, 137, 14, 32902867105
10, 350, 25, 163, VÁLIDA EM TODO
72, 331, 24, 193, 595261215
655, 237, 135, 16, DATA NASCIMENTO
652, 255, 107, 16, 16/05/2015
445, 182, 239, 19, DOC. IDENTIDADE/ÓRG EMISSOR UF
437, 199, 96, 13, 325739171
628, 204, 38, 11, SPTC
748, 202, 22, 12, MG
450, 287, 66, 20, FILIAÇÃO
437, 307, 209, 19, TIE LEUSIN DERENCIO
436, 356, 262, 12, MARIELLA AVANSI NORONH
436, 377, 96, 12, CARVALHO
