137, 110, 40, 13, NOME
128, 132, 197, 10, HSIANG PIANCA ISSLER
376, 202, 28, 15, CPF
350, 219, 150, 13, 060.038.473-01
601, 372, 63, 15, CAT. HAB.
604, 392, 8, 9, D
538, 417, 107, 16, 1ª HABILITAÇÃO
522, 435, 106, 15, 20/08/1967
389, 418, 68, 16, VALIDADE
358, 435, 97, 13, 27/11/1952
138, 417, 87, 15, Nº REGISTRO
154, 436, 119, 13, 04653890168
12, 298, 19, 137, VÁLIDA EM TODO
52, 290, 20, 166, 188931985
541, 199, 126, 15, DATA NASCIMENTO
539, 219, 98, 12, 02/10/1970
377, 154, 242, 14, DOC. IDENTIDADE/ÓRG EMISSOR/UF
351, 171, 157, 11, 001690875 SDS BA
375, 247, 63, 16, FILIAÇÃO
348, 268, 179, 10, KUBA GERKEN FURUYA
349, 316, 261, 12, MAEZONO BENDAZOLI ROSELI
349, 340, 76, 11, MARTINS
