176, 140, 47, 15, NOME
167, 154, 286, 12, OKINOKABU PALMEIRA HOERNER
472, 244, 31, 15, CPF
462, 259, 149, 13, 970.217.756-10
752, 432, 60, 19, CAT. HAB.
771, 457, 6, 8, D
628, 497, 113, 17, 1ª HABILITAÇÃO
648, 515, 118, 16, 07/07/2000
448, 498, 67, 14, VALIDADE
454, 507, 126, 23, 09/01/1977
176, 496, 86, 22, Nº REGISTRO
210, 516, 139, 14, 22869628838
37, 354, 23, 162, VÁLIDA EM TODO
98, 347, 24, 194, 211458403
687, 241, 124, 13, DATA NASCIMENTO
677, 259, 105, 15, 31/10/1959
474, 187, 234, 17, DOC. IDENTIDADE/ÓRG EMISSOR UF
466, 205, 93, 12, 335505107
654, 204, 46, 12, SPTC
775, 204, 22, 12, MG
476, 293, 63, 16, FILIAÇÃO
463, 315, 264, 11, MANGO STUPELLO PESSOLATO
465, 335, 60, 12, COSTA
463, 360, 231, 12, MISSATO SEMEGHINI BER
464, 383, 57, 12, LOPES
