133, 107, 37, 16, NOME
129, 126, 174, 9, CONTATO MADRID ACCIARI
378, 202, 29, 16, CPF
373, 230, 136, 11, 335.009.478-32
605, 387, 49, 17, CAT. HAB.
611, 413, 10, 10, C
509, 442, 90, 19, 1ª HABILITAÇÃO
514, 462, 125, 16, 13/02/1978
354, 444, 60, 16, VALIDADE
344, 464, 107, 13, 20/05/1980
133, 440, 73, 16, Nº REGISTRO
129, 463, 95, 10, 32924879647
14, 304, 17, 135, VÁLIDA EM TODO
52, 297, 21, 174, 016551788
291, 288, -18, -11, DATA NASCIMENTO
554, 232, 79, 11, 25/06/2017
344, 343, -6, -19, DOC. IDENTIDADE/ÓRG EMISSOR/UF
373, 178, 157, 11, 664665105 POF MG
379, 252, 58, 19, FILIAÇÃO
371, 283, 198, 10, SINNHOFER NOEREMBERG
371, 335, 188, 10, PETRARCA CHRISTIANO
374, 358, 52, 11, PIRES
