128, 106, 35, 11, NOME
115, 122, 227, 10, GUIRALDELI HANASILO MOI
354, 193, 27, 17, CPF
342, 214, 149, 16, 900.659.102-57
562, 365, 55, 14, CAT. HAB.
580, 386, 7, 10, E
511, 413, 89, 13, 1ª HABILITAÇÃO
497, 428, 107, 18, 29/01/1963
369, 411, 55, 13, VALIDADE
341, 427, 96, 12, 30/09/1962
127, 408, 72, 17, Nº REGISTRO
147, 426, 118, 13, 69595872076
17, 291, 18, 130, VÁLIDA EM TODO
63, 318, 24, 141, 057868450
517, 196, 104, 17, DATA NASCIMENTO
512, 214, 97, 15, 03/11/1976
357, 152, 205, 15, DOC. IDENTIDADE/ÓRG EMISSOR/UF
341, 168, 166, 12, 470526907 SPTC RR
357, 243, 52, 14, FILIAÇÃO
345, 263, 196, 11, MITIE LUPIANHAS CE
346, 285, 76, 12, RIBEIRO
346, 314, 230, 11, BERTONCELLO ROUSE KUL
