117, 115, 40, 15, NOME
109, 130, 179, 9, MARIOTTO GALVEZ HOSS
349, 203, 25, 15, CPF
341, 219, 136, 12, 943.735.282-84
574, 367, 48, 15, CAT. HAB.
586, 386, 7, 10, E
476, 422, 87, 13, 1ª HABILITAÇÃO
490, 435, 106, 15, 23/10/2002
333, 422, 55, 15, VALIDADE
332, 437, 88, 14, 23/11/2008
115, 420, 68, 15, Nº REGISTRO
140, 439, 107, 11, 58151446078
17, 296, 17, 127, VÁLIDA EM TODO
62, 299, 20, 162, 168830911
521, 204, 100, 13, DATA NASCIMENTO
514, 218, 97, 13, 01/01/2009
349, 156, 188, 15, DOC. IDENTIDADE/ÓRG EMISSOR UF
494, 173, 22, 9, SNJ
592, 173, 15, 9, GO
345, 173, 68, 10, 263222135
351, 247, 54, 18, FILIAÇÃO
344, 265, 207, 12, SANTINA TANKEVICIUS
345, 303, 229, 12, ZAHAILA GALHARDI TOCH
