119, 107, 37, 11, NOME
114, 119, 235, 10, PRANCHA VERGUEIRO BUCCHI
353, 191, 26, 14, CPF
342, 207, 136, 16, 357.012.367-73
574, 352, 52, 15, CAT. HAB.
585, 371, 8, 10, B
478, 404, 90, 16, 1ª HABILITAÇÃO
492, 420, 106, 14, 20/06/2005
333, 408, 57, 15, VALIDADE
336, 422, 97, 17, 16/10/1962
118, 408, 69, 15, Nº REGISTRO
145, 425, 106, 13, 82587310684
18, 292, 19, 140, VÁLIDA EM TODO
60, 280, 21, 173, 611618107
519, 190, 106, 14, DATA NASCIMENTO
516, 204, 98, 15, 12/04/1977
354, 146, 185, 12, DOC. IDENTIDADE/ÓRG EMISSOR UF
343, 161, 79, 10, 632222785
494, 162, 24, 7, SDS
594, 162, 15, 7, PR
356, 234, 55, 17, FILIAÇÃO
347, 251, 219, 12, BOTTEON SERVILHA HUB
344, 291, 217, 12, CHRISTY BUGELLI SUYAMI
356, 311, 52, 9, DUARTE
