147, 128, 47, 18, NOME
139, 150, 257, 10, SCIASCIA BREGAGNOLLO NEDER
450, 239, 34, 20, CPF
439, 257, 192, 15, 242.640.305-52
741, 435, 61, 17, CAT. HAB.
755, 459, 8, 11, E
615, 498, 111, 19, 1ª HABILITAÇÃO
628, 519, 117, 16, 03/12/2017
425, 497, 70, 17, VALIDADE
431, 517, 127, 16, 03/10/2004
146, 497, 88, 17, Nº REGISTRO
178, 516, 139, 14, 60002095827
10, 360, 26, 165, VÁLIDA EM TODO
73, 344, 32, 210, 577984855
668, 241, 133, 16, DATA NASCIMENTO
661, 259, 123, 16, 13/05/2011
450, 180, 247, 20, DOC. IDENTIDADE/ÓRG EMISSOR UF
441, 203, 94, 12, 374046700
636, 204, 31, 12, SDS
762, 205, 21, 12, BA
454, 291, 67, 17, FILIAÇÃO
442, 314, 292, 17, MITICO CARRASCOSSA QU
442, 339, 65, 11, MENDES
444, 361, 246, 13, GALVEZ CONTTE TUILA
445, 383, 87, 12, SILVEIRA
