125, 114, 37, 12, NOME
115, 133, 228, 10, RISK TORREALBA ARETUZZA
361, 205, 24, 15, CPF
344, 224, 136, 13, 352.639.442-33
570, 373, 54, 15, CAT. HAB.
586, 394, 16, 9, AB
517, 421, 92, 13, 1ª HABILITAÇÃO
507, 436, 106, 18, 17/09/2016
374, 419, 57, 14, VALIDADE
339, 435, 102, 16, 30/01/1990
128, 420, 75, 16, Nº REGISTRO
145, 438, 118, 12, 02511578598
15, 291, 18, 137, VÁLIDA EM TODO
63, 300, 24, 177, 236401972
521, 205, 106, 16, DATA NASCIMENTO
520, 218, 97, 20, 18/04/1960
362, 159, 208, 16, DOC. IDENTIDADE/ÓRG EMISSOR/UF
494, 179, 24, 9, SJS
342, 177, 71, 10, 835734080
572, 180, 15, 7, PR
359, 253, 53, 15, FILIAÇÃO
351, 273, 186, 10, DREWS SIPRIANI COLI
349, 322, 209, 12, CALANDRIN XASTRE HUAN
349, 348, 99, 10, NASCIMENTO
