115, 115, 40, 15, NOME
109, 131, 208, 11, ALIKA FATIBELLO LAUER
351, 205, 27, 16, CPF
343, 220, 151, 12, 860.417.105-39
346, 370, 64, 13, PERMISSÃO
343, 378, 106, 20, PERMISSÃO
576, 366, 51, 17, CAT. HAB.
581, 387, 10, 11, C
478, 419, 85, 15, 1ª HABILITAÇÃO
485, 436, 97, 15, 22/09/1987
328, 421, 61, 14, VALIDADE
330, 434, 96, 18, 09/05/1951
112, 420, 72, 17, Nº REGISTRO
137, 439, 107, 11, 52023331719
9, 297, 19, 146, VÁLIDA EM TODO
56, 309, 24, 149, 840812526
524, 203, 97, 15, DATA NASCIMENTO
511, 220, 97, 13, 09/05/1969
347, 156, 193, 16, DOC. IDENTIDADE/ÓRG EMISSOR UF
344, 176, 78, 11, 878640897
493, 177, 24, 13, SSP
590, 176, 15, 7, SP
352, 247, 55, 17, FILIAÇÃO
342, 267, 189, 10, MALVESTIO BARAO CUR
342, 282, 69, 15, MARTINS
345, 306, 219, 10, GAUER PACANELLI MANDAR
