119, 106, 37, 11, NOME
114, 118, 227, 10, PICCHETTI FANNY AGUSTIN
353, 190, 26, 14, CPF
341, 206, 137, 12, 130.904.052-45
574, 351, 52, 15, CAT. HAB.
585, 370, 8, 10, B
478, 403, 90, 16, 1ª HABILITAÇÃO
491, 419, 107, 14, 04/04/1975
333, 407, 57, 15, VALIDADE
336, 421, 95, 17, 27/01/1951
118, 407, 69, 15, Nº REGISTRO
145, 424, 105, 11, 46896556631
18, 291, 19, 140, VÁLIDA EM TODO
60, 279, 21, 175, 305943470
519, 189, 106, 14, DATA NASCIMENTO
517, 204, 97, 14, 08/03/2017
354, 145, 185, 12, DOC. IDENTIDADE/ÓRG EMISSOR UF
345, 160, 76, 14, 330976072
494, 160, 24, 9, SJS
593, 161, 15, 7, RS
356, 233, 55, 17, FILIAÇÃO
347, 250, 219, 12, DALEL WALTRICK SILVE
345, 290, 199, 10, ROSEMARY HELEN RITTA
356, 310, 61, 9, RIBEIRO
