135, 125, 58, 15, NOME
132, 138, 209, 14, RIDIGOLO PAYAR SUMITA
434, 232, 35, 18, CPF
423, 250, 152, 13, 056.283.611-00
717, 424, 57, 19, CAT. HAB.
734, 448, 10, 11, E
588, 487, 114, 19, 1ª HABILITAÇÃO
611, 508, 97, 13, 22/08/1995
406, 486, 72, 18, VALIDADE
413, 505, 107, 14, 18/12/1963
133, 484, 91, 17, Nº REGISTRO
166, 501, 137, 14, 27543342281
10, 340, 23, 162, VÁLIDA EM TODO
67, 322, 24, 193, 399157895
649, 231, 124, 18, DATA NASCIMENTO
644, 250, 123, 16, 14/10/1961
435, 176, 246, 17, DOC. IDENTIDADE/ÓRG EMISSOR UF
433, 194, 94, 13, 994374094
621, 196, 31, 12, SSP
742, 198, 20, 9, MG
439, 284, 64, 15, FILIAÇÃO
427, 306, 219, 12, MAZI CRISTINE PETINE
425, 347, 278, 14, TAUHYL YASUKO OSSADA
427, 373, 88, 10, RODRIGUES
