137, 103, 41, 12, NOME
133, 124, 271, 11, PALMITESTA ROTELLI ARMOND
376, 194, 29, 18, CPF
354, 213, 136, 11, 571.466.788-30
595, 366, 61, 13, CAT. HAB.
605, 383, 15, 9, AB
534, 408, 103, 18, 1ª HABILITAÇÃO
524, 427, 106, 14, 30/09/2005
388, 408, 65, 17, VALIDADE
363, 426, 96, 13, 08/03/1962
143, 406, 84, 13, Nº REGISTRO
164, 424, 116, 13, 95881349069
26, 286, 17, 138, VÁLIDA EM TODO
71, 267, 21, 176, 700532476
542, 197, 121, 15, DATA NASCIMENTO
538, 213, 96, 15, 13/04/2005
378, 149, 241, 15, DOC. IDENTIDADE/ÓRG EMISSOR/UF
352, 165, 143, 10, 065867105 SEJ MG
374, 241, 66, 15, FILIAÇÃO
351, 257, 167, 21, NA GAZOLLA PINESE
352, 284, 59, 10, MENDES
352, 306, 250, 12, LOCOSELLI BORRACHA BO
348, 330, 58, 10, CAMPOS
