150, 129, 49, 20, NOME
141, 149, 287, 12, GIRALDES KANAMURA JULIUS
445, 238, 32, 15, CPF
433, 257, 149, 14, 505.218.527-81
725, 431, 64, 13, CAT. HAB.
742, 451, 9, 11, C
605, 491, 106, 19, 1ª HABILITAÇÃO
619, 511, 107, 15, 23/10/1978
418, 491, 76, 21, VALIDADE
426, 509, 126, 17, 29/07/1952
148, 490, 93, 21, Nº REGISTRO
182, 513, 130, 13, 00789391120
17, 348, 23, 171, VÁLIDA EM TODO
69, 345, 23, 190, 059986320
659, 236, 130, 16, DATA NASCIMENTO
650, 255, 107, 14, 23/05/1969
442, 182, 242, 15, DOC. IDENTIDADE/ÓRG EMISSOR UF
626, 202, 27, 10, SNJ
748, 202, 18, 10, BA
438, 201, 86, 11, 971524920
442, 287, 75, 17, FILIAÇÃO
435, 310, 283, 12, CAMPEIRO DIPOLITTO MASUTTI
437, 355, 208, 12, KELLI GIKAS CANTANO
438, 378, 70, 12, DUARTE
