111, 112, 41, 15, NOME
106, 123, 238, 15, KOKUMAI PEDRAZOLLI KNORR
343, 203, 30, 13, CPF
337, 219, 123, 11, 292.266.956-44
572, 366, 49, 14, CAT. HAB.
585, 384, 9, 10, A
475, 420, 82, 14, 1ª HABILITAÇÃO
486, 436, 108, 13, 29/04/1976
330, 420, 52, 15, VALIDADE
331, 435, 105, 13, 10/01/2012
107, 419, 74, 16, Nº REGISTRO
136, 436, 118, 12, 45270057923
8, 292, 19, 135, VÁLIDA EM TODO
-1, 55, 171, 19, 580503100
516, 202, 105, 13, DATA NASCIMENTO
510, 218, 97, 13, 24/01/1995
345, 157, 188, 12, DOC. IDENTIDADE/ÓRG EMISSOR UF
487, 173, 24, 9, SJS
341, 171, 69, 10, 249026776
589, 172, 16, 10, PE
348, 246, 54, 14, FILIAÇÃO
339, 266, 232, 9, LISSIENE LAVIGNATTI VILALV
342, 303, 210, 10, CONSOLIN BIANCHESSI G
341, 323, 50, 10, MOURA
