137, 107, 36, 13, NOME
131, 128, 259, 10, WERUTSKY RINALDELLI TANNAS
374, 205, 25, 13, CPF
368, 227, 137, 12, 403.253.855-72
591, 375, 55, 18, CAT. HAB.
596, 401, 8, 9, C
495, 429, 91, 18, 1ª HABILITAÇÃO
496, 449, 107, 13, 14/10/2010
344, 424, 60, 21, VALIDADE
339, 445, 95, 14, 23/02/2001
128, 423, 77, 17, Nº REGISTRO
126, 442, 107, 12, 69409037429
8, 299, 17, 143, VÁLIDA EM TODO
48, 279, 23, 184, 756157480
539, 203, 106, 20, DATA NASCIMENTO
536, 228, 97, 15, 29/01/2018
375, 156, 206, 19, DOC. IDENTIDADE/ÓRG EMISSOR/UF
366, 179, 169, 11, 585530245 SPTC GO
372, 251, 52, 16, FILIAÇÃO
365, 276, 151, 9, AGUILLAR FUMENI B
365, 300, 58, 10, BARROS
364, 324, 158, 10, STELLUTTI BRIZAN
365, 349, 89, 9, NASCIMENTO
