155, 128, 51, 12, NOME
146, 143, 323, 13, NAGATOMO DONATIELLO BENSE
448, 235, 46, 15, CPF
444, 252, 151, 13, 151.554.043-04
741, 426, 63, 16, CAT. HAB.
757, 448, 10, 11, E
618, 486, 107, 16, 1ª HABILITAÇÃO
630, 508, 107, 15, 02/07/1992
158, 487, 89, 17, Nº REGISTRO
194, 505, 137, 14, 94805008881
436, 489, 63, 15, VÁLIDA EM TODO
88, 352, 23, 198, 876279610
34, 336, 24, 170, VALIDADE
439, 506, 107, 16, 12/10/1976
669, 234, 135, 14, DATA NASCIMENTO
662, 252, 95, 12, 25/08/1981
453, 178, 246, 20, DOC. IDENTIDADE/ÓRG EMISSOR UF
447, 196, 95, 12, 702456925
635, 198, 31, 11, SJS
757, 198, 19, 10, BA
457, 283, 67, 19, FILIAÇÃO
446, 306, 253, 15, MARQUESI LEMUEL PELISSO
449, 329, 76, 12, RIBEIRO
447, 351, 238, 10, KAROLSKI TOYOKAWA ADELLE
448, 374, 65, 12, MORAES
