123, 101, 43, 14, NOME
116, 123, 236, 11, SERAPHIM GALLUZZI BONINI
358, 193, 33, 13, CPF
336, 210, 137, 13, 263.128.200-09
583, 364, 61, 12, CAT. HAB.
594, 380, 18, 10, AB
522, 409, 102, 15, 1ª HABILITAÇÃO
508, 426, 97, 14, 05/09/2018
374, 406, 69, 17, VALIDADE
344, 426, 96, 13, 23/04/1960
120, 409, 91, 15, Nº REGISTRO
138, 428, 108, 11, 01632557054
10, 287, 25, 142, VÁLIDA EM TODO
56, 263, 23, 191, 675959007
524, 193, 123, 13, DATA NASCIMENTO
521, 210, 97, 13, 22/08/1983
359, 146, 242, 14, DOC. IDENTIDADE/ÓRG EMISSOR/UF
336, 162, 150, 12, 920677368 SESP CE
362, 238, 59, 14, FILIAÇÃO
337, 258, 218, 10, LEONILDO ALBIERO ARNUS
336, 282, 50, 11, COSTA
336, 305, 262, 12, SHINODA VINAGREIRO MAL
334, 330, 80, 10, OLIVEIRA
