135, 125, 58, 15, NOME
131, 142, 219, 10, MOREIRA DAMASIO FUKASE
434, 232, 35, 18, CPF
423, 250, 152, 13, 012.108.671-25
717, 424, 57, 19, CAT. HAB.
734, 447, 21, 12, AB
588, 487, 114, 19, 1ª HABILITAÇÃO
611, 508, 97, 13, 22/10/2018
406, 486, 72, 18, VALIDADE
413, 505, 107, 14, 11/04/1952
133, 484, 91, 17, Nº REGISTRO
167, 501, 138, 14, 17783414533
10, 340, 23, 162, VÁLIDA EM TODO
67, 322, 24, 193, 340411133
649, 231, 124, 18, DATA NASCIMENTO
642, 250, 127, 16, 09/11/1954
435, 176, 246, 17, DOC. IDENTIDADE/ÓRG EMISSOR UF
432, 194, 95, 13, 312838098
621, 196, 30, 12, SES
743, 198, 17, 10, RS
439, 284, 64, 15, FILIAÇÃO
427, 306, 218, 12, APRILE MAUNA NYCOLAS
425, 347, 235, 14, MARTINEZ SNG SAIS
426, 373, 49, 10, JESUS
