127, 95, 38, 15, NOME
123, 114, 229, 10, MAKOTO ONICELIA VOEROES
360, 190, 27, 12, CPF
353, 204, 137, 12, 165.164.332-67
582, 355, 48, 14, CAT. HAB.
593, 375, 7, 10, E
485, 407, 87, 16, 1ª HABILITAÇÃO
495, 425, 96, 13, 10/02/2006
339, 404, 61, 17, VALIDADE
343, 423, 97, 13, 28/05/1972
122, 404, 77, 14, Nº REGISTRO
152, 421, 117, 17, 49707373524
17, 275, 18, 143, VÁLIDA EM TODO
61, 269, 20, 165, 914703850
533, 191, 101, 13, DATA NASCIMENTO
521, 206, 107, 13, 12/08/1950
358, 145, 192, 13, DOC. IDENTIDADE/ÓRG EMISSOR UF
353, 155, 78, 14, 604400330
505, 162, 24, 9, SJS
604, 163, 15, 7, PR
361, 232, 53, 16, FILIAÇÃO
359, 252, 214, 13, IAMNHUQUE MEN MEAZZINI
357, 271, 37, 9, SALES
354, 291, 228, 10, VEDOLIN ESTRACANHOLLI E
