128, 112, 41, 19, NOME
122, 131, 248, 11, PICHELLI LURIKO JOSENEI
358, 211, 30, 11, CPF
350, 224, 151, 14, 750.660.053-66
580, 376, 58, 14, CAT. HAB.
596, 395, 6, 8, E
484, 427, 87, 15, 1ª HABILITAÇÃO
500, 444, 108, 17, 05/07/1963
337, 429, 66, 12, VALIDADE
340, 443, 96, 13, 08/01/1971
121, 427, 72, 12, Nº REGISTRO
145, 443, 106, 12, 34223777547
22, 297, 16, 140, VÁLIDA EM TODO
61, 312, 20, 177, 865058258
531, 210, 104, 14, DATA NASCIMENTO
524, 226, 97, 12, 28/04/1986
360, 160, 189, 19, DOC. IDENTIDADE/ÓRG EMISSOR UF
354, 179, 69, 9, 178770310
504, 181, 23, 8, POM
602, 180, 19, 10, BA
361, 251, 57, 16, FILIAÇÃO
352, 273, 219, 10, MASTROPASCHOA SIERRA S
355, 290, 76, 11, MARTINS
355, 307, 209, 20, APOVIAN HARUE CARNERO
356, 329, 47, 11, PIRES
