158, 128, 48, 16, NOME
153, 138, 321, 13, IBANHES FRUTEIRO ADRIELLY
451, 228, 36, 14, CPF
443, 245, 151, 17, 457.594.972-86
735, 417, 59, 15, CAT. HAB.
745, 440, 21, 12, AB
608, 478, 109, 17, 1ª HABILITAÇÃO
628, 499, 107, 14, 11/03/1978
426, 479, 70, 24, VALIDADE
433, 505, 107, 13, 19/04/1993
156, 487, 90, 17, Nº REGISTRO
193, 507, 107, 11, 26997991924
22, 345, 21, 163, VÁLIDA EM TODO
71, 330, 32, 201, 485157320
668, 224, 123, 17, DATA NASCIMENTO
655, 242, 107, 14, 20/08/1956
454, 172, 236, 15, DOC. IDENTIDADE/ÓRG EMISSOR UF
445, 192, 87, 11, 157263320
632, 190, 31, 11, SDS
752, 189, 18, 9, BA
456, 279, 66, 17, FILIAÇÃO
447, 300, 205, 11, ROIUK PINSETTA LUCI
448, 322, 96, 11, FERNANDES
444, 344, 238, 12, NYKO DARGEL GIACOMETTI
447, 369, 70, 12, DUARTE
