140, 135, 47, 19, NOME
131, 154, 340, 13, MECHI FERRARONI MONTAGNERI
415, 251, 35, 16, CPF
405, 269, 178, 16, 869.859.147-72
681, 458, 58, 19, CAT. HAB.
697, 483, 9, 10, A
567, 524, 107, 19, 1ª HABILITAÇÃO
584, 545, 127, 16, 04/06/1962
394, 521, 66, 22, VALIDADE
402, 541, 127, 17, 25/02/1966
139, 520, 87, 19, Nº REGISTRO
170, 543, 140, 14, 71322028933
24, 375, 20, 163, VÁLIDA EM TODO
71, 408, 23, 182, 906704590
615, 252, 126, 17, DATA NASCIMENTO
607, 271, 125, 16, 14/08/1982
416, 192, 222, 17, DOC. IDENTIDADE/ÓRG EMISSOR UF
410, 211, 104, 13, 174243960
588, 214, 32, 12, POF
699, 214, 21, 10, MG
421, 305, 62, 20, FILIAÇÃO
412, 330, 229, 11, DONGIU JOANELLI NENIS
410, 353, 54, 11, MOURA
411, 379, 240, 11, PYTEL KAERIYAMA MAROSO
412, 402, 58, 12, ALVES
