127, 100, 38, 15, NOME
123, 115, 195, 12, POLICANO GUELI MAK
357, 192, 27, 15, CPF
350, 209, 137, 12, 564.284.501-27
583, 357, 47, 15, CAT. HAB.
587, 378, 10, 8, D
482, 409, 87, 17, 1ª HABILITAÇÃO
490, 426, 102, 13, 15/10/1984
339, 409, 52, 15, VALIDADE
343, 424, 107, 13, 04/06/1964
119, 406, 79, 15, Nº REGISTRO
154, 425, 106, 11, 98683347748
23, 288, 16, 142, VÁLIDA EM TODO
64, 295, 19, 150, 472648903
528, 194, 103, 14, DATA NASCIMENTO
521, 210, 86, 12, 08/07/1962
360, 147, 187, 14, DOC. IDENTIDADE/ÓRG EMISSOR UF
354, 163, 77, 12, 750811997
502, 165, 24, 8, POF
601, 165, 17, 9, PR
360, 238, 55, 15, FILIAÇÃO
353, 256, 206, 11, VASQUEZ AVELINO CARELLY
354, 294, 156, 10, KNUD VOROS MUKAI
