150, 129, 56, 16, NOME
144, 148, 226, 12, MOBI MARTIELO PARIZ
441, 239, 34, 19, CPF
433, 259, 151, 13, 959.795.736-15
723, 434, 59, 18, CAT. HAB.
734, 459, 9, 11, C
600, 495, 105, 18, 1ª HABILITAÇÃO
615, 517, 127, 16, 28/09/1979
413, 493, 72, 19, VALIDADE
422, 507, 126, 23, 30/10/1985
147, 490, 87, 19, Nº REGISTRO
180, 512, 119, 14, 01211997625
23, 345, 22, 163, VÁLIDA EM TODO
70, 356, 23, 189, 621734124
659, 241, 127, 18, DATA NASCIMENTO
645, 260, 108, 16, 09/11/1975
445, 182, 240, 19, DOC. IDENTIDADE/ÓRG EMISSOR UF
624, 207, 26, 10, SDS
745, 208, 21, 11, MA
436, 203, 104, 13, 115545219
450, 293, 60, 15, FILIAÇÃO
435, 313, 207, 13, JATIR CASPANI CA
432, 359, 234, 14, VILHENA TAMAROZZI
435, 380, 76, 13, BARROS
