147, 131, 50, 18, NOME
142, 150, 240, 17, FARONI DARIEN MORDENTE
444, 237, 35, 18, CPF
436, 256, 180, 15, 287.793.311-30
727, 432, 62, 16, CAT. HAB.
744, 453, 8, 11, E
602, 495, 114, 15, 1ª HABILITAÇÃO
623, 512, 125, 15, 19/07/1990
419, 495, 70, 16, VALIDADE
425, 511, 107, 15, 03/11/1957
143, 487, 91, 22, Nº REGISTRO
182, 510, 139, 14, 91253185458
11, 351, 25, 163, VÁLIDA EM TODO
73, 334, 24, 192, 256185304
656, 238, 135, 16, DATA NASCIMENTO
652, 257, 106, 15, 02/02/1991
446, 183, 239, 19, DOC. IDENTIDADE/ÓRG EMISSOR UF
440, 200, 97, 14, 405854699
629, 205, 38, 10, SESP
750, 203, 21, 12, AM
451, 288, 66, 20, FILIAÇÃO
438, 307, 264, 20, CARMIGNANI ARAZAWA DESTA
436, 357, 252, 12, TIOSSI MONCAYO PAGOTO
438, 378, 70, 12, MENDES
