151, 128, 38, 17, NOME
138, 147, 295, 12, LILYAN BORTOLOTI GARDUCCI
416, 235, 31, 17, CPF
402, 253, 151, 17, 669.948.252-13
664, 425, 66, 19, CAT. HAB.
686, 449, 22, 12, AB
593, 484, 117, 15, 1ª HABILITAÇÃO
587, 502, 116, 16, 13/07/1999
437, 483, 64, 17, VALIDADE
401, 502, 125, 16, 12/09/2013
150, 485, 86, 18, Nº REGISTRO
168, 504, 151, 15, 96877796786
20, 344, 21, 160, VÁLIDA EM TODO
71, 346, 23, 193, 280779302
608, 229, 122, 15, DATA NASCIMENTO
602, 250, 118, 16, 04/08/2019
415, 181, 250, 16, DOC. IDENTIDADE/ÓRG EMISSOR/UF
404, 199, 94, 14, 517534861
574, 200, 33, 8, SESP
671, 198, 21, 10, MG
413, 288, 69, 19, FILIAÇÃO
403, 306, 279, 17, ROSALVO CHRISTINA DESTE
403, 369, 219, 12, TIEKO CASSIARI SACAY
408, 399, 89, 13, DA CRUZ
