137, 100, 36, 11, NOME
127, 118, 197, 9, ORMENEZE GUGLIELMI TAY
366, 190, 23, 14, CPF
356, 213, 138, 11, 828.182.765-35
573, 362, 49, 15, CAT. HAB.
579, 386, 7, 8, A
479, 414, 90, 15, 1ª HABILITAÇÃO
492, 429, 97, 14, 06/06/1980
339, 411, 57, 15, VALIDADE
332, 428, 97, 11, 27/06/1975
132, 407, 71, 16, Nº REGISTRO
145, 425, 117, 12, 63807331848
18, 285, 15, 140, VÁLIDA EM TODO
54, 267, 21, 178, 600929651
525, 195, 97, 15, DATA NASCIMENTO
524, 211, 87, 17, 11/07/1998
366, 147, 200, 16, DOC. IDENTIDADE/ÓRG EMISSOR/UF
360, 166, 158, 11, 681819674 POM SP
364, 239, 50, 13, FILIAÇÃO
359, 262, 206, 10, IACONELLI MILANEZ ASS
355, 285, 60, 10, CASTRO
356, 311, 187, 9, DALBERG DORIGAN RAIZE
