122, 102, 39, 13, NOME
118, 116, 187, 10, SALES GALLEGOS REIMAO
354, 194, 25, 12, CPF
346, 208, 138, 15, 816.101.615-13
578, 356, 50, 15, CAT. HAB.
593, 376, 7, 8, E
482, 411, 83, 16, 1ª HABILITAÇÃO
492, 426, 96, 13, 23/02/1976
337, 410, 53, 13, VALIDADE
344, 419, 96, 19, 30/06/1978
120, 409, 70, 18, Nº REGISTRO
147, 426, 106, 11, 26662214606
19, 288, 17, 130, VÁLIDA EM TODO
69, 296, 18, 139, 145038323
525, 192, 99, 15, DATA NASCIMENTO
520, 204, 97, 19, 20/01/2014
355, 144, 189, 15, DOC. IDENTIDADE/ÓRG EMISSOR UF
499, 163, 25, 9, SNJ
597, 163, 15, 9, PE
348, 162, 79, 13, 640929217
359, 236, 51, 13, FILIAÇÃO
350, 255, 179, 10, JADIEL ZOMER ZAPLANA
349, 273, 88, 12, OLIVEIRA
348, 293, 179, 11, MARAR EBOLI CALOCH
352, 312, 76, 12, ALMEIDA
