119, 100, 46, 14, NOME
113, 116, 252, 11, BRAGUIERI BRADNA VASILC
353, 193, 26, 13, CPF
344, 207, 150, 15, 290.698.191-55
575, 356, 50, 17, CAT. HAB.
589, 377, 8, 9, A
478, 411, 84, 14, 1ª HABILITAÇÃO
490, 425, 108, 14, 13/03/1986
334, 409, 50, 16, VALIDADE
333, 425, 106, 13, 26/06/2017
112, 404, 71, 17, Nº REGISTRO
140, 423, 118, 14, 85652449733
15, 288, 18, 131, VÁLIDA EM TODO
62, 294, 24, 149, 014667897
523, 194, 103, 13, DATA NASCIMENTO
515, 209, 98, 13, 06/03/1953
352, 145, 189, 14, DOC. IDENTIDADE/ÓRG EMISSOR UF
344, 161, 79, 10, 868286084
496, 164, 31, 9, SPTC
593, 164, 20, 8, MG
354, 236, 52, 15, FILIAÇÃO
345, 254, 199, 10, ALYNE WEIDLE RAFACHO
346, 293, 193, 11, FLAMINIO CANTARELI
345, 310, 59, 10, MORAES
