128, 106, 35, 11, NOME
116, 122, 198, 11, HENNEMANN ARIOZO ANE
354, 193, 27, 17, CPF
338, 214, 151, 14, 540.575.934-11
562, 365, 55, 14, CAT. HAB.
580, 386, 8, 10, B
511, 413, 89, 13, 1ª HABILITAÇÃO
496, 428, 106, 14, 09/08/1971
369, 411, 55, 13, VALIDADE
339, 427, 96, 12, 03/01/1961
127, 408, 72, 17, Nº REGISTRO
148, 426, 117, 13, 31364493740
17, 291, 18, 130, VÁLIDA EM TODO
63, 318, 18, 141, 474099766
517, 196, 104, 17, DATA NASCIMENTO
512, 214, 98, 13, 04/06/2014
357, 152, 205, 15, DOC. IDENTIDADE/ÓRG EMISSOR/UF
341, 168, 157, 12, 430035640 POF SP
357, 243, 52, 14, FILIAÇÃO
345, 263, 197, 15, TAISSUKE BENTO KAW
346, 285, 54, 12, SOUZA
345, 314, 231, 11, OGUSCO TARDIOLI MOZOL
