136, 99, 36, 11, NOME
127, 116, 195, 10, TAUKEUTI LINARES CAMIL
365, 189, 23, 14, CPF
357, 212, 136, 11, 324.824.170-58
572, 361, 49, 15, CAT. HAB.
578, 385, 16, 8, AB
478, 413, 90, 15, 1ª HABILITAÇÃO
491, 428, 97, 15, 05/10/1980
338, 410, 57, 15, VALIDADE
330, 427, 97, 12, 01/09/1990
131, 406, 71, 16, Nº REGISTRO
144, 424, 117, 12, 41620983208
17, 284, 15, 140, VÁLIDA EM TODO
53, 266, 21, 179, 343798404
524, 194, 97, 15, DATA NASCIMENTO
522, 210, 88, 16, 26/10/1964
365, 146, 200, 16, DOC. IDENTIDADE/ÓRG EMISSOR/UF
360, 165, 154, 11, 961834018 SNJ PI
363, 238, 50, 13, FILIAÇÃO
355, 261, 200, 10, GEVANILDO LARANJEIRO 
354, 284, 60, 10, CASTRO
355, 309, 187, 10, RAZABONE TOLOI STROHH
