170, 136, 45, 15, NOME
160, 152, 239, 11, HOWELL TOKUTSUNE KRUSE
458, 239, 38, 17, CPF
448, 255, 178, 15, 491.912.984-07
736, 425, 64, 19, CAT. HAB.
750, 450, 10, 12, D
614, 490, 106, 18, 1ª HABILITAÇÃO
630, 510, 107, 15, 12/10/1999
435, 490, 66, 18, VALIDADE
438, 510, 127, 16, 22/12/2003
161, 492, 86, 19, Nº REGISTRO
197, 510, 149, 16, 42000341961
25, 350, 23, 157, VÁLIDA EM TODO
85, 351, 23, 199, 499880833
671, 233, 130, 18, DATA NASCIMENTO
665, 255, 107, 14, 28/04/2020
460, 182, 235, 18, DOC. IDENTIDADE/ÓRG EMISSOR UF
639, 203, 27, 10, SEJ
455, 202, 94, 12, 751111302
761, 201, 20, 11, BA
462, 287, 65, 20, FILIAÇÃO
449, 311, 285, 12, CORDELLA MIELNIK SCHNAIBEL
450, 334, 87, 12, DA CUNHA
450, 356, 226, 12, ALCONCHER MERMEJO K
450, 378, 70, 12, DUARTE
