169, 111, 50, 16, NOME
159, 127, 250, 15, CARLETO QUIRANTE YEON
468, 218, 32, 17, CPF
455, 236, 179, 19, 293.298.526-45
758, 412, 57, 21, CAT. HAB.
770, 436, 9, 11, C
630, 474, 108, 20, 1ª HABILITAÇÃO
644, 496, 124, 15, 24/07/1971
443, 474, 69, 21, VALIDADE
440, 496, 117, 16, 22/10/1999
162, 475, 90, 17, Nº REGISTRO
198, 496, 128, 13, 44072310742
23, 338, 24, 179, VÁLIDA EM TODO
84, 349, 24, 192, 321402592
693, 219, 123, 16, DATA NASCIMENTO
680, 236, 104, 13, 16/07/2011
466, 160, 247, 20, DOC. IDENTIDADE/ÓRG EMISSOR UF
462, 182, 87, 11, 190521004
652, 184, 27, 9, SNJ
780, 182, 18, 11, PE
471, 269, 67, 20, FILIAÇÃO
459, 293, 273, 11, DUCATTI PICCHETTI MANAIRA
462, 315, 64, 12, SOARES
460, 337, 284, 13, NARDONI MARIZILDA HOMA
459, 362, 68, 10, REZENDE
