137, 104, 34, 17, NOME
129, 129, 209, 10, URBAN MATSUMOTO PECIN
370, 203, 29, 16, CPF
366, 227, 151, 12, 588.752.983-00
589, 375, 55, 20, CAT. HAB.
594, 401, 8, 8, A
492, 430, 93, 16, 1ª HABILITAÇÃO
497, 447, 108, 14, 05/03/1965
346, 427, 53, 15, VALIDADE
339, 445, 107, 14, 11/03/2000
122, 423, 81, 19, Nº REGISTRO
125, 442, 118, 13, 67707069830
5, 13, 23, 13, VÁLIDA EM TODO
48, 292, 21, 174, 739334544
537, 204, 104, 16, DATA NASCIMENTO
535, 229, 87, 16, 18/08/2004
370, 155, 211, 20, DOC. IDENTIDADE/ÓRG EMISSOR/UF
366, 179, 152, 10, 269105049 SESP MG
367, 249, 59, 16, FILIAÇÃO
365, 275, 139, 12, BISTRICHE WAI
364, 300, 69, 10, RIBEIRO
365, 324, 135, 10, FESCINA UTZUMI 
364, 350, 61, 9, BARBOSA
