129, 110, 38, 15, NOME
121, 127, 225, 9, CAMPOLIM MONTANHEIRO JANA
359, 203, 28, 13, CPF
351, 217, 136, 13, 400.308.093-98
585, 367, 49, 15, CAT. HAB.
596, 386, 8, 10, B
486, 421, 87, 13, 1ª HABILITAÇÃO
502, 435, 95, 12, 30/01/1965
343, 418, 50, 17, VALIDADE
346, 434, 105, 15, 19/10/2002
123, 419, 71, 13, Nº REGISTRO
148, 435, 105, 11, 35232211342
19, 291, 16, 131, VÁLIDA EM TODO
66, 287, 19, 158, 453106428
529, 202, 103, 14, DATA NASCIMENTO
525, 218, 97, 12, 14/06/1950
361, 157, 188, 13, DOC. IDENTIDADE/ÓRG EMISSOR UF
505, 175, 22, 8, POF
354, 172, 70, 10, 522407183
601, 174, 17, 9, SP
362, 247, 55, 15, FILIAÇÃO
354, 265, 186, 10, TANIO MONTOSA BIBIANI
357, 304, 228, 10, SARAGOCA KOZLOVSKY GALA
