122, 100, 43, 14, NOME
115, 122, 218, 11, LACORTE MAZANTI PADRON
357, 192, 33, 13, CPF
335, 209, 137, 13, 567.300.848-12
582, 363, 61, 12, CAT. HAB.
593, 379, 8, 10, B
521, 408, 102, 15, 1ª HABILITAÇÃO
507, 425, 98, 13, 03/01/1992
373, 405, 69, 17, VALIDADE
343, 425, 96, 13, 22/11/1960
119, 408, 91, 15, Nº REGISTRO
137, 427, 108, 11, 04332074605
9, 286, 25, 142, VÁLIDA EM TODO
55, 262, 23, 191, 687152427
523, 192, 123, 13, DATA NASCIMENTO
514, 209, 103, 13, 11/09/1969
358, 145, 242, 14, DOC. IDENTIDADE/ÓRG EMISSOR/UF
334, 161, 143, 10, 908541995 SNJ MG
361, 237, 59, 14, FILIAÇÃO
336, 257, 209, 10, BOU UYANARA YANAGUITA
337, 281, 48, 10, PINTO
335, 304, 190, 12, LINDA FEO HANEDA
333, 329, 59, 10, MENDES
