154, 135, 45, 17, NOME
145, 155, 310, 12, YAGASAKI CAMELUCCI FRAGOAS
446, 247, 30, 16, CPF
433, 266, 177, 14, 768.353.794-21
724, 445, 56, 17, CAT. HAB.
736, 469, 18, 10, AB
602, 505, 101, 19, 1ª HABILITAÇÃO
618, 525, 106, 16, 19/10/2018
421, 501, 66, 16, VALIDADE
426, 522, 107, 14, 20/07/2020
150, 495, 87, 19, Nº REGISTRO
182, 517, 130, 13, 37825030108
16, 349, 23, 154, VÁLIDA EM TODO
76, 338, 24, 192, 174317315
655, 253, 127, 17, DATA NASCIMENTO
646, 270, 108, 14, 03/10/2016
445, 195, 233, 15, DOC. IDENTIDADE/ÓRG EMISSOR UF
440, 213, 68, 10, 980993581
621, 216, 37, 10, SPTC
745, 218, 17, 12, PI
450, 297, 62, 17, FILIAÇÃO
437, 321, 165, 12, MARONE GHIZINI
433, 367, 227, 12, BICUDO PAPOTI PANAR
438, 389, 58, 12, JESUS
