117, 92, 36, 14, NOME
108, 110, 199, 10, TAVERNARO OPPIDO SAP
349, 187, 28, 12, CPF
339, 200, 137, 12, 533.809.867-98
571, 349, 55, 14, CAT. HAB.
583, 367, 18, 10, AB
471, 399, 88, 16, 1ª HABILITAÇÃO
482, 417, 106, 14, 28/11/1958
327, 399, 56, 18, VALIDADE
335, 418, 97, 13, 13/07/1952
111, 397, 70, 17, Nº REGISTRO
138, 415, 114, 12, 37693898451
8, 287, 19, 139, VÁLIDA EM TODO
57, 265, 20, 166, 993286106
519, 183, 105, 16, DATA NASCIMENTO
512, 202, 97, 12, 26/02/1973
350, 139, 191, 13, DOC. IDENTIDADE/ÓRG EMISSOR UF
344, 154, 86, 11, 526314916
492, 155, 28, 10, SSP
591, 157, 16, 9, SC
352, 228, 52, 13, FILIAÇÃO
342, 248, 189, 10, ANNABEL CRESCIULO C
341, 267, 46, 9, NOVAES
339, 286, 170, 9, THEBAS CATOJO SENTO
340, 303, 87, 11, TEIXEIRA
