146, 131, 50, 18, NOME
139, 150, 286, 15, CHILVARQUER AROUCHE MEKARO
443, 237, 35, 18, CPF
436, 255, 178, 16, 750.370.940-54
726, 432, 62, 16, CAT. HAB.
743, 453, 20, 11, AB
601, 495, 114, 15, 1ª HABILITAÇÃO
620, 512, 127, 15, 07/11/2018
418, 495, 70, 16, VALIDADE
425, 511, 107, 15, 25/09/2009
142, 487, 91, 22, Nº REGISTRO
182, 510, 138, 14, 18477980442
10, 351, 25, 163, VÁLIDA EM TODO
72, 332, 24, 193, 409108376
655, 238, 135, 16, DATA NASCIMENTO
652, 257, 107, 15, 17/06/1989
445, 183, 239, 19, DOC. IDENTIDADE/ÓRG EMISSOR UF
439, 200, 96, 13, 213494140
628, 205, 28, 10, SSP
749, 203, 20, 12, RS
450, 288, 66, 20, FILIAÇÃO
438, 311, 208, 12, HE NATHALYE DURAZZO
436, 357, 266, 12, BUONICONTI AILA CANEZI
438, 378, 93, 12, FERREIRA
