146, 128, 47, 18, NOME
138, 150, 227, 10, SCRICH MAZINI MORITSUNE
449, 239, 34, 20, CPF
439, 257, 192, 15, 366.818.196-99
740, 435, 61, 17, CAT. HAB.
754, 459, 9, 10, A
614, 498, 111, 19, 1ª HABILITAÇÃO
628, 520, 117, 15, 26/06/1996
424, 497, 70, 17, VALIDADE
432, 517, 125, 16, 17/01/1966
145, 497, 88, 17, Nº REGISTRO
176, 516, 138, 14, 04246832691
9, 360, 26, 165, VÁLIDA EM TODO
72, 344, 32, 209, 171189878
667, 241, 133, 16, DATA NASCIMENTO
658, 259, 127, 16, 08/06/1969
449, 180, 247, 20, DOC. IDENTIDADE/ÓRG EMISSOR UF
438, 203, 96, 12, 226375973
635, 204, 31, 12, SJS
762, 205, 20, 12, PB
453, 291, 67, 17, FILIAÇÃO
441, 314, 222, 14, BRANCA REZEK ZOZ
442, 339, 92, 12, DA COSTA
444, 361, 271, 13, KATARI PARAHYBA KADOW
445, 383, 42, 12, LIMA
