165, 123, 45, 20, NOME
156, 142, 237, 10, ZAMBRA TARSITANO PLASCAK
452, 228, 33, 15, CPF
440, 245, 136, 11, 898.613.184-61
726, 408, 60, 19, CAT. HAB.
743, 434, 17, 10, AB
600, 471, 107, 15, 1ª HABILITAÇÃO
617, 489, 105, 14, 11/10/1951
423, 474, 71, 13, VALIDADE
422, 490, 105, 14, 22/10/2011
155, 471, 83, 19, Nº REGISTRO
186, 488, 150, 15, 54690986878
32, 331, 21, 151, VÁLIDA EM TODO
78, 321, 32, 201, 865736328
662, 227, 129, 15, DATA NASCIMENTO
654, 244, 107, 14, 26/02/2010
455, 173, 234, 16, DOC. IDENTIDADE/ÓRG EMISSOR UF
450, 192, 96, 12, 806655410
632, 194, 33, 9, SESP
755, 192, 20, 12, PB
456, 272, 64, 20, FILIAÇÃO
444, 296, 263, 12, SEPTANIL VIZONA CELETINO
437, 340, 264, 12, CHANTAL DALLABONA SABOIA
439, 363, 96, 12, MONTEIRO
