135, 112, 37, 21, NOME
130, 137, 260, 10, CASSON EUVALDO KAMIGASHIMA
374, 207, 28, 19, CPF
370, 236, 123, 11, 588.347.477-20
597, 384, 58, 15, CAT. HAB.
609, 408, 16, 9, AB
507, 439, 91, 15, 1ª HABILITAÇÃO
506, 456, 108, 15, 09/05/2017
351, 438, 61, 16, VALIDADE
338, 453, 122, 15, 18/12/1965
128, 431, 82, 22, Nº REGISTRO
125, 453, 118, 12, 08834596047
6, 300, 23, 142, VÁLIDA EM TODO
44, 316, 24, 148, 4228912
541, 209, 110, 16, DATA NASCIMENTO
545, 234, 97, 13, 26/04/2010
373, 159, 213, 21, DOC. IDENTIDADE/ÓRG EMISSOR/UF
370, 187, 140, 11, 356365761 SEJ PB
373, 257, 57, 17, FILIAÇÃO
371, 284, 148, 10, RAGNO JOEFERSON
368, 307, 57, 10, DA PAZ
368, 332, 209, 10, MILITAO RUBINGER MESS
369, 356, 52, 9, VIEIRA
