151, 130, 49, 20, NOME
143, 150, 251, 12, JACYANA HILDE GABOLLA
446, 239, 32, 15, CPF
434, 258, 149, 14, 285.022.769-21
726, 432, 64, 13, CAT. HAB.
743, 454, 10, 8, D
606, 492, 106, 19, 1ª HABILITAÇÃO
620, 512, 107, 15, 24/09/2019
419, 492, 76, 21, VALIDADE
426, 510, 127, 17, 03/11/1954
149, 491, 93, 21, Nº REGISTRO
184, 514, 128, 13, 62903953607
18, 349, 23, 171, VÁLIDA EM TODO
70, 352, 23, 183, 912656875
660, 237, 130, 16, DATA NASCIMENTO
651, 256, 107, 14, 14/03/1968
443, 183, 242, 15, DOC. IDENTIDADE/ÓRG EMISSOR UF
627, 203, 37, 10, SESP
749, 203, 18, 10, RJ
438, 202, 87, 11, 542052659
443, 288, 75, 17, FILIAÇÃO
436, 311, 283, 12, CAUDURO AKKERMAN MOHERDAUI
438, 356, 186, 12, MASSAO LAIS MELLO
439, 379, 82, 12, REZENDE
