117, 105, 39, 13, NOME
113, 121, 158, 12, HANNA ZALC BERLA
350, 197, 28, 13, CPF
344, 211, 137, 12, 171.613.476-53
575, 360, 47, 16, CAT. HAB.
589, 381, 8, 8, B
477, 412, 87, 17, 1ª HABILITAÇÃO
491, 429, 97, 13, 22/12/1994
331, 414, 54, 13, VALIDADE
335, 428, 118, 16, 09/03/1960
114, 411, 68, 16, Nº REGISTRO
143, 430, 105, 11, 96120535384
13, 288, 17, 139, VÁLIDA EM TODO
53, 312, 17, 137, 108598682
522, 196, 103, 15, DATA NASCIMENTO
515, 211, 96, 13, 25/03/1997
352, 147, 187, 17, DOC. IDENTIDADE/ÓRG EMISSOR UF
495, 167, 23, 8, SNJ
346, 165, 78, 10, 945165535
592, 167, 15, 9, RS
357, 240, 49, 15, FILIAÇÃO
347, 259, 158, 9, IVANISE WEINZ NAIL
346, 278, 42, 8, LOPES
343, 297, 197, 10, KAMEYA NARDELI CAMIZ
