129, 111, 37, 18, NOME
123, 129, 209, 16, MUGGLER MANO LAUDELIN
368, 210, 26, 13, CPF
363, 232, 122, 14, 036.606.350-22
584, 379, 51, 15, CAT. HAB.
591, 403, 8, 8, B
491, 432, 85, 18, 1ª HABILITAÇÃO
489, 448, 107, 14, 18/12/2017
343, 431, 55, 17, VALIDADE
338, 449, 97, 13, 11/12/2004
128, 432, 75, 14, Nº REGISTRO
128, 450, 96, 11, 18883784743
19, 299, 17, 133, VÁLIDA EM TODO
57, 306, 19, 157, 303982179
532, 208, 105, 13, DATA NASCIMENTO
532, 229, 98, 15, 05/11/2014
368, 162, 207, 16, DOC. IDENTIDADE/ÓRG EMISSOR/UF
364, 184, 158, 12, 689605705 SEJ SC
369, 255, 49, 16, FILIAÇÃO
361, 282, 207, 9, BERGSTEIN ROLNIK CHIAOTING
359, 304, 47, 10, SALES
361, 327, 215, 12, RISTORI TONIDANDEL 
