138, 104, 34, 17, NOME
132, 129, 268, 10, STANICIA MISSONO MALANDRINO
371, 203, 29, 16, CPF
369, 227, 148, 12, 322.463.374-37
590, 375, 55, 20, CAT. HAB.
595, 401, 16, 9, AB
493, 430, 93, 16, 1ª HABILITAÇÃO
498, 447, 106, 14, 06/02/1981
347, 427, 53, 15, VALIDADE
340, 445, 107, 15, 16/11/2018
123, 423, 81, 19, Nº REGISTRO
126, 442, 118, 13, 12999078965
430, 300, -129, 87, VÁLIDA EM TODO
49, 290, 21, 175, 028514826
538, 204, 104, 16, DATA NASCIMENTO
536, 229, 87, 16, 06/03/1989
371, 155, 211, 20, DOC. IDENTIDADE/ÓRG EMISSOR/UF
367, 179, 142, 10, 243113213 SNJ SP
368, 249, 59, 16, FILIAÇÃO
367, 275, 141, 12, LUCIA VOROBOW
364, 300, 60, 10, VIEIRA
366, 323, 145, 11, FRUGOLI LEPIANI
364, 350, 64, 9, CARDOSO
