117, 97, 40, 15, NOME
113, 116, 198, 10, PALONE ZAPLANA NEJEM
351, 193, 29, 11, CPF
344, 206, 135, 11, 406.175.005-41
576, 358, 47, 13, CAT. HAB.
581, 376, 8, 8, C
477, 405, 83, 20, 1ª HABILITAÇÃO
485, 421, 97, 18, 02/11/2002
328, 405, 60, 17, VALIDADE
334, 422, 95, 14, 18/03/2001
111, 401, 74, 17, Nº REGISTRO
136, 421, 107, 11, 04152961246
8, 279, 18, 137, VÁLIDA EM TODO
-1, 59, 162, 19, 323471092
520, 191, 108, 16, DATA NASCIMENTO
516, 209, 97, 12, 13/10/1966
352, 145, 190, 14, DOC. IDENTIDADE/ÓRG EMISSOR UF
347, 161, 69, 10, 020522812
500, 164, 25, 7, POM
592, 164, 17, 9, RJ
349, 234, 60, 16, FILIAÇÃO
344, 254, 173, 9, SIMONAGGIO ZHANG SENTE
345, 273, 67, 10, FREITAS
345, 293, 150, 9, ENG ORANGES MELZI
344, 312, 48, 9, GOMES
