112, 113, 38, 13, NOME
107, 128, 179, 10, LIN NAKATA ROZEIRO
341, 204, 32, 11, CPF
337, 217, 135, 13, 771.946.655-14
570, 363, 51, 18, CAT. HAB.
582, 383, 18, 10, AB
474, 419, 91, 13, 1ª HABILITAÇÃO
482, 434, 102, 13, 15/06/1968
327, 417, 54, 15, VALIDADE
330, 434, 96, 13, 29/11/1956
106, 418, 75, 15, Nº REGISTRO
132, 435, 116, 12, 79503949268
7, 288, 18, 136, VÁLIDA EM TODO
-1, 57, 160, 19, 260984545
518, 202, 99, 13, DATA NASCIMENTO
510, 215, 96, 16, 30/07/1999
344, 156, 189, 12, DOC. IDENTIDADE/ÓRG EMISSOR UF
586, 167, 18, 10, AL
486, 170, 22, 9, POF
337, 170, 87, 11, 699789163
350, 245, 51, 16, FILIAÇÃO
339, 263, 159, 10, TACK YOGI CIPULO
340, 299, 172, 12, JOVANI ANDREAZZI
342, 322, 38, 10, LIMA
