110, 105, 40, 15, NOME
104, 120, 208, 15, EGIMA MITSUMOTO FURCH
345, 198, 26, 13, CPF
337, 210, 150, 14, 904.001.412-48
570, 362, 46, 14, CAT. HAB.
580, 381, 6, 7, A
471, 414, 88, 14, 1ª HABILITAÇÃO
480, 429, 96, 14, 04/12/1981
323, 414, 58, 12, VALIDADE
323, 429, 98, 14, 07/04/2000
109, 412, 72, 14, Nº REGISTRO
134, 429, 105, 11, 72465681890
8, 283, 18, 134, VÁLIDA EM TODO
54, 269, 20, 166, 379427326
517, 199, 98, 11, DATA NASCIMENTO
509, 212, 95, 11, 19/09/2001
345, 150, 188, 14, DOC. IDENTIDADE/ÓRG EMISSOR UF
490, 168, 30, 8, SPTC
587, 167, 14, 8, RS
339, 165, 70, 10, 157590112
349, 240, 51, 13, FILIAÇÃO
338, 258, 169, 11, TJHIO BAYCER RUDY
338, 297, 197, 10, JUTGLA HAMM HISSASHI
340, 315, 79, 9, RODRIGUES
