160, 115, 45, 16, NOME
148, 138, 272, 12, NAGILA MONDIN OCTAVIANI
447, 230, 27, 16, CPF
427, 249, 192, 21, 987.366.779-22
704, 438, 67, 19, CAT. HAB.
719, 465, 10, 12, E
639, 498, 110, 18, 1ª HABILITAÇÃO
621, 515, 125, 18, 07/03/2011
463, 496, 68, 16, VALIDADE
426, 515, 137, 18, 04/01/1959
162, 494, 88, 19, Nº REGISTRO
179, 516, 141, 14, 72110431989
16, 356, 23, 164, VÁLIDA EM TODO
74, 378, 23, 199, 638369370
648, 231, 127, 20, DATA NASCIMENTO
643, 251, 126, 15, 23/01/1962
449, 173, 252, 18, DOC. IDENTIDADE/ÓRG EMISSOR/UF
428, 192, 175, 14, 056822686 SJS SP
447, 288, 64, 19, FILIAÇÃO
435, 313, 246, 13, RAZZA TRISKA MIUCHA
432, 340, 76, 13, MORAES
433, 376, 324, 13, GIANOTI SCHUTZER THOMAZIN
432, 407, 75, 12, PEREIRA
