134, 106, 37, 16, NOME
130, 125, 174, 9, CONTATO MADRID ACCIARI
379, 201, 29, 16, CPF
374, 229, 136, 11, 335.009.478-32
606, 386, 49, 17, CAT. HAB.
612, 412, 10, 10, C
510, 441, 90, 19, 1ª HABILITAÇÃO
515, 461, 125, 16, 13/02/1978
355, 443, 60, 16, VALIDADE
345, 463, 107, 13, 20/05/1980
134, 439, 73, 16, Nº REGISTRO
130, 462, 95, 10, 32924879647
15, 303, 17, 135, VÁLIDA EM TODO
53, 296, 21, 174, 016551788
206, 209, 18, 11, DATA NASCIMENTO
555, 231, 79, 11, 25/06/2017
153, 154, 6, 19, DOC. IDENTIDADE/ÓRG EMISSOR/UF
374, 177, 157, 11, 664665105 POF MG
380, 251, 58, 19, FILIAÇÃO
372, 282, 198, 10, SINNHOFER NOEREMBERG
372, 334, 188, 10, PETRARCA CHRISTIANO
375, 357, 52, 11, PIRES
