158, 137, 46, 15, NOME
149, 152, 225, 12, FURUIE STACY PEDRAS
453, 247, 34, 15, CPF
441, 264, 164, 14, 434.170.434-68
735, 441, 59, 15, CAT. HAB.
742, 461, 14, 16, B
607, 499, 111, 18, 1ª HABILITAÇÃO
627, 522, 126, 16, 21/02/1999
426, 499, 69, 20, VALIDADE
427, 521, 116, 15, 20/10/1988
151, 492, 88, 21, Nº REGISTRO
183, 515, 137, 14, 52995927551
34, 345, 23, 159, VÁLIDA EM TODO
83, 343, 25, 201, 930896669
669, 249, 130, 18, DATA NASCIMENTO
657, 267, 107, 17, 15/12/1968
457, 191, 232, 20, DOC. IDENTIDADE/ÓRG EMISSOR UF
445, 209, 96, 14, 854646139
633, 213, 30, 11, SEJ
760, 213, 21, 13, PI
457, 296, 64, 17, FILIAÇÃO
444, 320, 218, 11, LUVIZOTO DIANE SBRAN
444, 341, 77, 12, CARDOSO
448, 365, 286, 17, PLATA SURYENDRANI KHARMA
