151, 129, 49, 20, NOME
143, 149, 296, 17, SEBER GIAMPIETRO RICCHINI
446, 238, 32, 15, CPF
434, 257, 149, 14, 618.882.538-51
726, 431, 64, 13, CAT. HAB.
743, 453, 10, 8, D
606, 491, 106, 19, 1ª HABILITAÇÃO
620, 511, 107, 15, 15/07/2012
419, 491, 76, 21, VALIDADE
427, 509, 126, 17, 29/10/1957
149, 490, 93, 21, Nº REGISTRO
183, 513, 129, 13, 08895965998
18, 348, 23, 171, VÁLIDA EM TODO
70, 351, 23, 185, 219916735
660, 236, 130, 16, DATA NASCIMENTO
651, 255, 107, 15, 27/11/1969
443, 182, 242, 15, DOC. IDENTIDADE/ÓRG EMISSOR UF
627, 202, 27, 10, SJS
749, 202, 18, 10, RS
440, 201, 84, 11, 385484616
443, 287, 75, 17, FILIAÇÃO
437, 310, 285, 12, JUKEMURA BATOCCIO SCHENFER
437, 355, 275, 12, CADEMARTORI NILCE AUDRIEN
438, 378, 83, 12, MARTINS
