129, 105, 37, 15, NOME
125, 122, 210, 20, MAJOLO BIAZOLLI LIVIA
374, 201, 27, 15, CPF
369, 225, 109, 12, 346.027.119-10
375, 372, 69, 16, PERMISSÃO
372, 394, 88, 12, PERMISSÃO
593, 371, 55, 15, CAT. HAB.
603, 396, 7, 9, E
501, 425, 86, 17, 1ª HABILITAÇÃO
502, 443, 96, 12, 12/01/2016
349, 427, 60, 17, VALIDADE
346, 445, 96, 14, 10/07/1992
129, 425, 79, 20, Nº REGISTRO
129, 445, 96, 10, 95949318925
11, 301, 17, 141, VÁLIDA EM TODO
55, 289, 22, 173, 641925261
540, 199, 107, 17, DATA NASCIMENTO
543, 222, 77, 10, 13/03/2006
375, 153, 210, 16, DOC. IDENTIDADE/ÓRG EMISSOR/UF
368, 176, 152, 14, 887373422 SESP MG
373, 249, 56, 15, FILIAÇÃO
367, 275, 186, 9, ELMER MARYSOL VIDIGAL
368, 298, 69, 10, BARBOSA
369, 323, 161, 11, BAILAO DUTRA KIRYU
368, 348, 69, 10, MARTINS
