160, 116, 45, 16, NOME
148, 137, 259, 13, SERRA TSAI SAUSMIKAT
447, 231, 27, 16, CPF
427, 250, 192, 18, 969.601.478-32
704, 439, 67, 19, CAT. HAB.
719, 466, 10, 12, D
639, 499, 110, 18, 1ª HABILITAÇÃO
622, 516, 125, 18, 16/09/1988
463, 497, 68, 16, VALIDADE
428, 516, 135, 18, 11/12/2019
162, 495, 88, 19, Nº REGISTRO
181, 516, 139, 15, 18360892816
16, 357, 23, 164, VÁLIDA EM TODO
74, 378, 23, 208, 015959819
648, 232, 127, 20, DATA NASCIMENTO
643, 253, 126, 15, 21/03/1998
449, 174, 252, 18, DOC. IDENTIDADE/ÓRG EMISSOR/UF
429, 195, 173, 12, 114848212 SES MG
447, 289, 64, 19, FILIAÇÃO
436, 314, 284, 13, SECKLER DANUSA THENILE
433, 341, 61, 13, PIRES
433, 377, 311, 13, OERTES OTAVIO GIANESELLA
432, 408, 74, 12, FREITAS
