170, 137, 45, 15, NOME
159, 153, 252, 11, GUANABARA KANATANI AMIR
458, 240, 38, 17, CPF
448, 256, 178, 15, 652.443.493-50
736, 426, 64, 19, CAT. HAB.
749, 451, 11, 12, C
614, 491, 106, 18, 1ª HABILITAÇÃO
630, 511, 105, 14, 18/10/1961
435, 491, 66, 18, VALIDADE
439, 510, 126, 17, 31/12/1952
161, 493, 86, 19, Nº REGISTRO
196, 507, 152, 20, 58576374458
25, 351, 23, 157, VÁLIDA EM TODO
-1, 85, 204, 23, 678060734
671, 234, 130, 18, DATA NASCIMENTO
664, 255, 108, 14, 04/07/1986
460, 183, 235, 18, DOC. IDENTIDADE/ÓRG EMISSOR UF
639, 204, 37, 10, SESP
455, 203, 95, 12, 714317329
760, 202, 21, 11, MG
462, 288, 65, 20, FILIAÇÃO
450, 312, 241, 12, ROZANI KAWACHI COPPOLA
451, 335, 63, 12, SOARES
450, 357, 226, 12, DJANIKIAN DORIGON G
449, 379, 96, 12, CARVALHO
