132, 132, 49, 14, NOME
126, 148, 294, 12, CHIARINELLI SEICO YOSHIYUKI
427, 230, 35, 22, CPF
420, 250, 192, 17, 949.289.930-20
714, 425, 57, 14, CAT. HAB.
727, 446, 10, 10, D
594, 486, 103, 18, 1ª HABILITAÇÃO
606, 505, 121, 15, 22/10/2001
407, 489, 67, 16, VALIDADE
411, 507, 106, 14, 11/08/1973
134, 493, 84, 15, Nº REGISTRO
165, 511, 129, 13, 22253654663
6, 351, 25, 165, VÁLIDA EM TODO
56, 343, 24, 191, 108084738
645, 229, 129, 16, DATA NASCIMENTO
636, 250, 107, 13, 27/06/1984
429, 178, 239, 15, DOC. IDENTIDADE/ÓRG EMISSOR UF
421, 199, 96, 14, 810152770
613, 198, 30, 11, SNJ
732, 196, 20, 11, RN
435, 284, 65, 17, FILIAÇÃO
422, 306, 263, 12, TOZO PINAFFO LICHTENTHAL
423, 351, 220, 13, MORISHIGUE BRUNNA
424, 376, 85, 11, FERREIRA
