119, 106, 37, 11, NOME
113, 117, 167, 11, KWAST JUN STABILE
353, 190, 26, 14, CPF
340, 206, 138, 16, 801.120.017-85
574, 351, 52, 15, CAT. HAB.
584, 370, 15, 11, C
478, 403, 90, 16, 1ª HABILITAÇÃO
492, 419, 105, 14, 25/10/1991
333, 407, 57, 15, VALIDADE
336, 421, 97, 17, 18/06/1955
118, 407, 69, 15, Nº REGISTRO
146, 424, 106, 11, 38573833486
18, 291, 19, 140, VÁLIDA EM TODO
60, 273, 21, 181, 479137352
519, 189, 106, 14, DATA NASCIMENTO
517, 203, 97, 15, 03/02/2005
354, 145, 185, 12, DOC. IDENTIDADE/ÓRG EMISSOR UF
343, 160, 78, 11, 555719480
494, 161, 24, 7, SDS
594, 161, 15, 7, SP
356, 233, 55, 17, FILIAÇÃO
346, 250, 206, 12, GRETA KULLER ROMANI
344, 290, 220, 10, MORACO NICOLAI PASCOAL
356, 310, 61, 9, REZENDE
