153, 134, 45, 17, NOME
143, 154, 285, 12, TRAGANTE VERGINE FACIOLI
445, 246, 30, 16, CPF
433, 265, 176, 14, 641.710.268-81
723, 444, 56, 17, CAT. HAB.
735, 468, 8, 9, A
601, 504, 101, 19, 1ª HABILITAÇÃO
616, 524, 108, 15, 07/03/2019
420, 500, 66, 16, VALIDADE
424, 521, 106, 14, 05/08/2001
149, 494, 87, 19, Nº REGISTRO
183, 516, 129, 18, 57383358930
15, 348, 23, 154, VÁLIDA EM TODO
75, 337, 24, 193, 818968813
654, 252, 127, 17, DATA NASCIMENTO
645, 269, 108, 14, 05/12/1989
444, 194, 233, 15, DOC. IDENTIDADE/ÓRG EMISSOR UF
438, 212, 70, 10, 526378645
620, 215, 26, 10, SES
744, 217, 17, 12, PI
449, 296, 62, 17, FILIAÇÃO
437, 320, 167, 12, DEHIRA GINALDO 
432, 366, 263, 12, BERTINI YUKIKO LOZEKAM
437, 388, 70, 12, BARROS
