141, 111, 36, 15, NOME
135, 132, 213, 9, FACUNTE BERTHOLIM JACOIA
378, 206, 24, 14, CPF
373, 227, 109, 13, 128.302.235-43
595, 378, 55, 17, CAT. HAB.
606, 403, 19, 10, AB
501, 435, 89, 15, 1ª HABILITAÇÃO
505, 451, 97, 13, 26/07/2007
351, 430, 59, 17, VALIDADE
348, 451, 97, 13, 27/12/1996
137, 428, 77, 16, Nº REGISTRO
133, 447, 107, 11, 44480355842
15, 308, 19, 135, VÁLIDA EM TODO
56, 312, 20, 166, 065365178
543, 206, 105, 16, DATA NASCIMENTO
546, 230, 76, 12, 28/02/1951
376, 158, 210, 15, DOC. IDENTIDADE/ÓRG EMISSOR/UF
372, 181, 152, 11, 036325132 SPTC MG
379, 253, 52, 15, FILIAÇÃO
368, 279, 179, 10, WEEL SETANNI MAKIY
369, 301, 84, 12, CARDOSO
373, 327, 197, 10, PETROZZIELLO INGA AS
370, 352, 48, 10, RAMOS
