118, 115, 40, 15, NOME
111, 130, 195, 10, BONAFE TORNICI PLASCAK
350, 203, 25, 15, CPF
342, 219, 136, 12, 104.916.329-08
575, 367, 48, 15, CAT. HAB.
586, 386, 8, 11, C
477, 422, 87, 13, 1ª HABILITAÇÃO
490, 435, 108, 15, 01/09/2000
334, 422, 55, 15, VALIDADE
333, 438, 87, 17, 29/09/2001
116, 420, 68, 15, Nº REGISTRO
143, 439, 106, 11, 72329946185
18, 296, 17, 127, VÁLIDA EM TODO
63, 296, 20, 166, 986896415
522, 204, 100, 13, DATA NASCIMENTO
514, 218, 97, 13, 27/10/1975
350, 156, 188, 15, DOC. IDENTIDADE/ÓRG EMISSOR UF
495, 173, 21, 9, SSP
592, 173, 16, 9, RO
345, 172, 69, 10, 078230585
352, 247, 54, 18, FILIAÇÃO
346, 265, 207, 12, FUNCK SCHVARZMAN BA
347, 303, 195, 12, PERRI ARTINO VOLYK
