83, 85, 29, 11, NOME
79, 96, 167, 9, JOFFILY RAIGORODSKY B
256, 153, 23, 11, CPF
251, 162, 95, 13, 499.000.317-92
424, 275, 39, 14, CAT. HAB.
431, 293, 7, 6, A
351, 317, 64, 10, 1ª HABILITAÇÃO
360, 329, 77, 13, 16/11/1954
240, 316, 47, 11, VALIDADE
243, 329, 77, 9, 19/04/2016
80, 312, 53, 16, Nº REGISTRO
101, 330, 84, 9, 32484572680
7, 225, 11, 103, VÁLIDA EM TODO
40, 233, 14, 114, 063829555
385, 152, 79, 13, DATA NASCIMENTO
379, 165, 68, 9, 27/10/1990
258, 119, 146, 11, DOC. IDENTIDADE/ÓRG EMISSOR UF
254, 131, 61, 8, 365226749
366, 132, 27, 7, SESP
439, 132, 16, 9, SC
261, 188, 37, 9, FILIAÇÃO
252, 202, 175, 9, DRUZZILI STIPP LEISTER
250, 229, 159, 10, WALDOW ANGOTTI COVAS
