171, 137, 45, 15, NOME
161, 153, 239, 11, HOWELL TOKUTSUNE KRUSE
459, 240, 38, 17, CPF
449, 256, 178, 15, 491.912.984-07
737, 426, 64, 19, CAT. HAB.
751, 451, 10, 12, D
615, 491, 106, 18, 1ª HABILITAÇÃO
631, 511, 107, 15, 12/10/1999
436, 491, 66, 18, VALIDADE
439, 511, 127, 16, 22/12/2003
162, 493, 86, 19, Nº REGISTRO
198, 511, 149, 16, 42000341961
26, 351, 23, 157, VÁLIDA EM TODO
86, 352, 23, 199, 499880833
672, 234, 130, 18, DATA NASCIMENTO
666, 256, 107, 14, 28/04/2020
461, 183, 235, 18, DOC. IDENTIDADE/ÓRG EMISSOR UF
640, 204, 27, 10, SEJ
456, 203, 94, 12, 751111302
762, 202, 20, 11, BA
463, 288, 65, 20, FILIAÇÃO
450, 312, 285, 12, CORDELLA MIELNIK SCHNAIBEL
451, 335, 87, 12, DA CUNHA
451, 357, 226, 12, ALCONCHER MERMEJO K
451, 379, 70, 12, DUARTE
