138, 122, 53, 11, NOME
130, 136, 251, 12, GARBUI SCARSI ZEPPONE
430, 223, 35, 16, CPF
418, 240, 151, 14, 800.581.197-79
711, 409, 64, 21, CAT. HAB.
726, 434, 9, 11, B
588, 474, 110, 22, 1ª HABILITAÇÃO
603, 490, 121, 20, 13/11/1957
405, 479, 74, 15, VALIDADE
416, 491, 108, 18, 08/12/1975
137, 478, 89, 17, Nº REGISTRO
170, 497, 118, 12, 60958837035
9, 332, 25, 163, VÁLIDA EM TODO
68, 343, 24, 203, 554731234
642, 222, 125, 16, DATA NASCIMENTO
636, 238, 106, 16, 15/04/1967
432, 167, 238, 18, DOC. IDENTIDADE/ÓRG EMISSOR UF
732, 188, 16, 8, PR
610, 187, 32, 12, POF
424, 187, 88, 11, 043905833
433, 272, 69, 19, FILIAÇÃO
423, 296, 210, 12, GERVAZIO TAKANO HAMED
426, 319, 79, 10, DA COSTA
427, 339, 202, 12, KETNA RAVI YASBEK
