149, 128, 52, 17, NOME
142, 146, 260, 12, ASTOLPHI SAGLIETTI PEGHI
446, 231, 30, 16, CPF
431, 248, 165, 15, 480.823.533-17
729, 418, 58, 21, CAT. HAB.
738, 442, 12, 11, C
603, 482, 111, 20, 1ª HABILITAÇÃO
622, 504, 108, 13, 02/04/1990
423, 486, 71, 17, VALIDADE
425, 504, 106, 14, 15/10/1968
149, 489, 91, 19, Nº REGISTRO
188, 506, 139, 14, 62300727458
19, 357, 22, 156, VÁLIDA EM TODO
72, 329, 31, 201, 528836390
658, 228, 130, 17, DATA NASCIMENTO
650, 246, 107, 14, 21/11/1989
444, 174, 237, 18, DOC. IDENTIDADE/ÓRG EMISSOR UF
621, 195, 28, 10, SES
743, 195, 17, 7, MS
440, 195, 94, 13, 954491774
442, 280, 74, 20, FILIAÇÃO
438, 305, 219, 10, GUALANO GUTIYAMA CALIF
439, 328, 48, 15, PINTO
438, 347, 248, 13, FRANCYELLY FURUYA BALBI
438, 372, 66, 12, MORAES
