118, 107, 37, 11, NOME
112, 119, 197, 10, ASAKA SUEITT YNEMINE
352, 191, 26, 14, CPF
339, 207, 138, 12, 035.495.432-63
573, 352, 52, 15, CAT. HAB.
584, 371, 8, 10, B
477, 404, 90, 16, 1ª HABILITAÇÃO
491, 420, 107, 14, 23/02/2013
332, 408, 57, 15, VALIDADE
335, 422, 96, 17, 13/01/1986
117, 408, 69, 15, Nº REGISTRO
145, 425, 106, 11, 32841887395
17, 292, 19, 140, VÁLIDA EM TODO
59, 280, 21, 175, 349126687
518, 190, 106, 14, DATA NASCIMENTO
516, 204, 97, 15, 27/09/2010
353, 146, 185, 12, DOC. IDENTIDADE/ÓRG EMISSOR UF
343, 161, 77, 10, 181231761
493, 162, 25, 7, POM
591, 161, 18, 8, GO
355, 234, 55, 17, FILIAÇÃO
345, 251, 220, 12, CONESA STANISLAW CRU
344, 291, 238, 10, BERNARDI KUROZAWA MINORU
355, 311, 43, 9, NUNES
