147, 128, 47, 18, NOME
137, 150, 279, 10, GASPARELLO CRUZATTI SCHROTER
450, 239, 34, 20, CPF
439, 257, 192, 15, 276.944.871-43
741, 435, 61, 17, CAT. HAB.
755, 459, 20, 11, AB
615, 498, 111, 19, 1ª HABILITAÇÃO
629, 520, 116, 15, 20/11/1988
425, 497, 70, 17, VALIDADE
433, 517, 125, 16, 18/01/1957
146, 497, 88, 17, Nº REGISTRO
178, 516, 139, 14, 46532258422
10, 360, 26, 165, VÁLIDA EM TODO
73, 344, 31, 210, 725872853
668, 241, 133, 16, DATA NASCIMENTO
661, 259, 125, 16, 13/12/1998
450, 180, 247, 20, DOC. IDENTIDADE/ÓRG EMISSOR UF
441, 203, 94, 12, 367035819
636, 204, 32, 12, SNJ
763, 205, 20, 12, SP
454, 291, 67, 17, FILIAÇÃO
442, 314, 293, 14, MODESTIA GUERTA BAIAO
442, 339, 76, 11, MOREIRA
444, 361, 273, 13, GUARACHI LASSEN MADEL
445, 383, 42, 12, DIAS
