133, 108, 38, 15, NOME
131, 132, 190, 10, MARDEN REGE HOLOVKO
378, 207, 27, 15, CPF
372, 231, 109, 12, 699.185.107-81
599, 383, 55, 19, CAT. HAB.
610, 409, 8, 9, B
503, 436, 89, 17, 1ª HABILITAÇÃO
508, 456, 106, 14, 16/10/1986
354, 436, 57, 14, VALIDADE
349, 454, 106, 15, 01/02/1961
137, 432, 77, 19, Nº REGISTRO
138, 452, 106, 11, 34754565798
14, 309, 15, 131, VÁLIDA EM TODO
55, 296, 22, 174, 665350577
543, 205, 106, 19, DATA NASCIMENTO
547, 233, 95, 13, 10/10/1961
375, 157, 214, 19, DOC. IDENTIDADE/ÓRG EMISSOR/UF
374, 183, 157, 11, 779473796 POM SC
376, 257, 53, 13, FILIAÇÃO
374, 282, 193, 11, ISHIY PETTA PERCHE
369, 308, 43, 9, GOMES
371, 332, 187, 9, LONGMAN NORTE PAOLONE
