145, 127, 51, 15, NOME
139, 145, 271, 12, SAYAO HARAMITA SCANDIUZZI
437, 227, 34, 20, CPF
425, 250, 151, 13, 666.108.046-99
714, 423, 64, 19, CAT. HAB.
728, 448, 11, 10, B
593, 486, 105, 16, 1ª HABILITAÇÃO
605, 505, 117, 15, 24/07/1956
409, 486, 67, 17, VALIDADE
415, 507, 96, 12, 14/04/1985
135, 484, 95, 19, Nº REGISTRO
176, 507, 126, 13, 19230857381
16, 342, 21, 159, VÁLIDA EM TODO
73, 333, 23, 183, 032053961
650, 230, 125, 17, DATA NASCIMENTO
639, 246, 127, 16, 23/04/2017
438, 176, 238, 17, DOC. IDENTIDADE/ÓRG EMISSOR UF
430, 193, 96, 13, 606690608
617, 195, 31, 12, SES
741, 194, 20, 12, RS
436, 281, 68, 17, FILIAÇÃO
428, 303, 262, 12, ROBATINI CASELATO MASU
428, 348, 219, 13, DAZCAL JAGER KERN
427, 371, 49, 13, DIAS
