128, 119, 39, 13, NOME
122, 134, 206, 9, CARDIM NEMES MOMMENSOHN
361, 209, 27, 15, CPF
355, 224, 137, 15, 664.222.450-76
585, 371, 48, 17, CAT. HAB.
600, 394, 8, 7, D
488, 426, 87, 15, 1ª HABILITAÇÃO
502, 443, 85, 11, 31/05/1981
342, 426, 53, 15, VALIDADE
348, 443, 87, 12, 20/08/1963
121, 424, 76, 17, Nº REGISTRO
149, 443, 106, 11, 33368949209
16, 299, 17, 135, VÁLIDA EM TODO
69, 303, 24, 166, 307932476
534, 210, 101, 12, DATA NASCIMENTO
528, 225, 96, 14, 30/07/1990
361, 161, 192, 15, DOC. IDENTIDADE/ÓRG EMISSOR UF
506, 180, 29, 8, SESP
357, 178, 70, 10, 669528614
605, 180, 18, 8, MG
365, 252, 51, 16, FILIAÇÃO
357, 273, 175, 8, CHIEREGATI LAIO FACHET
358, 291, 47, 10, SILVA
356, 310, 178, 10, RAICHELIS KASSAMA ER
358, 329, 58, 10, SOARES
