113, 112, 38, 13, NOME
107, 122, 239, 18, MELEGATTI BOMENY PERGHER
342, 203, 32, 11, CPF
337, 216, 137, 14, 487.812.190-40
571, 362, 51, 18, CAT. HAB.
583, 383, 8, 9, B
475, 418, 91, 13, 1ª HABILITAÇÃO
489, 433, 96, 13, 25/11/1978
328, 416, 54, 15, VALIDADE
331, 433, 97, 13, 28/05/2018
107, 417, 75, 15, Nº REGISTRO
132, 434, 116, 12, 14972138021
8, 287, 18, 136, VÁLIDA EM TODO
58, 313, 19, 160, 469011825
519, 201, 99, 13, DATA NASCIMENTO
510, 214, 96, 13, 26/05/2015
345, 155, 189, 12, DOC. IDENTIDADE/ÓRG EMISSOR UF
588, 166, 18, 10, SP
487, 169, 21, 8, SES
339, 169, 85, 11, 143363827
351, 244, 51, 16, FILIAÇÃO
341, 258, 227, 14, BAGLIOTTI MOHRIAK KRALY
340, 298, 176, 12, GALLON BONAGAMBA
342, 321, 60, 10, ARAUJO
