151, 124, 51, 17, NOME
146, 142, 315, 11, ZERBINI SCARTOZZONI MENEGHINI
451, 230, 27, 14, CPF
438, 247, 151, 14, 435.371.048-63
732, 421, 63, 16, CAT. HAB.
746, 442, 11, 13, E
609, 482, 111, 21, 1ª HABILITAÇÃO
628, 502, 116, 15, 11/07/2006
426, 483, 82, 17, VALIDADE
434, 503, 105, 14, 29/03/1981
155, 484, 87, 20, Nº REGISTRO
189, 503, 139, 14, 22553526598
22, 349, 23, 162, VÁLIDA EM TODO
82, 357, 24, 201, 815297405
665, 227, 127, 16, DATA NASCIMENTO
658, 244, 116, 16, 11/04/1995
450, 174, 235, 15, DOC. IDENTIDADE/ÓRG EMISSOR UF
441, 193, 96, 12, 931686039
630, 194, 28, 9, SNJ
752, 194, 20, 10, MA
454, 278, 65, 21, FILIAÇÃO
441, 298, 179, 15, UHRIG MONTES SATOW
442, 348, 240, 15, SQUARIZE ERNANI WATARU
