129, 110, 38, 15, NOME
121, 127, 170, 9, MINTO ROBAZZA HARUE
359, 203, 28, 13, CPF
351, 217, 136, 12, 493.781.266-18
585, 367, 49, 15, CAT. HAB.
595, 386, 10, 11, C
486, 421, 87, 13, 1ª HABILITAÇÃO
500, 435, 98, 12, 07/01/2002
343, 418, 50, 17, VALIDADE
344, 434, 108, 15, 05/12/1973
123, 419, 71, 13, Nº REGISTRO
146, 435, 108, 11, 83026038109
19, 291, 16, 131, VÁLIDA EM TODO
66, 287, 19, 157, 357317133
529, 202, 103, 14, DATA NASCIMENTO
525, 218, 97, 12, 29/03/1968
361, 157, 188, 13, DOC. IDENTIDADE/ÓRG EMISSOR UF
505, 174, 22, 9, SEJ
356, 172, 67, 11, 718457341
600, 174, 19, 10, AL
362, 247, 55, 15, FILIAÇÃO
353, 265, 196, 9, MASSULA NOCAIS RICARDI
357, 304, 227, 10, PINTINHA OUTI ESTORNIOL
