124, 102, 40, 17, NOME
114, 121, 234, 11, NAKATU GAURI CRISLEISON
359, 197, 28, 14, CPF
350, 213, 151, 13, 271.385.262-53
580, 365, 46, 17, CAT. HAB.
589, 383, 7, 9, D
482, 418, 88, 14, 1ª HABILITAÇÃO
494, 433, 106, 13, 13/12/2003
335, 416, 54, 14, VALIDADE
341, 431, 107, 15, 06/12/1952
117, 412, 71, 14, Nº REGISTRO
144, 428, 118, 12, 97449897330
17, 283, 19, 134, VÁLIDA EM TODO
56, 291, 20, 164, 153224587
527, 202, 107, 12, DATA NASCIMENTO
522, 216, 97, 13, 28/12/1996
358, 150, 191, 17, DOC. IDENTIDADE/ÓRG EMISSOR UF
354, 168, 86, 12, 655353744
502, 170, 21, 9, SDS
602, 172, 16, 9, BA
361, 242, 52, 15, FILIAÇÃO
351, 261, 249, 11, BERGAMINI SAPRAGONAS VI
348, 298, 219, 11, MOSSERI BERENICE BER
