150, 131, 49, 18, NOME
142, 150, 256, 13, PERRUD DARUIZ FORMIS
450, 241, 36, 17, CPF
441, 258, 165, 14, 968.690.749-17
742, 438, 63, 15, CAT. HAB.
751, 461, 10, 8, D
612, 499, 111, 21, 1ª HABILITAÇÃO
633, 522, 115, 20, 12/01/1982
427, 503, 65, 16, VALIDADE
429, 520, 126, 16, 25/10/1955
142, 500, 91, 15, Nº REGISTRO
178, 520, 139, 14, 52430993954
19, 344, 22, 163, VÁLIDA EM TODO
78, 371, 23, 193, 001532426
671, 240, 129, 18, DATA NASCIMENTO
663, 260, 105, 18, 12/05/2014
450, 182, 246, 22, DOC. IDENTIDADE/ÓRG EMISSOR UF
638, 207, 39, 10, SPTC
765, 207, 19, 11, PR
445, 204, 104, 18, 392487691
452, 293, 70, 18, FILIAÇÃO
441, 316, 307, 11, CIUBOTARIU BITTENCOUR BOTTON
443, 362, 276, 13, VAIO MEINSCHMIEDT CHI
443, 383, 82, 14, DUARTE
