136, 103, 41, 12, NOME
130, 124, 212, 11, TATHY MAFFIA ZANINI
375, 194, 29, 18, CPF
353, 213, 137, 11, 138.380.098-78
594, 366, 61, 13, CAT. HAB.
604, 383, 15, 9, AB
533, 408, 103, 18, 1ª HABILITAÇÃO
521, 427, 106, 14, 07/08/1961
387, 408, 65, 17, VALIDADE
362, 426, 97, 12, 03/01/1950
142, 406, 84, 13, Nº REGISTRO
161, 424, 116, 14, 65013311671
25, 286, 17, 138, VÁLIDA EM TODO
70, 267, 21, 176, 759713345
541, 197, 121, 15, DATA NASCIMENTO
536, 213, 96, 15, 05/01/2001
377, 149, 241, 15, DOC. IDENTIDADE/ÓRG EMISSOR/UF
351, 165, 142, 10, 534052065 SJS CE
373, 241, 66, 15, FILIAÇÃO
350, 263, 186, 15, RYUITI EVELY KREYCI
352, 284, 49, 10, VIANA
350, 306, 251, 12, ARIZA COSTADELLA DELL
349, 330, 67, 10, FREITAS
