152, 124, 51, 17, NOME
146, 142, 239, 11, TENO FAVARO LUCIANELLI
452, 230, 27, 14, CPF
439, 247, 151, 14, 690.139.975-89
733, 421, 63, 16, CAT. HAB.
747, 442, 11, 13, A
610, 482, 111, 21, 1ª HABILITAÇÃO
628, 502, 117, 15, 23/11/1990
427, 483, 82, 17, VALIDADE
435, 503, 106, 14, 26/08/1987
156, 484, 87, 20, Nº REGISTRO
190, 503, 140, 14, 25908796976
23, 349, 23, 162, VÁLIDA EM TODO
83, 358, 24, 200, 218211291
666, 227, 127, 16, DATA NASCIMENTO
657, 244, 118, 16, 06/06/1956
451, 174, 235, 15, DOC. IDENTIDADE/ÓRG EMISSOR UF
442, 193, 96, 12, 695838436
631, 194, 38, 10, SESP
753, 194, 20, 10, TO
455, 278, 65, 21, FILIAÇÃO
441, 298, 207, 15, TOMAZ CANDIDO MORANDI
443, 348, 226, 12, FURUYA AVIAN DEVECCHI
