128, 112, 41, 19, NOME
120, 131, 264, 11, TOGNON MOSCON BATTAGELLO
358, 211, 30, 11, CPF
350, 219, 151, 19, 949.558.820-05
580, 376, 58, 14, CAT. HAB.
596, 395, 6, 8, E
484, 427, 87, 15, 1ª HABILITAÇÃO
501, 444, 107, 17, 28/02/1990
337, 429, 66, 12, VALIDADE
341, 444, 95, 12, 16/07/1991
121, 427, 72, 12, Nº REGISTRO
144, 443, 106, 11, 56151426744
22, 297, 16, 140, VÁLIDA EM TODO
61, 312, 20, 177, 838558907
531, 210, 104, 14, DATA NASCIMENTO
524, 226, 96, 13, 20/08/1958
360, 160, 189, 19, DOC. IDENTIDADE/ÓRG EMISSOR UF
355, 179, 68, 9, 930266641
504, 181, 22, 8, SDS
602, 180, 18, 10, RS
361, 251, 57, 16, FILIAÇÃO
352, 273, 219, 10, CALEFI GERALDI SEVERIN
355, 290, 65, 11, CAMPOS
354, 307, 159, 20, OH KEIM IDAILSON
354, 330, 80, 10, MONTEIRO
