121, 91, 43, 17, NOME
117, 112, 239, 10, DAVANCO PIERRY KATHARINE
358, 186, 25, 15, CPF
350, 204, 135, 11, 771.329.093-12
580, 353, 45, 15, CAT. HAB.
596, 373, 7, 8, A
481, 404, 87, 15, 1ª HABILITAÇÃO
496, 420, 125, 16, 17/05/1977
335, 406, 57, 12, VALIDADE
330, 420, 112, 14, 27/04/2001
118, 399, 71, 16, Nº REGISTRO
142, 417, 106, 12, 47968462966
12, 277, 17, 139, VÁLIDA EM TODO
59, 288, 19, 157, 666121340
530, 189, 102, 17, DATA NASCIMENTO
521, 204, 106, 15, 17/08/1982
355, 140, 191, 15, DOC. IDENTIDADE/ÓRG EMISSOR UF
355, 155, 86, 11, 353113499
503, 159, 28, 9, POM
600, 158, 18, 9, SC
360, 231, 57, 15, FILIAÇÃO
350, 251, 152, 11, MARUNO LIONEL NIN
348, 269, 54, 12, GOMES
350, 288, 197, 11, GERIN SABIO HUANCA
360, 307, 96, 12, CARVALHO
