154, 116, 57, 18, NOME
151, 138, 261, 11, MARINEIDE ONODY SHIOZAKI
462, 221, 34, 21, CPF
451, 244, 178, 16, 847.474.261-75
751, 418, 63, 20, CAT. HAB.
771, 444, 10, 12, A
628, 482, 108, 22, 1ª HABILITAÇÃO
642, 504, 115, 15, 15/10/1977
440, 485, 68, 16, VALIDADE
441, 503, 126, 16, 29/04/1977
159, 483, 95, 22, Nº REGISTRO
196, 505, 138, 14, 35441883938
21, 352, 21, 160, VÁLIDA EM TODO
75, 330, 30, 205, 792366654
682, 226, 131, 17, DATA NASCIMENTO
677, 243, 116, 16, 14/08/1989
459, 167, 245, 22, DOC. IDENTIDADE/ÓRG EMISSOR UF
643, 190, 28, 10, SSP
773, 189, 21, 11, MS
454, 187, 105, 13, 942606565
467, 278, 67, 19, FILIAÇÃO
453, 299, 260, 13, CIFU DIONISIO PILEGG
455, 322, 89, 13, PEIXOTO
454, 348, 229, 11, RATTACASO DELIBERADOR 
458, 370, 96, 12, MONTEIRO
