116, 110, 36, 10, NOME
109, 122, 256, 11, HAMUD CEDISMONDI VELLUTINI
349, 198, 25, 13, CPF
338, 210, 138, 12, 054.994.805-83
575, 358, 46, 14, CAT. HAB.
590, 376, 18, 10, AB
476, 412, 85, 15, 1ª HABILITAÇÃO
489, 426, 98, 13, 01/12/1967
330, 415, 54, 11, VALIDADE
336, 427, 105, 16, 31/08/1957
112, 416, 71, 14, Nº REGISTRO
142, 430, 117, 12, 14432961865
16, 298, 15, 132, VÁLIDA EM TODO
56, 306, 22, 165, 982277530
520, 195, 100, 14, DATA NASCIMENTO
512, 210, 87, 12, 27/01/1986
347, 149, 187, 13, DOC. IDENTIDADE/ÓRG EMISSOR UF
492, 165, 22, 9, SNJ
588, 164, 19, 10, MA
342, 165, 69, 10, 040263587
352, 240, 52, 15, FILIAÇÃO
343, 258, 198, 10, BARRETTO KANO ESDRAS
342, 296, 189, 10, AIELO APPEZZATO SCA
340, 316, 62, 9, MARTINS
