145, 128, 51, 15, NOME
139, 146, 205, 12, STOCCO IKEBE VARONI
437, 228, 34, 20, CPF
427, 251, 149, 13, 370.424.458-99
714, 424, 64, 19, CAT. HAB.
728, 448, 11, 12, A
593, 487, 105, 16, 1ª HABILITAÇÃO
605, 506, 117, 15, 26/06/1999
409, 487, 67, 17, VALIDADE
415, 508, 97, 12, 27/07/1977
135, 485, 95, 19, Nº REGISTRO
176, 508, 127, 13, 19464666932
16, 343, 21, 159, VÁLIDA EM TODO
73, 334, 23, 183, 026265358
650, 231, 125, 17, DATA NASCIMENTO
640, 243, 127, 20, 06/11/2019
438, 177, 238, 17, DOC. IDENTIDADE/ÓRG EMISSOR UF
430, 194, 96, 13, 272786470
617, 196, 32, 12, SSP
741, 195, 21, 12, SP
436, 282, 68, 17, FILIAÇÃO
428, 304, 263, 12, MARCONATO GORGOLL MENE
427, 349, 220, 13, VERGILI ISAEL SOB
427, 372, 77, 13, ARAGAO
