214, 196, 53, 21, NOME
204, 222, 323, 14, BIAZOLLI CAMARNEIRO ANELY
601, 343, 41, 24, CPF
587, 380, 206, 17, 873.488.756-37
952, 620, 91, 21, CAT. HAB.
963, 659, 14, 16, D
805, 711, 140, 24, 1ª HABILITAÇÃO
802, 737, 168, 22, 25/09/1976
563, 713, 92, 24, VALIDADE
550, 742, 136, 18, 06/01/1997
214, 716, 120, 25, Nº REGISTRO
205, 742, 171, 18, 30776426523
20, 506, 28, 213, VÁLIDA EM TODO
80, 508, 38, 263, 190614006
873, 338, 164, 22, DATA NASCIMENTO
873, 378, 124, 16, 10/12/1981
599, 262, 339, 25, DOC. IDENTIDADE/ÓRG EMISSOR/UF
589, 299, 269, 19, 099161503 SEJ GO
598, 419, 85, 27, FILIAÇÃO
589, 462, 236, 15, CASETA CHUO NAILU
589, 501, 111, 15, DA COSTA
591, 542, 279, 15, BOBRA WAJMAN BERGOCE
588, 582, 111, 16, DA MATA
