114, 116, 40, 15, NOME
107, 132, 170, 13, MAINE QUAIO TAYLA
350, 206, 27, 16, CPF
343, 221, 150, 12, 188.769.264-96
345, 371, 64, 13, PERMISSÃO
342, 379, 106, 20, PERMISSÃO
575, 367, 51, 17, CAT. HAB.
581, 388, 9, 9, A
477, 420, 85, 15, 1ª HABILITAÇÃO
484, 437, 95, 18, 16/08/1971
327, 422, 61, 14, VALIDADE
331, 440, 96, 13, 31/01/2002
111, 421, 72, 17, Nº REGISTRO
136, 440, 106, 11, 51536229936
8, 298, 19, 146, VÁLIDA EM TODO
50, 310, 27, 148, 511771963
523, 204, 97, 15, DATA NASCIMENTO
510, 221, 96, 13, 25/03/1987
346, 157, 193, 16, DOC. IDENTIDADE/ÓRG EMISSOR UF
343, 177, 78, 14, 747479227
492, 177, 24, 9, SES
586, 176, 18, 9, CE
351, 248, 55, 17, FILIAÇÃO
343, 268, 178, 11, FRANCISCONI CARISA
341, 283, 69, 15, MARTINS
345, 307, 216, 11, RIALMA TARSILIO GRIESI
