82, 86, 29, 11, NOME
77, 97, 166, 10, CARNELOS YU NAGAHACHI
255, 154, 23, 11, CPF
249, 163, 96, 12, 602.262.962-45
423, 276, 39, 14, CAT. HAB.
431, 293, 6, 8, B
350, 318, 64, 10, 1ª HABILITAÇÃO
359, 329, 77, 10, 03/08/1994
239, 317, 47, 11, VALIDADE
242, 330, 77, 9, 19/06/1985
79, 313, 53, 16, Nº REGISTRO
100, 330, 85, 12, 77727860156
6, 226, 11, 103, VÁLIDA EM TODO
39, 235, 14, 113, 983670208
384, 153, 79, 13, DATA NASCIMENTO
378, 166, 68, 9, 23/03/1953
257, 120, 146, 11, DOC. IDENTIDADE/ÓRG EMISSOR UF
252, 131, 66, 10, 418951111
365, 133, 19, 7, SES
438, 133, 14, 8, PR
260, 189, 37, 9, FILIAÇÃO
252, 203, 199, 9, ANAYA BARACHATI ALMOUALEM
250, 231, 174, 9, SABONARO SAKAGUTI OELS
