122, 101, 43, 14, NOME
115, 124, 228, 10, ARAGUTE RADESCHI ESTIMO
357, 193, 33, 13, CPF
334, 210, 137, 13, 828.923.967-00
582, 364, 61, 12, CAT. HAB.
593, 380, 8, 10, B
521, 409, 102, 15, 1ª HABILITAÇÃO
508, 426, 97, 13, 21/11/1993
373, 406, 69, 17, VALIDADE
343, 426, 96, 13, 10/05/1986
119, 409, 91, 15, Nº REGISTRO
139, 428, 106, 11, 35579035025
9, 287, 25, 142, VÁLIDA EM TODO
55, 264, 23, 192, 777306162
523, 193, 123, 13, DATA NASCIMENTO
514, 210, 103, 13, 10/12/1995
358, 146, 242, 14, DOC. IDENTIDADE/ÓRG EMISSOR/UF
334, 162, 143, 10, 583423668 SJS GO
361, 238, 59, 14, FILIAÇÃO
336, 258, 238, 10, VANYA APPOLINARIO BERZIN
335, 282, 69, 10, MARTINS
334, 305, 251, 12, BICZYK HARUAKI HARADA
334, 330, 58, 10, DUARTE
