140, 125, 48, 15, NOME
129, 143, 189, 10, TAKAI MIWAKO HADADE
434, 230, 35, 17, CPF
424, 248, 150, 14, 088.231.373-81
717, 420, 62, 17, CAT. HAB.
737, 442, 8, 11, E
594, 483, 112, 18, 1ª HABILITAÇÃO
612, 501, 115, 16, 18/07/1958
410, 487, 69, 14, VALIDADE
412, 500, 126, 17, 07/11/2001
139, 486, 89, 17, Nº REGISTRO
174, 503, 139, 14, 98472749985
12, 332, 23, 174, VÁLIDA EM TODO
74, 347, 25, 178, 71588721
650, 230, 129, 15, DATA NASCIMENTO
643, 246, 96, 14, 28/01/1955
437, 173, 235, 16, DOC. IDENTIDADE/ÓRG EMISSOR UF
622, 192, 30, 12, SES
740, 192, 19, 10, RJ
429, 192, 96, 14, 126665564
437, 282, 69, 16, FILIAÇÃO
429, 303, 275, 15, VENTICINQUE NUZZO GIORGET
428, 325, 90, 13, ALMEIDA
429, 347, 228, 12, IJANETE RUBIN VINHOTO
