155, 117, 57, 18, NOME
152, 139, 206, 11, COPPE RORIZ WASHIMI
463, 222, 34, 21, CPF
451, 245, 179, 16, 069.092.008-37
752, 419, 63, 20, CAT. HAB.
771, 445, 11, 12, C
629, 483, 108, 22, 1ª HABILITAÇÃO
643, 505, 114, 15, 13/01/2011
441, 486, 68, 16, VALIDADE
443, 504, 126, 16, 12/08/1980
160, 484, 95, 22, Nº REGISTRO
196, 506, 139, 14, 29423362357
22, 353, 21, 160, VÁLIDA EM TODO
76, 331, 25, 204, 695049544
683, 227, 131, 17, DATA NASCIMENTO
678, 244, 116, 16, 19/10/1970
460, 168, 245, 22, DOC. IDENTIDADE/ÓRG EMISSOR UF
644, 191, 28, 10, POM
775, 190, 21, 11, SC
455, 188, 105, 13, 958604216
468, 279, 67, 19, FILIAÇÃO
454, 300, 260, 13, CRNKOVIC THAM KULLER
455, 323, 75, 13, SOARES
455, 349, 239, 11, NOCCIOLI CARROZZA BACE
461, 371, 82, 12, PEREIRA
