235, 254, 92, 39, NOME
220, 299, 545, 22, ESPINHA FRAGOZO RUTKOWSKI
777, 473, 63, 33, CPF
762, 508, 344, 27, 423.863.811-53
1278, 841, 111, 31, CAT. HAB.
1301, 883, 20, 22, E
1059, 963, 196, 29, 1ª HABILITAÇÃO
1103, 987, 243, 37, 17/07/1955
743, 964, 118, 25, VALIDADE
745, 996, 224, 31, 07/06/2010
231, 962, 166, 33, Nº REGISTRO
297, 1003, 214, 23, 99930334156
4, 683, 33, 309, VÁLIDA EM TODO
99, 652, 48, 387, 243475738
1161, 473, 236, 33, DATA NASCIMENTO
1149, 511, 203, 27, 18/05/2000
780, 364, 431, 37, DOC. IDENTIDADE/ÓRG EMISSOR UF
762, 404, 191, 24, 687403115
1097, 409, 48, 17, SDS
1320, 403, 46, 23, MA
787, 572, 118, 37, FILIAÇÃO
762, 615, 483, 21, THEREZINHA TROCA KARAV
761, 656, 121, 24, PORTO
758, 696, 456, 27, MOLINO CANCHERINI
766, 742, 172, 24, PEREIRA
