132, 111, 40, 18, NOME
130, 135, 252, 15, MURAOKA TRANCHESI OBREGON
375, 210, 27, 15, CPF
371, 233, 122, 11, 158.553.942-20
601, 383, 57, 17, CAT. HAB.
610, 408, 6, 8, D
505, 439, 90, 14, 1ª HABILITAÇÃO
507, 455, 107, 15, 17/01/1964
349, 435, 63, 18, VALIDADE
347, 452, 97, 15, 08/09/1986
130, 431, 76, 17, Nº REGISTRO
124, 453, 96, 10, 87934145661
7, 301, 21, 134, VÁLIDA EM TODO
48, 311, 19, 157, 007940242
543, 209, 105, 15, DATA NASCIMENTO
543, 233, 86, 12, 21/06/1981
373, 163, 212, 13, DOC. IDENTIDADE/ÓRG EMISSOR/UF
369, 186, 141, 10, 965341628 SJS SP
375, 257, 53, 14, FILIAÇÃO
371, 283, 171, 10, ZARPELON VALDINEI
369, 308, 46, 7, SANTOS
368, 332, 218, 10, ARBEX HOSIASSON GOBARA
371, 356, 47, 10, SOUZA
