122, 110, 41, 13, NOME
117, 125, 208, 10, HELENA CEPIL GATTOLIN
355, 203, 28, 12, CPF
347, 217, 136, 14, 398.977.452-20
580, 364, 47, 17, CAT. HAB.
591, 385, 8, 7, D
478, 418, 89, 13, 1ª HABILITAÇÃO
496, 434, 107, 14, 08/08/2008
336, 417, 55, 15, VALIDADE
340, 428, 95, 18, 17/09/1951
114, 416, 73, 14, Nº REGISTRO
142, 432, 96, 10, 29950252256
12, 299, 17, 135, VÁLIDA EM TODO
55, 285, 20, 164, 081118241
527, 204, 103, 13, DATA NASCIMENTO
520, 218, 96, 13, 13/03/1990
358, 153, 192, 15, DOC. IDENTIDADE/ÓRG EMISSOR UF
349, 171, 78, 11, 960805576
501, 173, 22, 8, SSP
597, 175, 15, 8, RS
356, 246, 56, 15, FILIAÇÃO
350, 264, 219, 10, BRIAO CATELLANI ANGELO
349, 303, 169, 9, VIELLAS LACO BIGELI
350, 321, 64, 9, CARDOSO
