126, 97, 40, 19, NOME
121, 119, 216, 9, GIANGIULIO BORRO VIGATTO
356, 189, 30, 15, CPF
353, 212, 122, 11, 113.845.877-56
566, 357, 53, 16, CAT. HAB.
577, 380, 8, 11, D
480, 410, 80, 15, 1ª HABILITAÇÃO
487, 426, 86, 12, 01/01/2010
337, 410, 57, 14, VALIDADE
329, 425, 95, 13, 01/09/2011
129, 408, 70, 16, Nº REGISTRO
141, 424, 117, 12, 92199454477
9, 282, 20, 143, VÁLIDA EM TODO
50, 286, 20, 179, 071722161
517, 191, 101, 15, DATA NASCIMENTO
519, 210, 86, 13, 20/05/1994
359, 143, 202, 16, DOC. IDENTIDADE/ÓRG EMISSOR/UF
354, 164, 158, 11, 513579199 POF MG
359, 234, 51, 17, FILIAÇÃO
353, 261, 185, 9, PATRIARCHA SARRACCENI 
353, 283, 69, 10, RIBEIRO
353, 307, 194, 11, GALETI PERENTE CALTABI
350, 331, 48, 9, ARAUJO
