128, 99, 38, 15, NOME
123, 114, 197, 12, RUFFOLO SOMER FELL
358, 191, 27, 15, CPF
350, 208, 137, 13, 489.792.310-75
584, 356, 47, 15, CAT. HAB.
588, 376, 11, 9, C
483, 408, 87, 17, 1ª HABILITAÇÃO
497, 425, 95, 13, 05/01/2011
340, 408, 52, 15, VALIDADE
344, 423, 108, 13, 04/01/1953
120, 405, 79, 15, Nº REGISTRO
154, 424, 107, 11, 58607630893
24, 287, 16, 142, VÁLIDA EM TODO
65, 294, 19, 150, 497030633
529, 193, 103, 14, DATA NASCIMENTO
522, 209, 87, 12, 11/02/1979
361, 146, 187, 14, DOC. IDENTIDADE/ÓRG EMISSOR UF
353, 162, 79, 12, 548477917
503, 165, 25, 7, POM
595, 164, 24, 10, BA
361, 237, 55, 15, FILIAÇÃO
355, 250, 186, 14, NEHMI ATIZANI GARBINI
355, 293, 208, 13, JONKE VELASQUES DIORN
