157, 129, 48, 16, NOME
152, 139, 321, 13, IBANHES FRUTEIRO ADRIELLY
450, 229, 36, 14, CPF
442, 246, 151, 17, 457.594.972-86
734, 418, 59, 15, CAT. HAB.
744, 441, 21, 12, AB
607, 479, 109, 17, 1ª HABILITAÇÃO
627, 500, 107, 14, 11/03/1978
425, 480, 70, 24, VALIDADE
432, 506, 107, 13, 19/04/1993
155, 488, 90, 17, Nº REGISTRO
192, 508, 107, 11, 26997991924
21, 346, 21, 163, VÁLIDA EM TODO
70, 331, 32, 201, 485157320
667, 225, 123, 17, DATA NASCIMENTO
654, 243, 107, 14, 20/08/1956
453, 173, 236, 15, DOC. IDENTIDADE/ÓRG EMISSOR UF
444, 193, 87, 11, 157263320
631, 191, 31, 11, SDS
751, 190, 18, 9, BA
455, 280, 66, 17, FILIAÇÃO
446, 301, 205, 11, ROIUK PINSETTA LUCI
447, 323, 96, 11, FERNANDES
443, 345, 238, 12, NYKO DARGEL GIACOMETTI
446, 370, 70, 12, DUARTE
