151, 128, 56, 16, NOME
145, 147, 226, 12, MOBI MARTIELO PARIZ
442, 238, 34, 19, CPF
434, 258, 151, 13, 959.795.736-15
724, 433, 59, 18, CAT. HAB.
735, 458, 9, 11, C
601, 494, 105, 18, 1ª HABILITAÇÃO
616, 516, 127, 16, 28/09/1979
414, 492, 72, 19, VALIDADE
423, 506, 126, 23, 30/10/1985
148, 489, 87, 19, Nº REGISTRO
181, 511, 119, 14, 01211997625
24, 344, 22, 163, VÁLIDA EM TODO
71, 355, 23, 189, 621734124
660, 240, 127, 18, DATA NASCIMENTO
646, 259, 108, 16, 09/11/1975
446, 181, 240, 19, DOC. IDENTIDADE/ÓRG EMISSOR UF
625, 206, 26, 10, SDS
746, 207, 21, 11, MA
437, 202, 104, 13, 115545219
451, 292, 60, 15, FILIAÇÃO
436, 312, 207, 13, JATIR CASPANI CA
433, 358, 234, 14, VILHENA TAMAROZZI
436, 379, 76, 13, BARROS
