128, 111, 41, 19, NOME
122, 130, 285, 14, SUZANA BARRANQUEIRO HERMOC
358, 210, 30, 11, CPF
350, 223, 151, 14, 916.460.086-69
580, 375, 58, 14, CAT. HAB.
595, 394, 9, 10, C
484, 426, 87, 15, 1ª HABILITAÇÃO
502, 443, 105, 17, 19/09/1978
337, 428, 66, 12, VALIDADE
340, 443, 98, 12, 07/12/2015
121, 426, 72, 12, Nº REGISTRO
145, 442, 106, 11, 77141739457
22, 296, 16, 140, VÁLIDA EM TODO
61, 313, 20, 175, 473379701
531, 209, 104, 14, DATA NASCIMENTO
525, 225, 95, 13, 30/10/1982
360, 159, 189, 19, DOC. IDENTIDADE/ÓRG EMISSOR UF
355, 178, 68, 9, 818833695
504, 180, 23, 8, POM
601, 179, 19, 10, CE
361, 250, 57, 16, FILIAÇÃO
352, 272, 217, 10, GURGEIRA HEISER ASSAHI
356, 289, 86, 11, DA ROCHA
354, 306, 220, 15, MARSEL AURELIA BARBOZA
354, 329, 49, 10, MOURA
