130, 111, 38, 15, NOME
122, 128, 170, 9, MINTO ROBAZZA HARUE
360, 204, 28, 13, CPF
352, 218, 136, 12, 493.781.266-18
586, 368, 49, 15, CAT. HAB.
596, 387, 10, 11, C
487, 422, 87, 13, 1ª HABILITAÇÃO
501, 436, 98, 12, 07/01/2002
344, 419, 50, 17, VALIDADE
345, 435, 108, 15, 05/12/1973
124, 420, 71, 13, Nº REGISTRO
147, 436, 108, 11, 83026038109
20, 292, 16, 131, VÁLIDA EM TODO
67, 288, 19, 157, 357317133
530, 203, 103, 14, DATA NASCIMENTO
526, 219, 97, 12, 29/03/1968
362, 158, 188, 13, DOC. IDENTIDADE/ÓRG EMISSOR UF
506, 175, 22, 9, SEJ
357, 173, 67, 11, 718457341
601, 175, 19, 10, AL
363, 248, 55, 15, FILIAÇÃO
354, 266, 196, 9, MASSULA NOCAIS RICARDI
358, 305, 227, 10, PINTINHA OUTI ESTORNIOL
