146, 127, 51, 15, NOME
139, 145, 264, 12, OFELIA ASSENSO SATURNINO
438, 227, 34, 20, CPF
426, 250, 151, 13, 228.115.208-13
715, 423, 64, 19, CAT. HAB.
729, 447, 11, 12, A
594, 486, 105, 16, 1ª HABILITAÇÃO
607, 505, 115, 16, 12/01/1994
410, 486, 67, 17, VALIDADE
416, 507, 96, 12, 27/08/2020
136, 484, 95, 19, Nº REGISTRO
176, 507, 129, 13, 22492776633
17, 342, 21, 159, VÁLIDA EM TODO
74, 333, 23, 184, 732705662
651, 230, 125, 17, DATA NASCIMENTO
641, 246, 127, 16, 31/12/1990
439, 176, 238, 17, DOC. IDENTIDADE/ÓRG EMISSOR UF
431, 193, 96, 13, 581111709
618, 195, 44, 12, SPTC
742, 194, 20, 12, RS
437, 281, 68, 17, FILIAÇÃO
429, 303, 262, 12, NAIDHIG GENIO YONATHAN
429, 348, 210, 18, STELLO KAWASSAKI
428, 371, 75, 13, SOARES
