137, 99, 36, 11, NOME
128, 117, 186, 9, ARNOLD AREND SCHINAZI
366, 189, 23, 14, CPF
356, 212, 137, 11, 066.951.348-20
573, 361, 49, 15, CAT. HAB.
579, 385, 7, 9, E
479, 413, 90, 15, 1ª HABILITAÇÃO
493, 428, 97, 14, 28/04/1987
339, 410, 57, 15, VALIDADE
331, 427, 98, 12, 02/08/1994
132, 406, 71, 16, Nº REGISTRO
146, 424, 117, 13, 76918177369
18, 284, 15, 140, VÁLIDA EM TODO
54, 266, 21, 178, 622353966
525, 194, 97, 15, DATA NASCIMENTO
524, 215, 87, 13, 14/11/2009
366, 146, 200, 16, DOC. IDENTIDADE/ÓRG EMISSOR/UF
360, 165, 158, 11, 296773293 SSP BA
364, 238, 50, 13, FILIAÇÃO
356, 261, 199, 10, VENZOL SANTA LUSTOZA
355, 284, 40, 10, MELO
356, 309, 186, 10, FACHETTI CHINELATO AL
