116, 104, 39, 13, NOME
112, 120, 228, 10, BONFADINI GALUPPO SERCH
349, 196, 28, 13, CPF
343, 210, 137, 12, 184.501.500-27
574, 359, 47, 16, CAT. HAB.
588, 380, 7, 8, E
476, 411, 87, 17, 1ª HABILITAÇÃO
490, 428, 97, 14, 14/02/1983
330, 413, 54, 13, VALIDADE
335, 427, 115, 16, 25/05/2001
113, 410, 68, 16, Nº REGISTRO
141, 429, 107, 11, 53544031493
12, 287, 17, 139, VÁLIDA EM TODO
52, 311, 22, 139, 778485298
521, 195, 103, 15, DATA NASCIMENTO
514, 210, 96, 13, 28/03/1997
351, 146, 187, 17, DOC. IDENTIDADE/ÓRG EMISSOR UF
494, 167, 23, 8, POM
345, 163, 78, 11, 166065055
590, 167, 16, 8, MS
356, 239, 49, 15, FILIAÇÃO
345, 258, 186, 9, VELLOZO CESAR PANCONI
345, 277, 42, 8, LOPES
342, 296, 219, 10, YAMATE ISLAIM THALLITA
