111, 111, 41, 15, NOME
106, 121, 239, 16, KAWAOKA BORANDI CARVALHO
343, 202, 30, 13, CPF
337, 218, 123, 11, 151.687.116-26
572, 365, 49, 14, CAT. HAB.
585, 383, 19, 10, AB
475, 419, 82, 14, 1ª HABILITAÇÃO
488, 435, 106, 13, 13/11/1990
330, 419, 52, 15, VALIDADE
331, 434, 106, 13, 11/01/1989
107, 418, 74, 16, Nº REGISTRO
136, 435, 118, 12, 61827469410
8, 291, 19, 135, VÁLIDA EM TODO
55, 303, 19, 171, 906414390
516, 201, 105, 13, DATA NASCIMENTO
511, 217, 96, 13, 30/11/1999
345, 156, 188, 12, DOC. IDENTIDADE/ÓRG EMISSOR UF
487, 172, 24, 8, POF
342, 170, 69, 10, 336534085
587, 171, 20, 10, GO
348, 245, 54, 14, FILIAÇÃO
339, 265, 232, 10, TOMASELLA COSSETI IMAGIIRE
342, 302, 209, 10, MADRID PECORA PIAGENT
342, 322, 69, 10, ALMEIDA
