109, 104, 40, 15, NOME
104, 119, 207, 10, PAGLIARINI GALASSO DU
344, 197, 26, 13, CPF
336, 209, 151, 13, 685.564.813-45
569, 361, 46, 14, CAT. HAB.
579, 380, 14, 7, AB
470, 413, 88, 14, 1ª HABILITAÇÃO
474, 427, 102, 15, 10/10/1976
322, 413, 58, 12, VALIDADE
322, 428, 98, 13, 07/12/2015
108, 411, 72, 14, Nº REGISTRO
131, 428, 108, 11, 89423716459
7, 282, 18, 134, VÁLIDA EM TODO
53, 268, 20, 167, 561774766
516, 198, 98, 11, DATA NASCIMENTO
508, 210, 97, 13, 10/05/1980
344, 149, 188, 14, DOC. IDENTIDADE/ÓRG EMISSOR UF
489, 167, 30, 8, SPTC
587, 166, 13, 8, SC
338, 164, 69, 10, 524698491
348, 239, 51, 13, FILIAÇÃO
338, 257, 186, 10, VETRONE ZON FIORINI
338, 296, 218, 10, SPLENDORE HUANG TSCHAN
339, 314, 43, 9, VIANA
