144, 97, 37, 15, NOME
142, 117, 160, 10, POZ BELLOTI FILETO
383, 191, 28, 16, CPF
380, 215, 122, 11, 955.859.801-14
609, 365, 54, 16, CAT. HAB.
621, 388, 8, 9, B
515, 420, 91, 16, 1ª HABILITAÇÃO
517, 439, 97, 15, 08/07/1955
360, 419, 59, 14, VALIDADE
355, 437, 98, 12, 28/06/1995
135, 415, 76, 21, Nº REGISTRO
136, 435, 116, 13, 92244742655
1, 13, 30, 8, VÁLIDA EM TODO
49, 261, 24, 191, 643385110
552, 191, 101, 17, DATA NASCIMENTO
554, 217, 97, 13, 13/11/2013
385, 146, 208, 17, DOC. IDENTIDADE/ÓRG EMISSOR/UF
378, 166, 127, 10, 626740629 SDS SP
387, 238, 51, 15, FILIAÇÃO
378, 264, 217, 11, OTUKA SUNADA CORADAZZI
377, 314, 237, 11, ESCAMILLA TRALBA ZIMOVSK
380, 338, 61, 10, FREITAS
