156, 120, 47, 18, NOME
145, 132, 279, 15, TIOMA KUSHIDA SHAYNE
447, 223, 30, 16, CPF
436, 241, 151, 13, 613.998.332-00
724, 413, 56, 15, CAT. HAB.
738, 435, 11, 11, C
602, 476, 104, 16, 1ª HABILITAÇÃO
617, 494, 115, 15, 10/07/1957
422, 479, 63, 16, VALIDADE
422, 497, 115, 20, 14/03/1968
148, 481, 89, 19, Nº REGISTRO
182, 499, 138, 14, 32938396750
16, 334, 22, 177, VÁLIDA EM TODO
70, 319, 23, 194, 774875596
660, 219, 125, 16, DATA NASCIMENTO
649, 237, 107, 16, 20/11/1955
447, 166, 233, 16, DOC. IDENTIDADE/ÓRG EMISSOR UF
440, 187, 96, 12, 977974790
626, 185, 30, 11, SSP
749, 182, 20, 12, RS
446, 271, 67, 21, FILIAÇÃO
436, 341, 217, 11, BULL RODRIGUES MARNE
436, 364, 77, 12, CARDOSO
433, 293, 187, 10, TADEI CELIA PESSINI
