135, 107, 39, 16, NOME
131, 126, 187, 10, ARINELLI RUBINHO NERY
374, 204, 25, 15, CPF
366, 226, 135, 12, 209.197.359-91
592, 375, 51, 16, CAT. HAB.
598, 399, 7, 8, A
496, 426, 87, 18, 1ª HABILITAÇÃO
491, 446, 112, 32, 10/01/1965
344, 426, 61, 16, VALIDADE
338, 443, 107, 14, 13/06/1962
130, 420, 77, 17, Nº REGISTRO
129, 440, 105, 15, 77675473742
19, 289, 21, 135, VÁLIDA EM TODO
60, 271, 22, 174, 994781996
537, 202, 103, 18, DATA NASCIMENTO
539, 228, 87, 12, 04/03/1997
372, 158, 207, 16, DOC. IDENTIDADE/ÓRG EMISSOR/UF
368, 178, 157, 11, 401840896 SJS BA
372, 249, 51, 18, FILIAÇÃO
364, 275, 177, 11, OJIMA ASSALIN KAZI
363, 323, 126, 10, LIS FAGARAZ SOEL
363, 347, 46, 10, DA LUZ
