140, 125, 48, 15, NOME
130, 143, 148, 10, AZZI SOUDKI THE
434, 230, 35, 17, CPF
425, 248, 150, 15, 426.723.087-05
717, 420, 62, 17, CAT. HAB.
737, 442, 9, 11, B
594, 483, 112, 18, 1ª HABILITAÇÃO
612, 501, 116, 16, 15/07/2020
410, 487, 69, 14, VALIDADE
414, 500, 125, 17, 15/08/1982
139, 486, 89, 17, Nº REGISTRO
174, 503, 139, 14, 41605661388
12, 332, 23, 174, VÁLIDA EM TODO
74, 346, 31, 178, 66554589
650, 230, 129, 15, DATA NASCIMENTO
642, 246, 98, 14, 08/07/2019
437, 173, 235, 16, DOC. IDENTIDADE/ÓRG EMISSOR UF
622, 192, 31, 12, POM
740, 192, 18, 10, RN
429, 192, 96, 14, 473877740
437, 282, 69, 16, FILIAÇÃO
431, 303, 195, 12, FARKAS NAOJU YANES
428, 325, 126, 13, CAVALCANTI
427, 347, 205, 12, SUETO PEDAO LARIANI
