155, 121, 47, 18, NOME
144, 133, 279, 15, TIOMA KUSHIDA SHAYNE
446, 224, 30, 16, CPF
435, 242, 151, 13, 613.998.332-00
723, 414, 56, 15, CAT. HAB.
737, 436, 11, 11, C
601, 477, 104, 16, 1ª HABILITAÇÃO
616, 495, 115, 15, 10/07/1957
421, 480, 63, 16, VALIDADE
421, 498, 115, 20, 14/03/1968
147, 482, 89, 19, Nº REGISTRO
181, 500, 138, 14, 32938396750
15, 335, 22, 177, VÁLIDA EM TODO
69, 320, 23, 194, 774875596
659, 220, 125, 16, DATA NASCIMENTO
648, 238, 107, 16, 20/11/1955
446, 167, 233, 16, DOC. IDENTIDADE/ÓRG EMISSOR UF
439, 188, 96, 12, 977974790
625, 186, 30, 11, SSP
748, 183, 20, 12, RS
445, 272, 67, 21, FILIAÇÃO
435, 342, 217, 11, BULL RODRIGUES MARNE
435, 365, 77, 12, CARDOSO
432, 294, 187, 10, TADEI CELIA PESSINI
