148, 128, 52, 17, NOME
141, 146, 249, 12, SPINELLA KLIMUK MINOZZI
445, 231, 30, 16, CPF
429, 248, 166, 15, 394.601.539-50
728, 418, 58, 21, CAT. HAB.
738, 442, 9, 11, A
602, 482, 111, 20, 1ª HABILITAÇÃO
622, 504, 106, 14, 24/08/2004
422, 486, 71, 17, VALIDADE
424, 504, 107, 15, 22/06/1989
148, 489, 91, 19, Nº REGISTRO
187, 506, 139, 14, 87281184878
18, 357, 22, 156, VÁLIDA EM TODO
71, 328, 32, 202, 720512449
657, 228, 130, 17, DATA NASCIMENTO
649, 246, 107, 14, 18/09/1977
443, 174, 237, 18, DOC. IDENTIDADE/ÓRG EMISSOR UF
620, 195, 28, 10, SEJ
742, 194, 18, 8, MG
437, 195, 94, 13, 635908931
441, 280, 74, 20, FILIAÇÃO
437, 305, 200, 10, MIOTO NOVOTNY RAPADO
437, 328, 79, 10, DA CUNHA
435, 348, 286, 12, CAOVILA FURUKAVA ABONDANZA
439, 372, 52, 12, PIRES
