151, 124, 51, 17, NOME
145, 142, 239, 11, TENO FAVARO LUCIANELLI
451, 230, 27, 14, CPF
438, 247, 151, 14, 690.139.975-89
732, 421, 63, 16, CAT. HAB.
746, 442, 11, 13, A
609, 482, 111, 21, 1ª HABILITAÇÃO
627, 502, 117, 15, 23/11/1990
426, 483, 82, 17, VALIDADE
434, 503, 106, 14, 26/08/1987
155, 484, 87, 20, Nº REGISTRO
189, 503, 140, 14, 25908796976
22, 349, 23, 162, VÁLIDA EM TODO
82, 358, 24, 200, 218211291
665, 227, 127, 16, DATA NASCIMENTO
656, 244, 118, 16, 06/06/1956
450, 174, 235, 15, DOC. IDENTIDADE/ÓRG EMISSOR UF
441, 193, 96, 12, 695838436
630, 194, 38, 10, SESP
752, 194, 20, 10, TO
454, 278, 65, 21, FILIAÇÃO
440, 298, 207, 15, TOMAZ CANDIDO MORANDI
442, 348, 226, 12, FURUYA AVIAN DEVECCHI
