235, 254, 92, 39, NOME
222, 299, 525, 22, FAVORETO KATSUYUKI BEMBO
777, 473, 63, 33, CPF
763, 508, 342, 27, 903.532.042-50
1278, 841, 111, 31, CAT. HAB.
1301, 883, 20, 22, D
1059, 963, 196, 29, 1ª HABILITAÇÃO
1103, 990, 242, 34, 11/09/1994
743, 964, 118, 25, VALIDADE
745, 996, 223, 31, 17/01/2011
231, 962, 166, 33, Nº REGISTRO
297, 1004, 213, 22, 13814088102
4, 683, 33, 309, VÁLIDA EM TODO
99, 643, 48, 395, 579255526
1161, 473, 236, 33, DATA NASCIMENTO
1148, 511, 204, 27, 03/07/1958
780, 364, 431, 37, DOC. IDENTIDADE/ÓRG EMISSOR UF
762, 404, 191, 24, 164378005
1097, 409, 66, 17, SESP
1321, 403, 44, 23, GO
787, 572, 118, 37, FILIAÇÃO
765, 615, 413, 27, ISIDE ELIER QUINTAL
758, 656, 99, 24, MELO
1219, 696, 24, 27, NABUCO SCHIEZARI L
765, 742, 120, 24, JESUS
