133, 109, 38, 15, NOME
133, 133, 268, 10, SCHUNCK BONIFACI ESPERANDIO
378, 208, 27, 15, CPF
372, 233, 111, 13, 267.207.179-95
599, 384, 55, 19, CAT. HAB.
610, 409, 7, 9, E
503, 437, 89, 17, 1ª HABILITAÇÃO
506, 457, 107, 14, 03/05/1994
354, 437, 57, 14, VALIDADE
350, 455, 107, 14, 16/04/1989
137, 433, 77, 19, Nº REGISTRO
136, 453, 108, 11, 02323057825
14, 310, 15, 131, VÁLIDA EM TODO
55, 297, 22, 176, 276290896
543, 206, 106, 19, DATA NASCIMENTO
547, 234, 97, 13, 23/07/1963
375, 158, 214, 19, DOC. IDENTIDADE/ÓRG EMISSOR/UF
374, 184, 156, 11, 360862093 SDS MG
376, 258, 53, 13, FILIAÇÃO
371, 283, 198, 12, MOLINARI KAMEYO JO
369, 308, 72, 10, CARVALHO
372, 333, 214, 9, POYART TENENBOJM POLACOW
