123, 102, 39, 13, NOME
118, 115, 195, 12, TOMAZINI RIGATO GAZELL
355, 194, 25, 12, CPF
349, 208, 136, 15, 766.362.262-69
579, 356, 50, 15, CAT. HAB.
594, 376, 16, 9, AB
483, 411, 83, 16, 1ª HABILITAÇÃO
492, 426, 97, 13, 07/08/1988
338, 410, 53, 13, VALIDADE
343, 420, 98, 18, 06/10/1965
121, 409, 70, 18, Nº REGISTRO
149, 426, 106, 11, 70002269785
20, 288, 17, 130, VÁLIDA EM TODO
70, 296, 23, 140, 849623217
526, 192, 99, 15, DATA NASCIMENTO
521, 204, 97, 19, 11/01/2004
356, 144, 189, 15, DOC. IDENTIDADE/ÓRG EMISSOR UF
500, 163, 33, 8, SESP
597, 163, 17, 9, BA
350, 162, 78, 10, 246962574
360, 236, 51, 13, FILIAÇÃO
350, 251, 179, 14, VALENTINO SALVATO UH
350, 273, 88, 12, MONTEIRO
349, 293, 180, 11, TARCIUS MAEJIMA BO
352, 312, 65, 12, MENDES
