157, 126, 49, 13, NOME
149, 137, 252, 12, KEITH DOROTHEIA PETRONE
445, 227, 39, 16, CPF
435, 244, 180, 19, 794.467.456-59
728, 418, 57, 17, CAT. HAB.
743, 438, 9, 11, D
601, 479, 110, 17, 1ª HABILITAÇÃO
619, 498, 108, 15, 05/02/1984
422, 484, 69, 15, VALIDADE
427, 500, 107, 14, 11/06/2010
146, 485, 91, 18, Nº REGISTRO
183, 503, 119, 14, 02020576224
22, 356, 23, 158, VÁLIDA EM TODO
78, 347, 23, 183, 169276856
660, 224, 126, 18, DATA NASCIMENTO
652, 242, 107, 20, 09/05/1994
449, 171, 236, 15, DOC. IDENTIDADE/ÓRG EMISSOR UF
627, 189, 27, 10, SJS
748, 188, 19, 10, MS
443, 191, 86, 11, 325829998
453, 277, 67, 17, FILIAÇÃO
440, 300, 239, 12, MARLON FALTIN FURUICHI
442, 323, 89, 13, MARTINS
439, 344, 253, 12, MITSUNARI EBLING RUBIAO
440, 368, 39, 10, LIMA
