103, 113, 41, 12, NOME
94, 130, 237, 10, GOLDSTEIN MURATA RAMPONI
339, 201, 26, 17, CPF
328, 220, 137, 11, 480.645.201-77
564, 368, 45, 15, CAT. HAB.
573, 386, 18, 10, AB
466, 421, 85, 15, 1ª HABILITAÇÃO
478, 438, 97, 16, 24/11/2019
320, 417, 57, 17, VALIDADE
323, 435, 97, 14, 14/11/1953
101, 415, 69, 20, Nº REGISTRO
130, 435, 107, 11, 54799284519
6, 286, 16, 140, VÁLIDA EM TODO
52, 315, 19, 161, 213038266
510, 205, 99, 14, DATA NASCIMENTO
502, 219, 97, 12, 15/11/1980
334, 157, 199, 15, DOC. IDENTIDADE/ÓRG EMISSOR UF
334, 172, 88, 11, 050048272
484, 174, 28, 10, POM
578, 175, 17, 8, GO
342, 250, 53, 13, FILIAÇÃO
331, 268, 160, 10, TANACA GHANI FESTA
334, 305, 168, 10, RENNE ARAUJO SEON
334, 323, 80, 10, CALDEIRA
