124, 102, 38, 13, NOME
119, 116, 218, 11, EMYLLI GALVANI HENDRES
360, 194, 27, 13, CPF
350, 207, 150, 14, 095.198.068-81
582, 356, 48, 15, CAT. HAB.
594, 377, 7, 9, E
484, 408, 87, 16, 1ª HABILITAÇÃO
496, 426, 108, 14, 07/05/1977
339, 410, 55, 13, VALIDADE
346, 426, 97, 13, 14/09/2012
122, 410, 72, 13, Nº REGISTRO
150, 424, 118, 13, 66860310004
19, 286, 19, 135, VÁLIDA EM TODO
65, 294, 21, 178, 567122800
528, 195, 103, 14, DATA NASCIMENTO
521, 209, 96, 13, 06/12/1991
359, 145, 188, 17, DOC. IDENTIDADE/ÓRG EMISSOR UF
354, 162, 87, 11, 832071894
502, 165, 24, 7, SDS
600, 164, 23, 11, MA
361, 233, 56, 16, FILIAÇÃO
354, 255, 209, 10, LUSSIM ALEGRE TELHADO
357, 293, 185, 12, FERRAROTTO ZARINO
354, 311, 53, 11, SOUZA
