125, 102, 40, 17, NOME
120, 121, 257, 11, TARRATACA MARTINEZ MARESTI
360, 197, 28, 14, CPF
350, 213, 150, 13, 007.022.485-41
581, 365, 46, 17, CAT. HAB.
590, 383, 7, 10, E
483, 418, 88, 14, 1ª HABILITAÇÃO
495, 433, 105, 13, 13/04/1972
336, 416, 54, 14, VALIDADE
342, 431, 108, 13, 03/06/2020
118, 412, 71, 14, Nº REGISTRO
145, 428, 118, 12, 93434161265
18, 283, 19, 134, VÁLIDA EM TODO
57, 290, 20, 166, 365186705
528, 202, 107, 12, DATA NASCIMENTO
523, 216, 96, 14, 22/09/1964
359, 150, 191, 17, DOC. IDENTIDADE/ÓRG EMISSOR UF
355, 168, 86, 13, 936793934
503, 170, 22, 9, SEJ
603, 173, 15, 7, RS
362, 242, 52, 15, FILIAÇÃO
351, 261, 252, 11, MITSUHIRO VELLUTINI TOR
350, 298, 218, 11, SACCHETTO ROCA PEREG
