115, 110, 36, 10, NOME
108, 123, 246, 11, DESIREE AISSA PICCIARELLI
348, 198, 25, 13, CPF
338, 210, 137, 12, 595.132.571-42
574, 358, 46, 14, CAT. HAB.
588, 376, 8, 9, D
475, 412, 85, 15, 1ª HABILITAÇÃO
489, 426, 97, 13, 10/01/2019
329, 415, 54, 11, VALIDADE
334, 427, 107, 16, 29/11/2003
111, 416, 71, 14, Nº REGISTRO
140, 430, 118, 13, 45519973469
15, 298, 15, 132, VÁLIDA EM TODO
55, 306, 22, 165, 209278316
519, 195, 100, 14, DATA NASCIMENTO
511, 210, 86, 12, 10/08/1951
346, 149, 187, 13, DOC. IDENTIDADE/ÓRG EMISSOR UF
491, 165, 22, 8, SSP
589, 165, 17, 8, SP
340, 165, 71, 10, 688401570
351, 240, 52, 15, FILIAÇÃO
343, 258, 147, 11, PIVA FINK CELIN
342, 296, 188, 14, PAREJA RIUJI BUSTAM
340, 316, 61, 9, BARBOSA
