137, 104, 34, 17, NOME
130, 129, 259, 10, HERMENEGILDO CORALI PRANDO
370, 203, 29, 16, CPF
366, 227, 151, 12, 281.475.523-43
589, 375, 55, 20, CAT. HAB.
594, 401, 8, 8, A
492, 430, 93, 16, 1ª HABILITAÇÃO
497, 447, 108, 14, 08/11/1955
346, 427, 53, 15, VALIDADE
338, 445, 108, 15, 08/11/1984
122, 423, 81, 19, Nº REGISTRO
125, 442, 118, 13, 40906311666
5, 13, 23, 13, VÁLIDA EM TODO
48, 292, 21, 173, 362312974
537, 204, 104, 16, DATA NASCIMENTO
534, 229, 87, 16, 21/08/2010
370, 155, 211, 20, DOC. IDENTIDADE/ÓRG EMISSOR/UF
367, 178, 141, 12, 113275171 POM PA
367, 249, 59, 16, FILIAÇÃO
365, 275, 142, 12, MEDEIRO VESCO
365, 300, 46, 10, PIRES
364, 324, 154, 10, LIHYUN NOLI GAV
364, 350, 61, 9, DA MATA
