140, 134, 47, 19, NOME
132, 153, 271, 13, BOTTA PACCEZ MACEIRAS
415, 250, 35, 16, CPF
405, 268, 178, 16, 028.761.746-77
681, 457, 58, 19, CAT. HAB.
697, 482, 9, 10, A
567, 523, 107, 19, 1ª HABILITAÇÃO
586, 544, 123, 16, 19/08/1981
394, 520, 66, 22, VALIDADE
402, 541, 127, 17, 20/11/2003
139, 519, 87, 19, Nº REGISTRO
171, 542, 139, 14, 58035486124
24, 374, 20, 163, VÁLIDA EM TODO
71, 407, 23, 183, 595044877
615, 251, 126, 17, DATA NASCIMENTO
607, 270, 125, 16, 16/09/2003
416, 191, 222, 17, DOC. IDENTIDADE/ÓRG EMISSOR UF
408, 210, 106, 13, 742346080
588, 213, 31, 12, POM
699, 213, 21, 10, MG
421, 304, 62, 20, FILIAÇÃO
412, 329, 273, 11, KAZUMITSU SAMMARONE PROTA
411, 352, 63, 11, DUARTE
410, 378, 184, 11, BEIM GOIA MORETTE
411, 401, 116, 12, CAVALCANTI
