128, 118, 39, 13, NOME
123, 133, 224, 9, BOLOGNATO GAROZZO ESTEVAO
361, 208, 27, 15, CPF
354, 223, 138, 16, 598.951.137-06
585, 370, 48, 17, CAT. HAB.
599, 392, 8, 8, A
488, 425, 87, 15, 1ª HABILITAÇÃO
501, 442, 87, 11, 11/12/1986
342, 425, 53, 15, VALIDADE
348, 442, 87, 12, 10/08/2007
121, 423, 76, 17, Nº REGISTRO
148, 442, 107, 11, 23238124310
16, 298, 17, 135, VÁLIDA EM TODO
69, 303, 25, 165, 662637740
534, 209, 101, 12, DATA NASCIMENTO
527, 224, 97, 14, 02/08/1999
361, 160, 192, 15, DOC. IDENTIDADE/ÓRG EMISSOR UF
506, 179, 21, 8, SSP
359, 177, 69, 11, 357637823
606, 180, 16, 7, RN
365, 251, 51, 16, FILIAÇÃO
358, 272, 174, 8, PLACA BENVENUTI SANTAN
357, 290, 57, 10, DA LUZ
356, 310, 178, 9, ARENDA KATIPIAM LAMB
359, 328, 68, 10, PEIXOTO
