115, 98, 42, 15, NOME
106, 116, 168, 10, DHYAN GIASSI DEBS
345, 191, 33, 13, CPF
340, 206, 137, 11, 255.834.700-46
572, 354, 47, 15, CAT. HAB.
583, 374, 9, 9, C
469, 408, 93, 17, 1ª HABILITAÇÃO
484, 424, 108, 14, 04/01/2019
324, 408, 60, 16, VALIDADE
330, 423, 98, 16, 06/01/1958
109, 404, 73, 17, Nº REGISTRO
140, 423, 104, 12, 34194128431
17, 282, 17, 132, VÁLIDA EM TODO
63, 285, 18, 149, 082239580
519, 190, 103, 14, DATA NASCIMENTO
510, 206, 97, 15, 29/04/1958
349, 142, 188, 17, DOC. IDENTIDADE/ÓRG EMISSOR UF
343, 160, 69, 11, 735636175
491, 162, 22, 9, SNJ
590, 162, 16, 10, SC
349, 234, 54, 18, FILIAÇÃO
337, 254, 170, 10, COA PIRILLO YULKO
341, 291, 239, 12, MIREILLE ROLL BONIFACI
