150, 129, 49, 20, NOME
142, 149, 311, 12, MALPELLI GREGOLIN ORIVALDO
445, 238, 32, 15, CPF
434, 257, 150, 14, 759.509.753-32
725, 431, 64, 13, CAT. HAB.
742, 451, 9, 11, C
605, 491, 106, 19, 1ª HABILITAÇÃO
619, 511, 107, 15, 21/03/1974
418, 491, 76, 21, VALIDADE
427, 509, 125, 17, 10/03/1952
148, 490, 93, 21, Nº REGISTRO
182, 513, 129, 13, 38510569947
17, 348, 23, 171, VÁLIDA EM TODO
69, 346, 23, 190, 438718966
659, 236, 130, 16, DATA NASCIMENTO
650, 255, 105, 14, 18/12/1981
442, 182, 242, 15, DOC. IDENTIDADE/ÓRG EMISSOR UF
626, 202, 27, 10, SNJ
749, 202, 17, 9, PA
436, 201, 88, 11, 802390092
442, 287, 75, 17, FILIAÇÃO
436, 310, 273, 12, DEBORA PERTILE SEMIONOVAS
438, 355, 229, 12, LANCELLOTE JOU DALINE
438, 378, 95, 12, DA COSTA
