137, 104, 34, 17, NOME
131, 129, 257, 11, FUCCIO CAVICHIOLI CATARINA
370, 203, 29, 16, CPF
367, 227, 150, 12, 131.492.910-03
589, 375, 55, 20, CAT. HAB.
595, 402, 7, 7, B
492, 430, 93, 16, 1ª HABILITAÇÃO
498, 447, 107, 14, 29/11/1954
346, 427, 53, 15, VALIDADE
339, 445, 107, 14, 22/08/2003
122, 423, 81, 19, Nº REGISTRO
125, 442, 118, 13, 47781723222
5, 13, 23, 13, VÁLIDA EM TODO
48, 292, 21, 173, 841720874
537, 204, 104, 16, DATA NASCIMENTO
535, 229, 87, 16, 06/08/1997
370, 155, 211, 20, DOC. IDENTIDADE/ÓRG EMISSOR/UF
366, 179, 142, 10, 870068659 SSP CE
367, 249, 59, 16, FILIAÇÃO
364, 275, 143, 12, CECARA INGRAC
364, 300, 87, 10, RODRIGUES
363, 324, 155, 10, CAPPABIANCO REV
363, 350, 53, 9, MENDES
