165, 141, 60, 18, NOME
151, 165, 347, 16, UBALDINI ODA MASAYOSHI
510, 273, 37, 24, CPF
488, 300, 220, 18, 702.739.780-39
818, 516, 87, 29, CAT. HAB.
841, 555, 13, 15, B
741, 591, 138, 25, 1ª HABILITAÇÃO
720, 615, 166, 23, 21/08/1968
528, 592, 92, 22, VALIDADE
484, 617, 167, 23, 07/09/1976
169, 592, 115, 24, Nº REGISTRO
193, 620, 151, 16, 53824867675
17, 429, 22, 193, VÁLIDA EM TODO
75, 436, 28, 229, 286097415
756, 269, 153, 28, DATA NASCIMENTO
745, 297, 167, 23, 28/12/1966
511, 205, 308, 29, DOC. IDENTIDADE/ÓRG EMISSOR/UF
490, 231, 234, 15, 144865889 SESP PE
512, 343, 77, 23, FILIAÇÃO
494, 374, 381, 17, FRACCINI TAKECHI GOLCMAN
497, 448, 284, 15, GUSTAVO FRATANTONIO
495, 485, 110, 16, DA ROSA
