158, 129, 48, 16, NOME
152, 139, 349, 13, FLORENTINO YACUBIAN SENTEIO
451, 229, 36, 14, CPF
444, 246, 150, 17, 325.170.377-36
735, 418, 59, 15, CAT. HAB.
745, 441, 10, 12, A
608, 479, 109, 17, 1ª HABILITAÇÃO
628, 500, 107, 14, 28/05/1992
426, 480, 70, 24, VALIDADE
433, 506, 106, 14, 11/09/1985
156, 488, 90, 17, Nº REGISTRO
193, 508, 107, 11, 23095143264
22, 346, 21, 163, VÁLIDA EM TODO
71, 331, 31, 202, 567932963
668, 225, 123, 17, DATA NASCIMENTO
654, 243, 107, 15, 07/03/1995
454, 173, 236, 15, DOC. IDENTIDADE/ÓRG EMISSOR UF
444, 193, 86, 11, 503625981
632, 191, 31, 11, SES
751, 190, 19, 9, MG
456, 280, 66, 17, FILIAÇÃO
446, 301, 207, 14, QUITERIO SHIROUZU E
446, 323, 76, 11, MARTINS
445, 345, 283, 12, PEDRETTI VELAME WAKABAYASH
447, 370, 59, 12, MOURA
