156, 120, 47, 18, NOME
145, 132, 307, 15, BRUSTOLIN VALLIN DAFNE
447, 223, 30, 16, CPF
436, 241, 150, 13, 481.292.370-08
724, 413, 56, 15, CAT. HAB.
739, 435, 9, 11, B
602, 476, 104, 16, 1ª HABILITAÇÃO
615, 494, 117, 15, 06/10/1987
422, 479, 63, 16, VALIDADE
421, 497, 117, 20, 21/07/2006
148, 481, 89, 19, Nº REGISTRO
181, 499, 139, 14, 40592258573
16, 334, 22, 177, VÁLIDA EM TODO
70, 319, 23, 193, 321270009
660, 219, 125, 16, DATA NASCIMENTO
649, 237, 107, 15, 15/10/1962
447, 166, 233, 16, DOC. IDENTIDADE/ÓRG EMISSOR UF
442, 187, 94, 12, 785283936
626, 185, 30, 11, SES
749, 182, 20, 12, ES
446, 271, 67, 21, FILIAÇÃO
436, 341, 240, 11, ANDREU CASENTINI SALEM
437, 364, 97, 12, RODRIGUES
433, 291, 167, 12, ODAS MOMOI TOMASI
