149, 132, 49, 18, NOME
139, 151, 310, 13, CAPELLARO MADEIRA BICZYK
449, 242, 36, 17, CPF
434, 259, 170, 14, 795.991.802-32
741, 439, 63, 15, CAT. HAB.
750, 462, 10, 8, D
611, 500, 111, 21, 1ª HABILITAÇÃO
632, 523, 116, 20, 17/01/1976
426, 504, 65, 16, VALIDADE
427, 521, 128, 15, 02/02/2009
141, 501, 91, 15, Nº REGISTRO
178, 521, 136, 14, 31822181521
18, 345, 22, 163, VÁLIDA EM TODO
-1, 77, 193, 23, 326636535
670, 241, 129, 18, DATA NASCIMENTO
661, 261, 107, 14, 25/12/1995
449, 183, 246, 22, DOC. IDENTIDADE/ÓRG EMISSOR UF
637, 208, 38, 10, SESP
764, 208, 19, 11, PB
446, 205, 104, 13, 721248123
451, 294, 70, 18, FILIAÇÃO
440, 317, 218, 14, CHIBIM MITIYUE COQUE
444, 363, 270, 13, TOJI NEVENKA FORATTIN
442, 384, 69, 14, ROCHA
