127, 100, 38, 15, NOME
123, 115, 196, 12, LARCHER FRADICO CA
357, 192, 27, 15, CPF
350, 209, 136, 12, 562.855.639-42
583, 357, 47, 15, CAT. HAB.
588, 377, 9, 9, A
482, 409, 87, 17, 1ª HABILITAÇÃO
496, 426, 97, 13, 21/04/1966
339, 409, 52, 15, VALIDADE
343, 424, 108, 13, 09/11/2003
119, 406, 79, 15, Nº REGISTRO
154, 425, 105, 11, 74129430080
23, 288, 16, 142, VÁLIDA EM TODO
64, 296, 19, 148, 846738140
528, 194, 103, 14, DATA NASCIMENTO
521, 210, 86, 12, 07/02/2001
360, 147, 187, 14, DOC. IDENTIDADE/ÓRG EMISSOR UF
352, 163, 78, 11, 569077096
502, 165, 25, 9, SEJ
600, 165, 18, 9, RS
360, 238, 55, 15, FILIAÇÃO
354, 256, 160, 9, AHN TEIICHI SALEMA
355, 294, 207, 10, FORATTINI TOSI MARIAN
