115, 105, 38, 13, NOME
110, 121, 158, 10, ANAHY COVO UCKUS
348, 196, 26, 13, CPF
342, 211, 137, 12, 152.899.306-39
574, 358, 47, 16, CAT. HAB.
583, 379, 9, 10, B
474, 413, 89, 15, 1ª HABILITAÇÃO
487, 429, 97, 14, 28/09/1984
326, 411, 59, 18, VALIDADE
336, 430, 97, 17, 21/08/1984
115, 413, 67, 15, Nº REGISTRO
140, 431, 106, 16, 70153831269
14, 296, 16, 134, VÁLIDA EM TODO
59, 300, 19, 146, 165713931
521, 197, 98, 12, DATA NASCIMENTO
511, 211, 87, 12, 21/08/1986
350, 150, 185, 13, DOC. IDENTIDADE/ÓRG EMISSOR UF
343, 163, 78, 12, 255450771
494, 165, 38, 11, SPTC
590, 166, 19, 9, MG
352, 238, 53, 15, FILIAÇÃO
345, 258, 198, 10, EMILE BORRACHA IUCIF
345, 297, 169, 14, HYODO PINTO FERRARO
342, 314, 80, 10, TEIXEIRA
