145, 98, 37, 15, NOME
141, 118, 260, 10, JORGETTO FELICISSIMO BORTOLOT
384, 192, 28, 16, CPF
381, 211, 122, 20, 038.714.829-94
610, 366, 54, 16, CAT. HAB.
622, 389, 8, 9, A
516, 421, 91, 16, 1ª HABILITAÇÃO
519, 435, 97, 20, 19/04/1984
361, 420, 59, 14, VALIDADE
356, 437, 97, 13, 28/10/2017
136, 416, 76, 21, Nº REGISTRO
136, 436, 115, 13, 79139458081
698, 686, -30, -8, VÁLIDA EM TODO
50, 263, 24, 191, 596633501
553, 192, 101, 17, DATA NASCIMENTO
555, 218, 97, 13, 14/12/2003
386, 147, 208, 17, DOC. IDENTIDADE/ÓRG EMISSOR/UF
380, 163, 125, 14, 449698695 POM CE
388, 239, 51, 15, FILIAÇÃO
380, 265, 207, 14, KORKISCHKO FINZI FLOR
378, 315, 177, 11, BESTLE SADAO ASSIS
381, 339, 62, 9, RIBEIRO
