151, 129, 56, 16, NOME
146, 148, 211, 12, PATROCINIO JANOLLI
442, 239, 34, 19, CPF
435, 259, 150, 13, 761.365.362-50
724, 434, 59, 18, CAT. HAB.
736, 460, 7, 10, E
601, 495, 105, 18, 1ª HABILITAÇÃO
616, 517, 127, 16, 25/07/1958
414, 493, 72, 19, VALIDADE
422, 507, 127, 23, 03/10/1993
148, 490, 87, 19, Nº REGISTRO
182, 512, 118, 13, 60893632082
24, 345, 22, 163, VÁLIDA EM TODO
71, 356, 23, 189, 652697154
660, 241, 127, 18, DATA NASCIMENTO
646, 260, 108, 16, 03/11/1995
446, 182, 240, 19, DOC. IDENTIDADE/ÓRG EMISSOR UF
625, 207, 28, 10, SNJ
748, 208, 19, 11, SC
437, 203, 103, 13, 138023438
451, 293, 60, 15, FILIAÇÃO
435, 313, 208, 13, CHIH WILDEROM RE
434, 359, 233, 14, JURANDYR GRAZIANI
436, 380, 90, 13, REZENDE
