137, 109, 40, 13, NOME
128, 131, 199, 10, HELMAN CHUERI TRILLO
376, 201, 28, 15, CPF
351, 218, 150, 13, 986.449.048-68
601, 371, 63, 15, CAT. HAB.
605, 391, 7, 9, E
538, 416, 107, 16, 1ª HABILITAÇÃO
522, 434, 107, 15, 29/10/2009
389, 417, 68, 16, VALIDADE
358, 435, 97, 12, 20/12/2018
138, 416, 87, 15, Nº REGISTRO
155, 435, 118, 13, 41831986297
12, 297, 19, 137, VÁLIDA EM TODO
52, 289, 20, 166, 839200539
541, 198, 126, 15, DATA NASCIMENTO
540, 218, 97, 12, 29/01/2010
377, 153, 242, 14, DOC. IDENTIDADE/ÓRG EMISSOR/UF
352, 170, 156, 11, 329587523 SJS MA
375, 246, 63, 16, FILIAÇÃO
349, 267, 233, 10, FERRANTI MARCELO MAYKON
350, 315, 219, 12, RENNA BICZYK SALERNO
350, 339, 53, 11, ROCHA
