175, 140, 47, 15, NOME
167, 154, 271, 12, BAHAMONDE DAINESE LENTINI
471, 244, 31, 15, CPF
460, 259, 150, 13, 306.429.716-33
751, 432, 60, 19, CAT. HAB.
770, 456, 8, 9, A
627, 497, 113, 17, 1ª HABILITAÇÃO
648, 515, 116, 16, 29/05/1962
447, 498, 67, 14, VALIDADE
453, 507, 125, 23, 07/01/1981
175, 496, 86, 22, Nº REGISTRO
209, 516, 139, 14, 54313206480
36, 354, 23, 162, VÁLIDA EM TODO
97, 348, 24, 193, 597816110
686, 241, 124, 13, DATA NASCIMENTO
674, 259, 107, 15, 22/07/1960
473, 187, 234, 17, DOC. IDENTIDADE/ÓRG EMISSOR UF
462, 205, 96, 12, 098212597
653, 204, 35, 12, SSP
775, 204, 21, 12, SP
475, 293, 63, 16, FILIAÇÃO
462, 315, 274, 11, MAKIUTI ORTELAN MITSUYOSH
466, 335, 81, 12, FREITAS
463, 360, 219, 12, NA JUCIVAGNO CAPASSO
461, 383, 96, 12, OLIVEIRA
