130, 111, 38, 15, NOME
124, 127, 221, 10, SENTOME MATTIELLO LEPIANI
360, 204, 28, 13, CPF
352, 218, 136, 12, 085.211.589-04
586, 368, 49, 15, CAT. HAB.
597, 387, 8, 10, B
487, 422, 87, 13, 1ª HABILITAÇÃO
502, 436, 97, 12, 14/04/2014
344, 419, 50, 17, VALIDADE
346, 435, 107, 15, 21/10/1959
124, 420, 71, 13, Nº REGISTRO
148, 436, 106, 11, 65903222176
20, 292, 16, 131, VÁLIDA EM TODO
67, 288, 19, 158, 458412133
530, 203, 103, 14, DATA NASCIMENTO
526, 219, 97, 12, 20/05/2017
362, 158, 188, 13, DOC. IDENTIDADE/ÓRG EMISSOR UF
506, 176, 22, 8, SES
355, 173, 71, 10, 678508379
600, 176, 19, 8, MG
363, 248, 55, 15, FILIAÇÃO
354, 266, 197, 9, GORGOLL TYFANI BARBOUR
356, 305, 229, 12, CAMOLEZI MAGALDI PARTEL
