176, 140, 47, 15, NOME
168, 154, 262, 13, KOYU BOLFARINE CANTAGALO
472, 244, 31, 15, CPF
461, 259, 150, 13, 747.973.929-08
752, 432, 60, 19, CAT. HAB.
770, 456, 10, 10, C
628, 497, 113, 17, 1ª HABILITAÇÃO
648, 515, 117, 16, 05/04/2012
448, 498, 67, 14, VALIDADE
455, 507, 126, 23, 30/08/1975
176, 496, 86, 22, Nº REGISTRO
210, 516, 139, 14, 56008048049
37, 354, 23, 162, VÁLIDA EM TODO
98, 347, 24, 194, 582672565
687, 241, 124, 13, DATA NASCIMENTO
674, 259, 107, 14, 01/03/1975
474, 187, 234, 17, DOC. IDENTIDADE/ÓRG EMISSOR UF
465, 205, 95, 12, 742745715
655, 204, 34, 12, POF
775, 204, 22, 12, MG
476, 293, 63, 16, FILIAÇÃO
463, 315, 253, 11, GIANELLI MACCHIA FIALHO
467, 335, 58, 12, PORTO
463, 355, 231, 17, OCCHINI LOIOLA CARRAM
464, 383, 58, 12, PINTO
