139, 135, 47, 19, NOME
131, 154, 348, 13, DANIELLE KECIMIYLLA TOURINH
414, 251, 35, 16, CPF
406, 269, 177, 17, 192.559.942-63
680, 458, 58, 19, CAT. HAB.
696, 483, 9, 11, B
566, 524, 107, 19, 1ª HABILITAÇÃO
583, 545, 127, 16, 21/11/1978
393, 521, 66, 22, VALIDADE
401, 541, 127, 18, 29/01/1993
138, 520, 87, 19, Nº REGISTRO
170, 543, 139, 14, 57155625595
23, 375, 20, 163, VÁLIDA EM TODO
70, 408, 23, 184, 704206392
614, 252, 126, 17, DATA NASCIMENTO
605, 271, 127, 16, 27/04/1956
415, 192, 222, 17, DOC. IDENTIDADE/ÓRG EMISSOR UF
408, 211, 105, 13, 657051949
586, 214, 32, 12, SNJ
698, 215, 21, 10, MS
420, 305, 62, 20, FILIAÇÃO
411, 330, 273, 11, NARAHASHI MATARAZZO WARTH
410, 353, 64, 11, SANTOS
409, 379, 238, 11, JUTGLA SHINGAI CIRULLI
412, 402, 93, 12, FERREIRA
