128, 106, 35, 11, NOME
115, 122, 229, 10, CANOVAS MOREIRA COMENAL
354, 193, 27, 17, CPF
340, 214, 149, 16, 251.035.924-01
562, 365, 55, 14, CAT. HAB.
579, 386, 10, 11, C
511, 413, 89, 13, 1ª HABILITAÇÃO
497, 428, 107, 17, 17/05/2017
369, 411, 55, 13, VALIDADE
339, 426, 96, 13, 08/06/2011
127, 408, 72, 17, Nº REGISTRO
146, 426, 119, 13, 04305575866
17, 291, 18, 130, VÁLIDA EM TODO
63, 318, 24, 141, 209073090
517, 196, 104, 17, DATA NASCIMENTO
513, 214, 97, 14, 27/04/1985
357, 152, 205, 15, DOC. IDENTIDADE/ÓRG EMISSOR/UF
342, 168, 155, 11, 769004908 SEJ CE
357, 243, 52, 14, FILIAÇÃO
347, 263, 172, 11, SHELY NAVIA SHIE
346, 285, 63, 17, DA LUZ
345, 314, 231, 11, GROLLA ISABEL EDNELSO
