102, 113, 41, 12, NOME
93, 130, 237, 10, GOLDSTEIN MURATA RAMPONI
338, 201, 26, 17, CPF
327, 220, 137, 11, 480.645.201-77
563, 368, 45, 15, CAT. HAB.
572, 386, 18, 10, AB
465, 421, 85, 15, 1ª HABILITAÇÃO
477, 438, 97, 16, 24/11/2019
319, 417, 57, 17, VALIDADE
322, 435, 97, 14, 14/11/1953
100, 415, 69, 20, Nº REGISTRO
129, 435, 107, 11, 54799284519
5, 286, 16, 140, VÁLIDA EM TODO
51, 315, 19, 161, 213038266
509, 205, 99, 14, DATA NASCIMENTO
501, 219, 97, 12, 15/11/1980
333, 157, 199, 15, DOC. IDENTIDADE/ÓRG EMISSOR UF
333, 172, 88, 11, 050048272
483, 174, 28, 10, POM
577, 175, 17, 8, GO
341, 250, 53, 13, FILIAÇÃO
330, 268, 160, 10, TANACA GHANI FESTA
333, 305, 168, 10, RENNE ARAUJO SEON
333, 323, 80, 10, CALDEIRA
