150, 128, 56, 16, NOME
144, 147, 226, 12, DELLISA LEVI PUGGIN
441, 238, 34, 19, CPF
433, 258, 149, 13, 450.462.758-21
723, 433, 59, 18, CAT. HAB.
734, 458, 9, 11, C
600, 494, 105, 18, 1ª HABILITAÇÃO
615, 516, 125, 16, 28/04/1951
413, 492, 72, 19, VALIDADE
421, 506, 127, 23, 24/05/1985
147, 489, 87, 19, Nº REGISTRO
181, 511, 118, 13, 11632011855
23, 344, 22, 163, VÁLIDA EM TODO
70, 353, 23, 191, 112312368
659, 240, 127, 18, DATA NASCIMENTO
646, 259, 107, 16, 22/01/1957
445, 181, 240, 19, DOC. IDENTIDADE/ÓRG EMISSOR UF
624, 206, 38, 10, SPTC
745, 207, 21, 10, MG
435, 202, 105, 13, 445700993
450, 292, 60, 15, FILIAÇÃO
435, 312, 207, 13, MUNE FERMI ANUNC
432, 358, 238, 14, CAVALLAR KIRSCHBA
435, 379, 103, 13, SILVEIRA
