150, 132, 49, 18, NOME
140, 151, 310, 13, CAPELLARO MADEIRA BICZYK
450, 242, 36, 17, CPF
435, 259, 170, 14, 795.991.802-32
742, 439, 63, 15, CAT. HAB.
751, 462, 10, 8, D
612, 500, 111, 21, 1ª HABILITAÇÃO
633, 523, 116, 20, 17/01/1976
427, 504, 65, 16, VALIDADE
428, 521, 128, 15, 02/02/2009
142, 501, 91, 15, Nº REGISTRO
179, 521, 136, 14, 31822181521
19, 345, 22, 163, VÁLIDA EM TODO
78, 372, 23, 193, 326636535
671, 241, 129, 18, DATA NASCIMENTO
662, 261, 107, 14, 25/12/1995
450, 183, 246, 22, DOC. IDENTIDADE/ÓRG EMISSOR UF
638, 208, 38, 10, SESP
765, 208, 19, 11, PB
447, 205, 104, 13, 721248123
452, 294, 70, 18, FILIAÇÃO
441, 317, 218, 14, CHIBIM MITIYUE COQUE
445, 363, 270, 13, TOJI NEVENKA FORATTIN
443, 384, 69, 14, ROCHA
