147, 129, 56, 13, NOME
143, 146, 272, 13, MAJURI MILLS STRUTZEL
456, 235, 32, 18, CPF
444, 256, 150, 14, 714.619.624-04
741, 436, 61, 19, CAT. HAB.
756, 458, 9, 10, A
615, 497, 112, 19, 1ª HABILITAÇÃO
628, 519, 105, 14, 15/08/1991
424, 497, 71, 16, VALIDADE
426, 515, 117, 17, 26/08/1960
144, 494, 91, 17, Nº REGISTRO
178, 512, 139, 14, 27997232698
21, 347, 17, 162, VÁLIDA EM TODO
81, 338, 31, 203, 224705309
677, 241, 127, 14, DATA NASCIMENTO
665, 258, 106, 14, 01/03/1951
456, 182, 242, 17, DOC. IDENTIDADE/ÓRG EMISSOR UF
447, 201, 96, 13, 570345923
639, 204, 32, 12, SSP
764, 206, 17, 9, CE
456, 292, 67, 16, FILIAÇÃO
448, 312, 259, 12, IZBICKI GIGIOLI MALUTA
450, 359, 196, 12, FUZER VOSS CESTARO
