139, 124, 48, 15, NOME
129, 142, 178, 10, DUAILIBI LEMI YEUN
433, 229, 35, 17, CPF
423, 247, 152, 14, 032.399.785-63
716, 419, 62, 17, CAT. HAB.
736, 441, 9, 11, B
593, 482, 112, 18, 1ª HABILITAÇÃO
610, 500, 117, 17, 31/07/1983
409, 486, 69, 14, VALIDADE
413, 499, 126, 17, 19/10/2003
138, 485, 89, 17, Nº REGISTRO
171, 502, 141, 14, 70428492054
11, 331, 23, 174, VÁLIDA EM TODO
73, 346, 25, 178, 71603172
649, 229, 129, 15, DATA NASCIMENTO
642, 245, 97, 14, 14/02/2009
436, 172, 235, 16, DOC. IDENTIDADE/ÓRG EMISSOR UF
621, 191, 30, 12, SDS
739, 191, 19, 10, AM
428, 191, 96, 13, 808803839
436, 281, 69, 16, FILIAÇÃO
429, 302, 238, 12, ROSANE FUTENMA MINUCCI
428, 324, 129, 13, NASCIMENTO
426, 346, 263, 12, BONFIM GREGUOL BORTOLATO
