159, 115, 45, 16, NOME
147, 138, 239, 12, KURITA LUHUEY CALIFE
446, 230, 27, 16, CPF
426, 250, 192, 17, 529.259.296-05
703, 438, 67, 19, CAT. HAB.
717, 465, 11, 12, C
638, 498, 110, 18, 1ª HABILITAÇÃO
619, 515, 128, 18, 25/06/1980
462, 496, 68, 16, VALIDADE
425, 515, 136, 18, 28/06/1992
161, 494, 88, 19, Nº REGISTRO
179, 516, 139, 14, 92092084712
15, 356, 23, 164, VÁLIDA EM TODO
73, 378, 23, 199, 367276998
647, 231, 127, 20, DATA NASCIMENTO
643, 251, 125, 15, 13/03/1958
448, 173, 252, 18, DOC. IDENTIDADE/ÓRG EMISSOR/UF
426, 192, 176, 14, 349686166 SEJ BA
446, 288, 64, 19, FILIAÇÃO
435, 313, 245, 13, SUETSUGU MONTU JADE
432, 340, 88, 13, PEREIRA
434, 376, 310, 13, PASSARI HISAYASU NIRSCHL
430, 407, 76, 12, BARBOSA
