134, 108, 38, 15, NOME
133, 131, 268, 14, YATSUGAFU HEVELLYN CHIQUITA
379, 207, 27, 15, CPF
374, 232, 110, 14, 784.700.778-99
600, 383, 55, 19, CAT. HAB.
610, 408, 19, 10, AB
504, 436, 89, 17, 1ª HABILITAÇÃO
507, 456, 108, 14, 01/07/1993
355, 436, 57, 14, VALIDADE
352, 454, 104, 15, 31/07/1961
138, 432, 77, 19, Nº REGISTRO
138, 452, 107, 11, 43117055185
15, 309, 15, 131, VÁLIDA EM TODO
56, 297, 22, 173, 997100054
544, 205, 106, 19, DATA NASCIMENTO
548, 233, 95, 13, 15/11/1951
376, 157, 214, 19, DOC. IDENTIDADE/ÓRG EMISSOR/UF
375, 183, 156, 11, 383489842 SNJ PA
377, 257, 53, 13, FILIAÇÃO
372, 282, 198, 11, MASSAOKA LUSTOZA O
371, 308, 79, 9, DAS NEVES
371, 332, 197, 9, MAURICE BIGNELLI SIEJA
