135, 118, 39, 19, NOME
133, 142, 209, 10, NOCITI CHIMENE FRASAO
379, 216, 23, 16, CPF
372, 235, 122, 20, 951.977.690-76
597, 390, 53, 17, CAT. HAB.
611, 413, 8, 9, B
503, 444, 93, 15, 1ª HABILITAÇÃO
507, 462, 107, 14, 28/03/2013
355, 445, 56, 13, VALIDADE
348, 461, 104, 16, 18/09/1951
135, 442, 74, 15, Nº REGISTRO
129, 460, 96, 11, 49638411157
52, 186, 133, -80, VÁLIDA EM TODO
48, 320, 24, 149, 8595283
541, 217, 105, 16, DATA NASCIMENTO
543, 240, 78, 15, 23/09/1979
375, 166, 211, 19, DOC. IDENTIDADE/ÓRG EMISSOR/UF
374, 193, 141, 11, 771841899 POF MA
376, 263, 53, 15, FILIAÇÃO
371, 289, 150, 13, MEINSCHMIEDT JA
371, 315, 60, 9, PEREIRA
372, 339, 223, 9, HOSIASSON RODNEY ANGELICA
379, 363, 53, 9, MENDES
