136, 107, 36, 13, NOME
130, 128, 257, 10, CARRAZZONE SPRENGER SBOARI
373, 205, 25, 13, CPF
367, 227, 136, 12, 222.291.302-00
590, 375, 55, 18, CAT. HAB.
595, 401, 8, 9, C
494, 429, 91, 18, 1ª HABILITAÇÃO
495, 449, 105, 13, 16/01/1991
343, 424, 60, 21, VALIDADE
338, 444, 97, 15, 29/10/1979
127, 423, 77, 17, Nº REGISTRO
125, 442, 107, 11, 66288549137
7, 299, 17, 143, VÁLIDA EM TODO
47, 279, 23, 184, 723448700
538, 203, 106, 20, DATA NASCIMENTO
535, 228, 97, 15, 25/01/1988
374, 156, 206, 19, DOC. IDENTIDADE/ÓRG EMISSOR/UF
365, 179, 158, 11, 803119525 SSP SP
371, 251, 52, 16, FILIAÇÃO
363, 276, 152, 9, COLIN GERRI FACIN
365, 300, 48, 10, PORTO
362, 324, 160, 10, MOLINI CARACCIOL
364, 349, 53, 9, ARAGAO
