147, 130, 50, 18, NOME
141, 146, 274, 15, ZAMBONELLI PALEI BOCAMINO
444, 236, 35, 18, CPF
437, 254, 179, 16, 654.117.562-43
727, 431, 62, 16, CAT. HAB.
744, 452, 9, 11, B
602, 494, 114, 15, 1ª HABILITAÇÃO
622, 506, 126, 20, 23/05/1964
419, 494, 70, 16, VALIDADE
427, 510, 106, 15, 19/07/1986
143, 486, 91, 22, Nº REGISTRO
182, 509, 139, 14, 80570428854
11, 350, 25, 163, VÁLIDA EM TODO
73, 332, 24, 192, 506815988
656, 237, 135, 16, DATA NASCIMENTO
652, 256, 108, 15, 09/03/1955
446, 182, 239, 19, DOC. IDENTIDADE/ÓRG EMISSOR UF
440, 199, 96, 13, 853114687
629, 204, 38, 10, SESP
749, 202, 22, 12, MA
451, 287, 66, 20, FILIAÇÃO
438, 310, 264, 12, GIGIOLI BUTTARELLO YONAM
438, 356, 262, 12, SYNTHES CAPITANINI BRA
438, 377, 106, 12, RODRIGUES
