138, 105, 34, 17, NOME
130, 130, 209, 10, URBAN MATSUMOTO PECIN
371, 204, 29, 16, CPF
367, 228, 151, 12, 588.752.983-00
590, 376, 55, 20, CAT. HAB.
595, 402, 8, 8, A
493, 431, 93, 16, 1ª HABILITAÇÃO
498, 448, 108, 14, 05/03/1965
347, 428, 53, 15, VALIDADE
340, 446, 107, 14, 11/03/2000
123, 424, 81, 19, Nº REGISTRO
126, 443, 118, 13, 67707069830
694, 686, -23, -13, VÁLIDA EM TODO
49, 293, 21, 174, 739334544
538, 205, 104, 16, DATA NASCIMENTO
536, 230, 87, 16, 18/08/2004
371, 156, 211, 20, DOC. IDENTIDADE/ÓRG EMISSOR/UF
367, 180, 152, 10, 269105049 SESP MG
368, 250, 59, 16, FILIAÇÃO
366, 276, 139, 12, BISTRICHE WAI
365, 301, 69, 10, RIBEIRO
366, 325, 135, 10, FESCINA UTZUMI
365, 351, 61, 9, BARBOSA
