122, 100, 43, 14, NOME
115, 123, 188, 11, DAVIDSON CHOE SAKER
357, 192, 33, 13, CPF
335, 209, 136, 13, 126.322.710-45
582, 363, 61, 12, CAT. HAB.
593, 379, 8, 10, B
521, 408, 102, 15, 1ª HABILITAÇÃO
508, 425, 95, 13, 23/06/1991
373, 405, 69, 17, VALIDADE
342, 425, 98, 13, 01/12/1972
119, 408, 91, 15, Nº REGISTRO
139, 426, 106, 12, 37116951863
9, 286, 25, 142, VÁLIDA EM TODO
55, 262, 23, 192, 853437535
523, 192, 123, 13, DATA NASCIMENTO
520, 209, 97, 13, 01/04/1995
358, 145, 242, 14, DOC. IDENTIDADE/ÓRG EMISSOR/UF
335, 161, 141, 10, 485069261 SSP SC
361, 237, 59, 14, FILIAÇÃO
336, 257, 229, 10, BALTHAZAR SENRA ONODERA
335, 281, 80, 11, CALDEIRA
335, 304, 262, 12, SHUGASTRU OHDE NAKAGOM
335, 329, 47, 10, SALES
