170, 136, 45, 15, NOME
160, 152, 262, 11, BERTALAN RONCHINI FUNADA
458, 239, 38, 17, CPF
448, 255, 179, 15, 598.317.517-36
736, 425, 64, 19, CAT. HAB.
749, 450, 11, 12, C
614, 490, 106, 18, 1ª HABILITAÇÃO
630, 510, 107, 14, 26/04/2002
435, 490, 66, 18, VALIDADE
440, 509, 123, 17, 17/11/1971
161, 492, 86, 19, Nº REGISTRO
197, 510, 151, 16, 09128898666
25, 350, 23, 157, VÁLIDA EM TODO
85, 352, 23, 198, 516356992
671, 233, 130, 18, DATA NASCIMENTO
664, 255, 108, 13, 02/06/2005
460, 182, 235, 18, DOC. IDENTIDADE/ÓRG EMISSOR UF
639, 203, 27, 10, SES
454, 202, 96, 12, 495038386
760, 201, 21, 11, MG
462, 287, 65, 20, FILIAÇÃO
450, 311, 273, 12, BONAMIN MAXIMILIANO MAATZ
451, 334, 86, 12, SILVEIRA
450, 356, 224, 12, ENOKIBARA BEIRA GHI
451, 378, 58, 12, SOUZA
