122, 102, 39, 13, NOME
118, 116, 267, 12, GARNICA BALDOVINOTTI AQUILANTE
354, 194, 25, 12, CPF
346, 208, 138, 16, 027.329.266-80
578, 356, 50, 15, CAT. HAB.
593, 377, 7, 7, B
482, 411, 83, 16, 1ª HABILITAÇÃO
492, 426, 97, 13, 14/11/1962
337, 410, 53, 13, VALIDADE
343, 419, 97, 19, 26/07/2017
120, 409, 70, 18, Nº REGISTRO
147, 426, 107, 11, 48041465855
19, 288, 17, 130, VÁLIDA EM TODO
69, 296, 24, 139, 101192533
525, 192, 99, 15, DATA NASCIMENTO
520, 207, 97, 16, 20/10/1988
355, 144, 189, 15, DOC. IDENTIDADE/ÓRG EMISSOR UF
499, 164, 24, 7, SSP
596, 163, 17, 8, AC
349, 162, 78, 13, 715051428
359, 236, 51, 13, FILIAÇÃO
351, 256, 177, 9, GRAZIELE XELLA LESLY
349, 273, 76, 12, MARTINS
348, 294, 179, 10, CONSIGLIERI FARINA
351, 312, 66, 12, VIEIRA
