137, 108, 36, 13, NOME
131, 129, 257, 10, CARRAZZONE SPRENGER SBOARI
374, 206, 25, 13, CPF
368, 228, 136, 12, 222.291.302-00
591, 376, 55, 18, CAT. HAB.
596, 402, 8, 9, C
495, 430, 91, 18, 1ª HABILITAÇÃO
496, 450, 105, 13, 16/01/1991
344, 425, 60, 21, VALIDADE
339, 445, 97, 15, 29/10/1979
128, 424, 77, 17, Nº REGISTRO
126, 443, 107, 11, 66288549137
8, 300, 17, 143, VÁLIDA EM TODO
48, 280, 23, 184, 723448700
539, 204, 106, 20, DATA NASCIMENTO
536, 229, 97, 15, 25/01/1988
375, 157, 206, 19, DOC. IDENTIDADE/ÓRG EMISSOR/UF
366, 180, 158, 11, 803119525 SSP SP
372, 252, 52, 16, FILIAÇÃO
364, 277, 152, 9, COLIN GERRI FACIN
366, 301, 48, 10, PORTO
363, 325, 160, 10, MOLINI CARACCIOL
365, 350, 53, 9, ARAGAO
