116, 105, 39, 13, NOME
111, 121, 208, 10, MEZZALIRA DEVITO DWEK
349, 197, 28, 13, CPF
344, 211, 136, 12, 335.251.531-04
574, 360, 47, 16, CAT. HAB.
588, 381, 7, 8, E
476, 412, 87, 17, 1ª HABILITAÇÃO
490, 429, 96, 13, 12/11/1966
330, 414, 54, 13, VALIDADE
336, 428, 115, 16, 11/10/1987
113, 411, 68, 16, Nº REGISTRO
141, 430, 106, 11, 69281135498
12, 288, 17, 139, VÁLIDA EM TODO
52, 311, 22, 138, 170384487
521, 196, 103, 15, DATA NASCIMENTO
514, 211, 96, 13, 15/06/1978
351, 147, 187, 17, DOC. IDENTIDADE/ÓRG EMISSOR UF
494, 168, 22, 8, SES
346, 165, 77, 10, 715667183
591, 167, 15, 8, ES
356, 240, 49, 15, FILIAÇÃO
345, 259, 206, 9, UEKI RUZENE GIANGIACOMO
346, 278, 41, 9, PIRES
342, 297, 189, 10, NADAIS WOSNIAK NAWA
