135, 117, 39, 19, NOME
133, 141, 256, 10, NORMANHA HUMANTSCHUK PRETI
379, 215, 23, 16, CPF
373, 234, 121, 20, 730.188.933-01
597, 389, 53, 17, CAT. HAB.
610, 411, 9, 11, C
503, 443, 93, 15, 1ª HABILITAÇÃO
507, 461, 107, 14, 17/10/1966
355, 444, 56, 13, VALIDADE
349, 460, 104, 16, 30/09/1968
135, 441, 74, 15, Nº REGISTRO
129, 459, 95, 11, 03748820310
10, 19, 23, 13, VÁLIDA EM TODO
48, 320, 24, 148, 3793797
541, 216, 105, 16, DATA NASCIMENTO
544, 239, 77, 14, 31/07/2017
375, 165, 211, 19, DOC. IDENTIDADE/ÓRG EMISSOR/UF
372, 192, 151, 11, 502415186 SESP SP
376, 262, 53, 15, FILIAÇÃO
371, 288, 150, 10, TCHIZLI FUZIY C
370, 314, 53, 9, ARAUJO
372, 338, 204, 9, HAJALA JADE KLEINHAPPEL
379, 362, 44, 9, COSTA
