154, 127, 51, 12, NOME
146, 139, 267, 16, PARRA FORATTO POIATTI
447, 234, 46, 15, CPF
442, 251, 152, 13, 028.485.629-00
740, 425, 63, 16, CAT. HAB.
755, 446, 11, 12, C
617, 485, 107, 16, 1ª HABILITAÇÃO
632, 507, 105, 13, 30/12/2010
157, 486, 89, 17, Nº REGISTRO
193, 504, 138, 14, 41462045955
435, 488, 63, 15, VÁLIDA EM TODO
87, 351, 23, 198, 575196750
33, 335, 24, 170, VALIDADE
438, 506, 106, 15, 22/02/1965
668, 233, 135, 14, DATA NASCIMENTO
661, 251, 97, 12, 25/04/1977
452, 177, 246, 20, DOC. IDENTIDADE/ÓRG EMISSOR UF
446, 195, 94, 12, 735586172
634, 197, 32, 11, SSP
756, 197, 19, 10, SC
456, 282, 67, 19, FILIAÇÃO
447, 305, 196, 12, LUDI ISHIDA AIBARA
442, 328, 115, 12, NASCIMENTO
445, 350, 260, 10, MICHELETTI KUSHIMA FALCHET
447, 373, 66, 12, ARAGAO
