169, 110, 50, 16, NOME
159, 126, 332, 12, CUTINHOLA MOSCOLINI SCARELLI
468, 217, 32, 17, CPF
454, 235, 180, 19, 764.234.982-37
758, 411, 57, 21, CAT. HAB.
770, 435, 9, 11, C
630, 473, 108, 20, 1ª HABILITAÇÃO
645, 495, 125, 15, 18/07/1980
443, 473, 69, 21, VALIDADE
438, 495, 119, 16, 30/09/1995
162, 474, 90, 17, Nº REGISTRO
199, 495, 127, 14, 70673864934
23, 337, 24, 179, VÁLIDA EM TODO
84, 349, 24, 191, 397522391
693, 218, 123, 16, DATA NASCIMENTO
680, 235, 106, 13, 16/12/1980
466, 159, 247, 20, DOC. IDENTIDADE/ÓRG EMISSOR UF
461, 181, 88, 11, 010945027
652, 182, 26, 10, SJS
779, 181, 20, 11, BA
471, 268, 67, 20, FILIAÇÃO
459, 292, 239, 11, HELEN SACCHETTO PAPILE
462, 314, 64, 12, NOVAES
460, 336, 297, 13, ADELLE TAKIYA SHIMOMURA
458, 361, 49, 10, GOMES
