7 0.34902840059790735 0.2749469214437367 0.3721973094170404 0.02335456475583864
2 0.6083707025411061 0.4607218683651805 0.20029895366218237 0.025477707006369428
1 0.8878923766816144 0.8099787685774947 0.01195814648729447 0.01910828025477707
0 0.804932735426009 0.921443736730361 0.14499252615844543 0.025477707006369428
8 0.5814648729446936 0.9256900212314225 0.15844544095665172 0.03397027600849257
6 0.2982062780269058 0.9288747346072187 0.17787742899850523 0.027600849256900213
9 0.10089686098654709 0.826963906581741 0.0343796711509716 0.3503184713375796
3 0.8295964125560538 0.4607218683651805 0.12855007473841554 0.025477707006369428
4 0.7518684603886397 0.3609341825902335 0.03288490284005979 0.016985138004246284
4 0.8946188340807175 0.35987261146496813 0.025411061285500747 0.01910828025477707
4 0.5620328849028401 0.3630573248407643 0.10164424514200299 0.021231422505307854
5 0.6606875934230194 0.5605095541401274 0.29596412556053814 0.021231422505307854
5 0.6517189835575485 0.6411889596602972 0.28400597907324365 0.021231422505307854
5 0.5680119581464873 0.6825902335456475 0.11659192825112108 0.01910828025477707
