7 0.38 0.2791164658634538 0.38285714285714284 0.028112449799196786
2 0.6114285714285714 0.4819277108433735 0.15714285714285714 0.028112449799196786
1 0.8835714285714286 0.8313253012048193 0.027142857142857142 0.020080321285140562
0 0.8 0.9317269076305221 0.15428571428571428 0.028112449799196786
8 0.5757142857142857 0.928714859437751 0.14857142857142858 0.030120481927710843
6 0.27214285714285713 0.9206827309236948 0.15285714285714286 0.02208835341365462
9 0.09428571428571429 0.7720883534136547 0.03142857142857143 0.3473895582329317
3 0.8492857142857143 0.48293172690763053 0.1357142857142857 0.02610441767068273
4 0.6457142857142857 0.38052208835341367 0.22285714285714286 0.02208835341365462
5 0.6714285714285714 0.5793172690763052 0.28285714285714286 0.02208835341365462
5 0.585 0.6295180722891566 0.11285714285714285 0.018072289156626505
5 0.6692857142857143 0.677710843373494 0.2814285714285714 0.018072289156626505
