7 0.3673957621326042 0.2845303867403315 0.4354066985645933 0.020257826887661142
2 0.638755980861244 0.47928176795580113 0.23444976076555024 0.024861878453038673
1 0.8961038961038961 0.8222836095764272 0.015037593984962405 0.020257826887661142
0 0.8369788106630212 0.9263351749539595 0.16609706083390294 0.03130755064456722
8 0.5857826384142174 0.9304788213627992 0.15311004784688995 0.0285451197053407
6 0.27546138072453863 0.9337016574585635 0.14627477785372522 0.020257826887661142
9 0.08407382091592618 0.7762430939226519 0.032809295967190705 0.35174953959484345
3 0.8544087491455913 0.48204419889502764 0.14080656185919344 0.024861878453038673
4 0.5854408749145591 0.3821362799263352 0.1291866028708134 0.022099447513812154
4 0.7723855092276145 0.3835174953959484 0.045112781954887216 0.01565377532228361
4 0.917634996582365 0.3807550644567219 0.030758714969241284 0.02117863720073665
5 0.67053998632946 0.5750460405156538 0.2993848257006152 0.019337016574585635
5 0.577922077922078 0.6141804788213628 0.11551606288448393 0.022099447513812154
5 0.7576896787423103 0.6523941068139963 0.18386876281613124 0.024861878453038673
5 0.5813397129186603 0.6933701657458563 0.11961722488038277 0.022099447513812154
