7 0.31985731272294887 0.2740740740740741 0.27110582639714625 0.018518518518518517
2 0.6052318668252081 0.46574074074074073 0.16171224732461356 0.020370370370370372
1 0.8882282996432818 0.8138888888888889 0.009512485136741973 0.016666666666666666
0 0.7966706302021404 0.9194444444444444 0.12841854934601665 0.024074074074074074
8 0.5653983353151011 0.9212962962962963 0.1272294887039239 0.027777777777777776
6 0.3091557669441142 0.9194444444444444 0.1759809750297265 0.027777777777777776
9 0.10760998810939358 0.7814814814814814 0.029726516052318668 0.37037037037037035
3 0.8418549346016647 0.46574074074074073 0.12604042806183116 0.024074074074074074
4 0.5915576694411415 0.36944444444444446 0.11533888228299644 0.024074074074074074
4 0.7711058263971462 0.36944444444444446 0.039239001189060645 0.016666666666666666
4 0.9096313912009513 0.3685185185185185 0.023781212841854936 0.022222222222222223
5 0.6896551724137931 0.562037037037037 0.3210463733650416 0.024074074074074074
5 0.664090368608799 0.6425925925925926 0.28656361474435194 0.022222222222222223
5 0.5642092746730083 0.6851851851851852 0.08442330558858502 0.022222222222222223
