7 0.3038194444444444 0.27943760984182775 0.2604166666666667 0.0210896309314587
2 0.6064814814814815 0.4780316344463972 0.18981481481481483 0.02460456942003515
1 0.8680555555555556 0.8260105448154658 0.016203703703703703 0.028119507908611598
0 0.7997685185185185 0.9332161687170475 0.14583333333333334 0.028119507908611598
8 0.5625 0.9305799648506151 0.13425925925925927 0.026362038664323375
6 0.29224537037037035 0.9191564147627417 0.15856481481481483 0.02460456942003515
9 0.11168981481481481 0.781195079086116 0.028935185185185185 0.3532513181019332
3 0.8234953703703703 0.4859402460456942 0.12384259259259259 0.029876977152899824
4 0.5717592592592593 0.38137082601054484 0.1111111111111111 0.02460456942003515
4 0.7511574074074074 0.38576449912126537 0.034722222222222224 0.019332161687170474
4 0.8929398148148148 0.3875219683655536 0.024305555555555556 0.022847100175746926
5 0.6412037037037037 0.5738137082601055 0.2523148148148148 0.019332161687170474
5 0.5596064814814815 0.6115992970123023 0.08912037037037036 0.0210896309314587
5 0.6851851851851852 0.6581722319859402 0.33101851851851855 0.029876977152899824
