7 0.34277198211624443 0.26559139784946234 0.32190760059612517 0.01935483870967742
2 0.6184798807749627 0.46774193548387094 0.18181818181818182 0.023655913978494623
1 0.8673621460506706 0.8290322580645161 0.011922503725782414 0.023655913978494623
0 0.7913561847988078 0.9290322580645162 0.12816691505216096 0.025806451612903226
8 0.5625931445603577 0.9279569892473118 0.14157973174366617 0.02795698924731183
6 0.29880774962742174 0.9247311827956989 0.17436661698956782 0.025806451612903226
9 0.09090909090909091 0.8075268817204301 0.029806259314456036 0.3849462365591398
3 0.8390461997019374 0.46559139784946235 0.12816691505216096 0.02795698924731183
4 0.646795827123696 0.36451612903225805 0.23546944858420268 0.023655913978494623
5 0.665424739195231 0.5709677419354838 0.2757078986587183 0.01935483870967742
5 0.5789865871833085 0.6193548387096774 0.10283159463487332 0.021505376344086023
5 0.6721311475409836 0.6720430107526881 0.28912071535022354 0.023655913978494623
5 0.5588673621460507 0.7215053763440861 0.07153502235469449 0.01935483870967742
