7 0.3399014778325123 0.2760511882998172 0.3522167487684729 0.021937842778793418
2 0.604064039408867 0.463436928702011 0.20320197044334976 0.027422303473491772
1 0.8780788177339901 0.8043875685557587 0.012315270935960592 0.018281535648994516
0 0.8195812807881774 0.8957952468007313 0.1564039408866995 0.029250457038391225
8 0.5788177339901478 0.8957952468007313 0.15517241379310345 0.029250457038391225
6 0.28448275862068967 0.8976234003656307 0.16995073891625614 0.025594149908592323
9 0.09421182266009852 0.7870201096892139 0.03078817733990148 0.3235831809872029
3 0.833128078817734 0.4616087751371115 0.13177339901477833 0.027422303473491772
4 0.6293103448275862 0.36654478976234006 0.24876847290640394 0.02376599634369287
5 0.6681034482758621 0.5612431444241316 0.32389162561576357 0.021937842778793418
5 0.6717980295566502 0.659963436928702 0.32142857142857145 0.021937842778793418
5 0.562807881773399 0.7157221206581352 0.10837438423645321 0.02010968921389397
