7 0.3569636135508156 0.27256637168141595 0.370138017565872 0.021238938053097345
2 0.5978670012547052 0.4646017699115044 0.18946047678795483 0.03008849557522124
1 0.8732747804265998 0.8070796460176991 0.027603513174404015 0.021238938053097345
0 0.8080301129234629 0.904424778761062 0.14554579673776663 0.02831858407079646
8 0.5803011292346298 0.904424778761062 0.15683814303638646 0.02831858407079646
6 0.3042659974905897 0.9070796460176991 0.18946047678795483 0.02654867256637168
9 0.10225846925972397 0.7849557522123893 0.028858218318695106 0.3415929203539823
3 0.8281053952321205 0.4584070796460177 0.1480552070263488 0.02831858407079646
4 0.5646173149309912 0.3663716814159292 0.11794228356336262 0.024778761061946902
4 0.7396486825595985 0.36283185840707965 0.04140526976160602 0.01415929203539823
4 0.8538268506900878 0.36106194690265486 0.026348808030112924 0.017699115044247787
5 0.679422835633626 0.5584070796460177 0.35006273525721454 0.03008849557522124
5 0.6417816813048933 0.6654867256637168 0.27478042659974905 0.021238938053097345
5 0.5664993726474279 0.7194690265486726 0.11166875784190715 0.023008849557522124
