7 0.3518728717366629 0.26151315789473684 0.3246311010215664 0.019736842105263157
2 0.6089670828603859 0.4350328947368421 0.16912599318955732 0.02138157894736842
1 0.8785471055618616 0.756578947368421 0.00681044267877412 0.013157894736842105
0 0.8024971623155505 0.8585526315789473 0.13393870601589103 0.02631578947368421
8 0.58683314415437 0.8511513157894737 0.14301929625425652 0.03782894736842105
6 0.3172531214528944 0.8585526315789473 0.15777525539160045 0.023026315789473683
9 0.12485811577752554 0.7286184210526315 0.02724177071509648 0.3190789473684211
3 0.8280363223609535 0.43667763157894735 0.1191827468785471 0.024671052631578948
4 0.5817253121452894 0.34539473684210525 0.10556186152099886 0.019736842105263157
4 0.7684449489216799 0.34375 0.05221339387060159 0.019736842105263157
4 0.8921679909194098 0.34375 0.024971623155505107 0.019736842105263157
5 0.6753688989784336 0.5254934210526315 0.2996594778660613 0.018092105263157895
5 0.5618615209988649 0.5592105263157895 0.0681044267877412 0.019736842105263157
5 0.6566401816118048 0.600328947368421 0.26220204313280365 0.019736842105263157
5 0.5590238365493757 0.6381578947368421 0.06469920544835414 0.019736842105263157
