7 0.28681710213776723 0.26475849731663686 0.26009501187648454 0.017889087656529516
2 0.5938242280285035 0.4606440071556351 0.18052256532066507 0.023255813953488372
1 0.8853919239904988 0.8121645796064401 0.02494061757719715 0.02146690518783542
0 0.7844418052256532 0.9221824686940966 0.11520190023752969 0.023255813953488372
8 0.5552256532066508 0.9177101967799642 0.12707838479809977 0.025044722719141325
6 0.2814726840855107 0.9105545617173524 0.16389548693586697 0.025044722719141325
9 0.09501187648456057 0.7504472271914132 0.028503562945368172 0.34525939177101966
3 0.8390736342042755 0.46332737030411447 0.1508313539192399 0.028622540250447227
4 0.5706650831353919 0.36046511627906974 0.11282660332541568 0.023255813953488372
4 0.7565320665083135 0.3631484794275492 0.035629453681710214 0.02146690518783542
4 0.8937054631828979 0.36493738819320215 0.020190023752969122 0.017889087656529516
5 0.6377672209026128 0.5599284436493739 0.2589073634204275 0.02146690518783542
5 0.6454869358669834 0.6350626118067979 0.27909738717339666 0.025044722719141325
5 0.5362232779097387 0.6779964221824687 0.05819477434679335 0.017889087656529516
