7 0.32644017725258495 0.27906976744186046 0.3397341211225997 0.021141649048625793
2 0.5974889217134417 0.4704016913319239 0.20236336779911374 0.02748414376321353
1 0.8648449039881831 0.8192389006342494 0.0103397341211226 0.019027484143763214
0 0.792466765140325 0.9291754756871036 0.1432791728212703 0.02748414376321353
8 0.5590841949778435 0.9291754756871036 0.1432791728212703 0.02748414376321353
6 0.2799113737075332 0.9302325581395349 0.172821270310192 0.02536997885835095
9 0.0982274741506647 0.8308668076109936 0.028064992614475627 0.3382663847780127
3 0.8234859675036927 0.46511627906976744 0.1432791728212703 0.02959830866807611
4 0.879615952732644 0.36152219873150104 0.028064992614475627 0.021141649048625793
4 0.7341211225997046 0.3657505285412262 0.03249630723781388 0.016913319238900635
4 0.5620384047267356 0.3689217758985201 0.12850812407680945 0.023255813953488372
5 0.6469719350073855 0.5644820295983086 0.29246676514032494 0.021141649048625793
5 0.6395864106351551 0.642706131078224 0.27474150664697194 0.02536997885835095
5 0.5472673559822747 0.6892177589852009 0.08419497784342689 0.021141649048625793
