7 0.3083235638921454 0.2863636363636364 0.24384525205158264 0.02
2 0.6295427901524033 0.4772727272727273 0.20867526377491208 0.02727272727272727
1 0.8851113716295428 0.8290909090909091 0.011723329425556858 0.01818181818181818
0 0.8012895662368112 0.94 0.1254396248534584 0.025454545454545455
8 0.5890973036342321 0.9409090909090909 0.14654161781946073 0.03090909090909091
6 0.31887456037514655 0.9418181818181818 0.17584994138335286 0.02909090909090909
9 0.11313012895662368 0.8190909090909091 0.026963657678780773 0.3618181818181818
3 0.8405627198124267 0.47454545454545455 0.1242672919109027 0.025454545454545455
4 0.764947245017585 0.3781818181818182 0.031652989449003514 0.01818181818181818
4 0.5879249706916765 0.3781818181818182 0.11137162954279015 0.02181818181818182
4 0.9044548651817116 0.37545454545454543 0.022274325908558032 0.02
5 0.67936694021102 0.5763636363636364 0.305978898007034 0.02181818181818182
5 0.5726846424384525 0.6181818181818182 0.08792497069167643 0.02181818181818182
5 0.6600234466588512 0.6581818181818182 0.264947245017585 0.02181818181818182
5 0.5621336459554513 0.6981818181818182 0.0668229777256741 0.02181818181818182
