7 0.33828775267538647 0.2473404255319149 0.33174791914387636 0.026595744680851064
2 0.60820451843044 0.43882978723404253 0.17954815695600476 0.02304964539007092
1 0.8840665873959572 0.7810283687943262 0.013079667063020214 0.01950354609929078
0 0.8020214030915577 0.8891843971631206 0.1367419738406659 0.026595744680851064
8 0.570154577883472 0.898936170212766 0.1367419738406659 0.03546099290780142
6 0.2984542211652794 0.8971631205673759 0.16409036860879905 0.024822695035460994
9 0.09690844233055886 0.7375886524822695 0.027348394768133173 0.34397163120567376
3 0.8353151010701546 0.43439716312056736 0.1272294887039239 0.028368794326241134
4 0.5802615933412604 0.3421985815602837 0.11414982164090369 0.02127659574468085
4 0.7621878715814506 0.3377659574468085 0.0356718192627824 0.01950354609929078
4 0.9024970273483948 0.3333333333333333 0.023781212841854936 0.02127659574468085
5 0.6474435196195006 0.6143617021276596 0.25802615933412604 0.01950354609929078
5 0.5642092746730083 0.6560283687943262 0.09155766944114149 0.02127659574468085
5 0.6260404280618311 0.5283687943262412 0.22235434007134364 0.01773049645390071
