7 0.3241626794258373 0.2699822380106572 0.31100478468899523 0.021314387211367674
2 0.6124401913875598 0.45381882770870335 0.19856459330143542 0.02664298401420959
1 0.8881578947368421 0.7948490230905861 0.01076555023923445 0.019538188277087035
0 0.8080143540669856 0.9067495559502664 0.12799043062200957 0.023090586145648313
8 0.5705741626794258 0.9085257548845471 0.12679425837320574 0.02664298401420959
6 0.3068181818181818 0.911190053285968 0.16626794258373206 0.02486678507992895
9 0.10406698564593302 0.7646536412078153 0.03827751196172249 0.35701598579040855
3 0.840311004784689 0.4493783303730018 0.12799043062200957 0.02486678507992895
4 0.7583732057416268 0.3552397868561279 0.03349282296650718 0.017761989342806393
4 0.8977272727272727 0.35168738898756663 0.02033492822966507 0.014209591474245116
4 0.5795454545454546 0.35790408525754885 0.11602870813397129 0.023090586145648313
5 0.6549043062200957 0.5506216696269982 0.2595693779904306 0.017761989342806393
5 0.5580143540669856 0.5914742451154529 0.07057416267942583 0.017761989342806393
5 0.6895933014354066 0.6287744227353463 0.33851674641148327 0.021314387211367674
5 0.562200956937799 0.6714031971580817 0.07894736842105263 0.021314387211367674
