7 0.345 0.27568134171907754 0.31857142857142856 0.018867924528301886
2 0.6185714285714285 0.48742138364779874 0.19714285714285715 0.027253668763102725
1 0.8635714285714285 0.8459119496855346 0.02142857142857143 0.018867924528301886
0 0.5571428571428572 0.9433962264150944 0.15428571428571428 0.029350104821802937
8 0.8307142857142857 0.4916142557651992 0.12428571428571429 0.023060796645702306
6 0.2557142857142857 0.9339622641509434 0.15142857142857144 0.023060796645702306
9 0.1 0.7526205450733753 0.03142857142857143 0.3689727463312369
3 0.02142857142857143 1.1446540880503144 0.045714285714285714 0.2348008385744235
4 0.6371428571428571 0.38469601677148846 0.22285714285714286 0.023060796645702306
5 0.6885714285714286 0.5880503144654088 0.34 0.023060796645702306
5 0.6521428571428571 0.6865828092243187 0.27 0.018867924528301886
5 0.55 0.7379454926624738 0.06571428571428571 0.020964360587002098
