7 0.30092592592592593 0.27768014059753954 0.25925925925925924 0.0210896309314587
2 0.6059027777777778 0.47627416520210897 0.1909722222222222 0.02460456942003515
1 0.8663194444444444 0.8242530755711776 0.017361111111111112 0.028119507908611598
0 0.7980324074074074 0.9314586994727593 0.14699074074074073 0.028119507908611598
8 0.5607638888888888 0.9288224956063269 0.13541666666666666 0.026362038664323375
6 0.29282407407407407 0.9173989455184535 0.16203703703703703 0.02460456942003515
9 0.11053240740740741 0.7803163444639719 0.028935185185185185 0.351493848857645
3 0.8223379629629629 0.48242530755711777 0.12384259259259259 0.026362038664323375
4 0.5706018518518519 0.37873462214411246 0.1111111111111111 0.022847100175746926
4 0.75 0.38400702987697716 0.034722222222222224 0.019332161687170474
4 0.8929398148148148 0.38576449912126537 0.028935185185185185 0.022847100175746926
5 0.640625 0.5738137082601055 0.2511574074074074 0.022847100175746926
5 0.5590277777777778 0.6098418277680141 0.08796296296296297 0.0210896309314587
5 0.6626157407407407 0.6493848857644992 0.29050925925925924 0.026362038664323375
