7 0.3392857142857143 0.28556485355648537 0.31 0.02301255230125523
2 0.6092857142857143 0.4696652719665272 0.21571428571428572 0.027196652719665274
1 0.8685714285714285 0.8274058577405857 0.011428571428571429 0.01882845188284519
0 0.8221428571428572 0.9236401673640168 0.15285714285714286 0.03138075313807531
8 0.5807142857142857 0.9215481171548117 0.13857142857142857 0.027196652719665274
6 0.3057142857142857 0.9236401673640168 0.16857142857142857 0.027196652719665274
9 0.08857142857142856 0.7792887029288703 0.02857142857142857 0.34518828451882844
3 0.8407142857142857 0.4686192468619247 0.13857142857142857 0.02510460251046025
4 0.6142857142857143 0.36715481171548114 0.22285714285714286 0.02301255230125523
5 0.6607142857142857 0.5690376569037657 0.3242857142857143 0.02092050209205021
5 0.6735714285714286 0.6715481171548117 0.3442857142857143 0.02510460251046025
5 0.545 0.7207112970711297 0.09285714285714286 0.02301255230125523
