7 0.380466472303207 0.2776639344262295 0.4110787172011662 0.022540983606557378
2 0.6188046647230321 0.4661885245901639 0.22011661807580174 0.0389344262295082
1 0.8717201166180758 0.8155737704918032 0.008746355685131196 0.01639344262295082
0 0.8061224489795918 0.9241803278688525 0.15743440233236153 0.03278688524590164
8 0.5663265306122449 0.9200819672131147 0.141399416909621 0.02459016393442623
6 0.28644314868804666 0.9170081967213115 0.15597667638483964 0.022540983606557378
9 0.10204081632653061 0.8186475409836066 0.029154518950437316 0.36270491803278687
3 0.8330903790087464 0.4733606557377049 0.141399416909621 0.02459016393442623
4 0.5663265306122449 0.3739754098360656 0.10058309037900874 0.018442622950819672
4 0.749271137026239 0.3760245901639344 0.03206997084548105 0.014344262295081968
4 0.8892128279883382 0.3770491803278688 0.026239067055393587 0.020491803278688523
5 0.642128279883382 0.5676229508196722 0.260932944606414 0.020491803278688523
5 0.5561224489795918 0.6034836065573771 0.07725947521865889 0.022540983606557378
5 0.6763848396501457 0.6526639344262295 0.3177842565597668 0.030737704918032786
5 0.543731778425656 0.6844262295081968 0.05830903790087463 0.020491803278688523
