7 0.3026509572901325 0.27983539094650206 0.26362297496318116 0.0205761316872428
2 0.6244477172312224 0.4670781893004115 0.22385861561119294 0.024691358024691357
1 0.8777614138438881 0.8096707818930041 0.014727540500736377 0.02263374485596708
0 0.7989690721649485 0.9197530864197531 0.12812960235640647 0.02880658436213992
8 0.5758468335787923 0.9156378600823045 0.14432989690721648 0.02880658436213992
6 0.29896907216494845 0.9146090534979424 0.15316642120765833 0.02263374485596708
9 0.10824742268041238 0.757201646090535 0.030927835051546393 0.36213991769547327
3 0.8402061855670103 0.4732510288065844 0.14285714285714285 0.037037037037037035
4 0.7569955817378498 0.3713991769547325 0.035346097201767304 0.018518518518518517
4 0.5780559646539027 0.37037037037037035 0.1134020618556701 0.0205761316872428
4 0.8932253313696613 0.36934156378600824 0.022091310751104567 0.01440329218106996
5 0.6745213549337261 0.5637860082304527 0.3181148748159057 0.0205761316872428
5 0.6251840942562592 0.6419753086419753 0.21354933726067746 0.0205761316872428
5 0.5684830633284241 0.6790123456790124 0.10014727540500737 0.0205761316872428
