7 0.3447251114413076 0.28451882845188287 0.3655274888558692 0.02092050209205021
2 0.6225854383358098 0.47280334728033474 0.22288261515601784 0.02510460251046025
1 0.8714710252600297 0.8200836820083682 0.01337295690936107 0.02092050209205021
0 0.7919762258543833 0.9278242677824268 0.14561664190193166 0.03138075313807531
8 0.5638930163447251 0.9267782426778243 0.14413075780089152 0.03765690376569038
6 0.28306092124814264 0.9299163179916318 0.1589895988112927 0.02301255230125523
9 0.10029717682020803 0.801255230125523 0.03417533432392273 0.30962343096234307
3 0.8306092124814265 0.47384937238493724 0.1426448736998514 0.027196652719665274
4 0.5690936106983655 0.3786610878661088 0.11589895988112928 0.02092050209205021
4 0.7511144130757801 0.3776150627615063 0.03714710252600297 0.014644351464435146
4 0.8870728083209509 0.37552301255230125 0.0237741456166419 0.014644351464435146
5 0.649331352154532 0.5700836820083682 0.27934621099554235 0.02301255230125523
5 0.5453194650817236 0.6108786610878661 0.07429420505200594 0.02092050209205021
5 0.6768202080237742 0.6516736401673641 0.32540861812778604 0.02301255230125523
10 0.5884101040118871 0.8117154811715481 0.1575037147102526 0.04184100418410042
