7 0.34869240348692404 0.2619047619047619 0.3711083437110834 0.021346469622331693
2 0.6170610211706102 0.45320197044334976 0.22042341220423411 0.026272577996715927
1 0.8723536737235368 0.8004926108374384 0.0112079701120797 0.0180623973727422
0 0.8063511830635118 0.9064039408866995 0.1581569115815691 0.026272577996715927
8 0.5790784557907845 0.9022988505747126 0.15940224159402241 0.027914614121510674
6 0.29950186799501866 0.9014778325123153 0.17310087173100872 0.022988505747126436
9 0.10273972602739725 0.8185550082101807 0.028642590286425903 0.30049261083743845
3 0.8337484433374844 0.45648604269293924 0.15566625155666253 0.026272577996715927
4 0.574719800747198 0.3555008210180624 0.12826899128268993 0.021346469622331693
4 0.7503113325031133 0.35960591133004927 0.038605230386052306 0.019704433497536946
4 0.8841843088418431 0.3587848932676519 0.024906600249066 0.0180623973727422
5 0.6699875466998755 0.5492610837438424 0.3138231631382316 0.0180623973727422
5 0.5653798256537983 0.5870279146141215 0.1095890410958904 0.0180623973727422
5 0.6475716064757161 0.632183908045977 0.2714819427148194 0.022988505747126436
5 0.5504358655043586 0.6683087027914614 0.0722291407222914 0.019704433497536946
