7 0.3281710914454277 0.2813807531380753 0.31710914454277284 0.03138075313807531
2 0.6209439528023599 0.4675732217573222 0.22123893805309736 0.027196652719665274
1 0.8812684365781711 0.8127615062761506 0.01327433628318584 0.01882845188284519
0 0.8126843657817109 0.9236401673640168 0.1592920353982301 0.03138075313807531
8 0.5730088495575221 0.9215481171548117 0.1430678466076696 0.027196652719665274
6 0.3030973451327434 0.9225941422594143 0.19911504424778761 0.029288702928870293
9 0.09660766961651918 0.7751046025104602 0.028023598820058997 0.3117154811715481
3 0.8325958702064897 0.4675732217573222 0.1430678466076696 0.027196652719665274
4 0.5803834808259587 0.37343096234309625 0.12831858407079647 0.02301255230125523
4 0.7632743362831859 0.3692468619246862 0.05457227138643068 0.01882845188284519
4 0.8930678466076696 0.3682008368200837 0.025073746312684365 0.02092050209205021
5 0.6651917404129793 0.5627615062761506 0.29793510324483774 0.02510460251046025
5 0.5877581120943953 0.6035564853556485 0.1430678466076696 0.02301255230125523
5 0.6747787610619469 0.6370292887029289 0.3230088495575221 0.03138075313807531
5 0.5892330383480826 0.6809623430962343 0.1430678466076696 0.02301255230125523
