7 0.35346097201767307 0.27983539094650206 0.36818851251840945 0.0205761316872428
2 0.6237113402061856 0.4670781893004115 0.22238586156111928 0.024691358024691357
1 0.8836524300441826 0.808641975308642 0.026509572901325478 0.0205761316872428
0 0.7967599410898379 0.918724279835391 0.12665684830633284 0.030864197530864196
8 0.5743740795287187 0.9166666666666666 0.14432989690721648 0.030864197530864196
6 0.296759941089838 0.918724279835391 0.15758468335787923 0.030864197530864196
9 0.10751104565537556 0.7510288065843621 0.03240058910162003 0.37448559670781895
3 0.8379970544918999 0.4732510288065844 0.14432989690721648 0.037037037037037035
4 0.7555228276877761 0.3713991769547325 0.035346097201767304 0.018518518518518517
4 0.5780559646539027 0.37037037037037035 0.1134020618556701 0.0205761316872428
4 0.8917525773195877 0.3683127572016461 0.022091310751104567 0.01646090534979424
5 0.6826215022091311 0.5637860082304527 0.33431516936671574 0.0205761316872428
5 0.6310751104565537 0.6430041152263375 0.23122238586156113 0.02263374485596708
5 0.5515463917525774 0.6790123456790124 0.07216494845360824 0.0205761316872428
