7 0.26331360946745563 0.2638146167557932 0.22366863905325443 0.017825311942959002
2 0.5893491124260355 0.45454545454545453 0.17751479289940827 0.024955436720142603
1 0.8757396449704142 0.7976827094474154 0.009467455621301775 0.0196078431372549
0 0.7911242603550296 0.9073083778966132 0.13609467455621302 0.0285204991087344
8 0.5609467455621302 0.9064171122994652 0.14911242603550295 0.030303030303030304
6 0.2869822485207101 0.9090909090909091 0.16449704142011834 0.024955436720142603
9 0.10118343195266272 0.7771836007130125 0.029585798816568046 0.3172905525846702
3 0.8165680473372781 0.45098039215686275 0.1136094674556213 0.024955436720142603
4 0.7526627218934911 0.35294117647058826 0.03550295857988166 0.0213903743315508
4 0.8857988165680474 0.3511586452762923 0.022485207100591716 0.017825311942959002
4 0.5633136094674556 0.35472370766488415 0.1136094674556213 0.024955436720142603
5 0.6692307692307692 0.553475935828877 0.3254437869822485 0.026737967914438502
5 0.5585798816568047 0.5909090909090909 0.10650887573964497 0.023172905525846704
5 0.6414201183431952 0.6292335115864528 0.2698224852071006 0.0213903743315508
