7 0.35214285714285715 0.2762096774193548 0.31857142857142856 0.020161290322580645
2 0.6107142857142858 0.47076612903225806 0.15571428571428572 0.02620967741935484
1 0.8721428571428571 0.8215725806451613 0.012857142857142857 0.018145161290322582
0 0.7907142857142857 0.9223790322580645 0.13857142857142857 0.02620967741935484
8 0.5664285714285714 0.9223790322580645 0.13857142857142857 0.02620967741935484
6 0.26857142857142857 0.9122983870967742 0.15142857142857144 0.02217741935483871
9 0.09428571428571429 0.7943548387096774 0.02857142857142857 0.33064516129032256
3 0.835 0.47681451612903225 0.11 0.02620967741935484
4 0.6328571428571429 0.375 0.20285714285714285 0.020161290322580645
5 0.6542857142857142 0.5725806451612904 0.2571428571428571 0.020161290322580645
5 0.5871428571428572 0.6189516129032258 0.11714285714285715 0.024193548387096774
5 0.6735714285714286 0.6693548387096774 0.2842857142857143 0.020161290322580645
5 0.5642857142857143 0.719758064516129 0.06857142857142857 0.020161290322580645
