7 0.32071428571428573 0.26774847870182555 0.2842857142857143 0.04056795131845842
2 0.6028571428571429 0.4685598377281947 0.15714285714285714 0.02434077079107505
1 0.8664285714285714 0.8123732251521298 0.01 0.018255578093306288
0 0.7864285714285715 0.9107505070993914 0.13857142857142857 0.02434077079107505
8 0.5635714285714286 0.9168356997971603 0.13857142857142857 0.028397565922920892
6 0.25285714285714284 0.9127789046653144 0.13428571428571429 0.02028397565922921
9 0.09428571428571429 0.7616632860040567 0.03142857142857143 0.35496957403651114
3 0.8307142857142857 0.4614604462474645 0.11 0.018255578093306288
4 0.6285714285714286 0.36815415821501013 0.2 0.02231237322515213
5 0.6564285714285715 0.5679513184584178 0.2671428571428571 0.02028397565922921
5 0.5614285714285714 0.6146044624746451 0.06857142857142857 0.02028397565922921
5 0.6614285714285715 0.6673427991886409 0.26571428571428574 0.02028397565922921
5 0.5542857142857143 0.716024340770791 0.054285714285714284 0.02028397565922921
10 0.5942857142857143 0.8113590263691683 0.12571428571428572 0.02434077079107505
