7 0.3333333333333333 0.25533807829181493 0.30604982206405695 0.019572953736654804
2 0.6162514827995255 0.4501779359430605 0.17912218268090155 0.03202846975088968
1 0.9068801897983393 0.7891459074733096 0.02491103202846975 0.019572953736654804
0 0.8196915776986952 0.8976868327402135 0.1376037959667853 0.026690391459074734
8 0.5765124555160143 0.900355871886121 0.1257413997627521 0.02491103202846975
6 0.30486358244365364 0.9030249110320284 0.166073546856465 0.026690391459074734
9 0.11269276393831554 0.8016014234875445 0.03084223013048636 0.39679715302491103
3 0.8552787663107948 0.44483985765124556 0.1376037959667853 0.028469750889679714
4 0.9157769869513642 0.34786476868327404 0.02609727164887307 0.019572953736654804
4 0.7704626334519573 0.3487544483985765 0.03202846975088968 0.017793594306049824
4 0.5812574139976275 0.351423487544484 0.099644128113879 0.019572953736654804
5 0.697508896797153 0.6245551601423488 0.3202846975088968 0.021352313167259787
5 0.6737841043890866 0.5427046263345195 0.2823250296559905 0.021352313167259787
