7 0.3447761194029851 0.262208067940552 0.3373134328358209 0.027600849256900213
2 0.6358208955223881 0.4543524416135881 0.22388059701492538 0.029723991507430998
1 0.8902985074626866 0.8099787685774947 0.010447761194029851 0.01910828025477707
0 0.8194029850746268 0.9193205944798302 0.16119402985074627 0.029723991507430998
8 0.5865671641791045 0.9182590233545648 0.14626865671641792 0.027600849256900213
6 0.3119402985074627 0.9140127388535032 0.17313432835820897 0.027600849256900213
9 0.13059701492537312 0.15817409766454352 0.26417910447761195 0.044585987261146494
3 0.8492537313432836 0.4564755838641189 0.14626865671641792 0.025477707006369428
4 0.5932835820895522 0.35562632696390656 0.12985074626865672 0.02335456475583864
4 0.7656716417910447 0.35774946921443734 0.03582089552238806 0.01910828025477707
4 0.9082089552238806 0.35774946921443734 0.022388059701492536 0.014861995753715499
5 0.6888059701492537 0.5520169851380042 0.32686567164179103 0.021231422505307854
5 0.6671641791044776 0.6348195329087049 0.27761194029850744 0.025477707006369428
5 0.5738805970149253 0.6719745222929936 0.09701492537313433 0.02335456475583864
