7 0.32285714285714284 0.27244258872651356 0.26857142857142857 0.022964509394572025
2 0.6007142857142858 0.4812108559498956 0.15571428571428572 0.022964509394572025
1 0.8607142857142858 0.8392484342379958 0.01 0.016701461377870562
0 0.7807142857142857 0.9467640918580376 0.13857142857142857 0.031315240083507306
8 0.5507142857142857 0.9363256784968684 0.1357142857142857 0.027139874739039668
6 0.26071428571428573 0.9279749478079332 0.15285714285714286 0.022964509394572025
9 0.10214285714285715 0.7567849686847599 0.03 0.3444676409185804
3 0.8264285714285714 0.48538622129436326 0.12428571428571429 0.022964509394572025
4 0.6142857142857143 0.37995824634655534 0.18 0.020876826722338204
5 0.6485714285714286 0.581419624217119 0.2542857142857143 0.018789144050104383
5 0.6664285714285715 0.6826722338204593 0.2957142857142857 0.020876826722338204
5 0.5628571428571428 0.7317327766179541 0.08571428571428572 0.018789144050104383
