7 0.3125 0.2632696390658174 0.3117469879518072 0.021231422505307854
2 0.6197289156626506 0.4575371549893843 0.22740963855421686 0.027600849256900213
1 0.8825301204819277 0.8142250530785563 0.02108433734939759 0.014861995753715499
0 0.7906626506024096 0.9225053078556263 0.1536144578313253 0.03184713375796178
8 0.5587349397590361 0.9225053078556263 0.14759036144578314 0.027600849256900213
6 0.2786144578313253 0.9203821656050956 0.16265060240963855 0.02335456475583864
9 0.09487951807228916 0.7462845010615711 0.030120481927710843 0.35456475583864117
3 0.8381024096385542 0.4596602972399151 0.1460843373493976 0.027600849256900213
4 0.7590361445783133 0.3630573248407643 0.045180722891566265 0.016985138004246284
4 0.8938253012048193 0.3609341825902335 0.01957831325301205 0.016985138004246284
4 0.5609939759036144 0.35881104033970274 0.10391566265060241 0.021231422505307854
5 0.6490963855421686 0.5562632696390658 0.28012048192771083 0.021231422505307854
5 0.6731927710843374 0.6390658174097664 0.32831325301204817 0.021231422505307854
5 0.5429216867469879 0.6762208067940552 0.06475903614457831 0.01910828025477707
