7 0.3176959619952494 0.26565295169946335 0.3171021377672209 0.023255813953488372
2 0.5938242280285035 0.4588550983899821 0.18052256532066507 0.023255813953488372
1 0.8782660332541568 0.8112701252236136 0.013064133016627079 0.023255813953488372
0 0.7844418052256532 0.9203935599284436 0.11520190023752969 0.023255813953488372
8 0.5552256532066508 0.9159212880143113 0.12707838479809977 0.025044722719141325
6 0.27969121140142517 0.909660107334526 0.16270783847980996 0.026833631484794274
9 0.09501187648456057 0.7513416815742398 0.028503562945368172 0.3434704830053667
3 0.8396674584323041 0.46153846153846156 0.1496437054631829 0.028622540250447227
4 0.5676959619952494 0.35867620751341683 0.11401425178147269 0.023255813953488372
4 0.7636579572446556 0.3613595706618962 0.0498812351543943 0.02146690518783542
4 0.8948931116389549 0.3631484794275492 0.020190023752969122 0.017889087656529516
5 0.663895486935867 0.5581395348837209 0.31353919239904987 0.02146690518783542
5 0.6454869358669834 0.6377459749552773 0.27434679334916867 0.03398926654740608
5 0.5546318289786223 0.6762075134168157 0.09501187648456057 0.017889087656529516
