7 0.3034379671150972 0.27388535031847133 0.28101644245142005 0.021231422505307854
2 0.609118086696562 0.4607218683651805 0.20478325859491778 0.025477707006369428
1 0.8863976083707026 0.8099787685774947 0.01195814648729447 0.01910828025477707
0 0.8026905829596412 0.921443736730361 0.14349775784753363 0.025477707006369428
8 0.5807174887892377 0.9256900212314225 0.15994020926756353 0.03397027600849257
6 0.2982062780269058 0.9278131634819533 0.17787742899850523 0.025477707006369428
9 0.09790732436472346 0.8280254777070064 0.028400597907324365 0.3481953290870488
3 0.8303437967115097 0.4607218683651805 0.13004484304932734 0.025477707006369428
4 0.757847533632287 0.3619957537154989 0.04484304932735426 0.01910828025477707
4 0.8946188340807175 0.3609341825902335 0.025411061285500747 0.016985138004246284
4 0.5635276532137519 0.3630573248407643 0.10463378176382661 0.021231422505307854
5 0.6614349775784754 0.5605095541401274 0.2974588938714499 0.021231422505307854
5 0.6509715994020927 0.6411889596602972 0.2825112107623318 0.021231422505307854
5 0.5485799701046338 0.6825902335456475 0.08071748878923767 0.01910828025477707
