7 0.3220675944333996 0.27823691460055094 0.33001988071570576 0.027548209366391185
2 0.5914512922465208 0.4641873278236915 0.18886679920477137 0.03581267217630854
1 0.8618290258449304 0.8154269972451791 0.013916500994035786 0.01652892561983471
0 0.790258449304175 0.918732782369146 0.15308151093439365 0.030303030303030304
8 0.558648111332008 0.9173553719008265 0.1550695825049702 0.027548209366391185
6 0.2823061630218688 0.9214876033057852 0.16699801192842942 0.024793388429752067
9 0.09145129224652088 0.7988980716253443 0.027833001988071572 0.3140495867768595
3 0.8190854870775348 0.46831955922865015 0.13518886679920478 0.027548209366391185
4 0.562624254473161 0.371900826446281 0.12326043737574553 0.02203856749311295
4 0.7445328031809145 0.37327823691460055 0.03777335984095427 0.01928374655647383
4 0.8846918489065606 0.3746556473829201 0.027833001988071572 0.02203856749311295
5 0.672962226640159 0.568870523415978 0.34393638170974156 0.024793388429752067
5 0.6540755467196819 0.6432506887052342 0.31411530815109345 0.024793388429752067
