7 0.34314903846153844 0.2787456445993031 0.3425480769230769 0.020905923344947737
2 0.6262019230769231 0.4738675958188153 0.21153846153846154 0.024390243902439025
1 0.8882211538461539 0.823170731707317 0.009615384615384616 0.0156794425087108
0 0.8052884615384616 0.9259581881533101 0.12980769230769232 0.02613240418118467
8 0.5733173076923077 0.9198606271777003 0.12740384615384615 0.024390243902439025
6 0.29747596153846156 0.9146341463414634 0.15504807692307693 0.0313588850174216
9 0.1045673076923077 0.7552264808362369 0.028846153846153848 0.3362369337979094
3 0.8401442307692307 0.4808362369337979 0.12980769230769232 0.024390243902439025
4 0.5685096153846154 0.3780487804878049 0.08413461538461539 0.017421602787456445
4 0.7608173076923077 0.3832752613240418 0.03125 0.017421602787456445
4 0.9044471153846154 0.3885017421602787 0.020432692307692308 0.020905923344947737
5 0.6256009615384616 0.5679442508710801 0.20072115384615385 0.020905923344947737
5 0.6772836538461539 0.6480836236933798 0.3161057692307692 0.020905923344947737
5 0.5673076923076923 0.686411149825784 0.08413461538461539 0.020905923344947737
