7 0.2579881656804734 0.2638146167557932 0.2106508875739645 0.017825311942959002
2 0.5905325443786982 0.45454545454545453 0.17988165680473372 0.024955436720142603
1 0.8763313609467456 0.7976827094474154 0.010650887573964497 0.0196078431372549
0 0.7911242603550296 0.9081996434937611 0.13846153846153847 0.030303030303030304
8 0.5633136094674556 0.9064171122994652 0.14911242603550295 0.030303030303030304
6 0.28579881656804734 0.9090909090909091 0.1668639053254438 0.024955436720142603
9 0.10118343195266272 0.7771836007130125 0.029585798816568046 0.3172905525846702
3 0.8171597633136095 0.45098039215686275 0.11479289940828402 0.024955436720142603
4 0.7526627218934911 0.35294117647058826 0.03550295857988166 0.0213903743315508
4 0.8857988165680474 0.3511586452762923 0.022485207100591716 0.017825311942959002
4 0.5633136094674556 0.3538324420677362 0.1136094674556213 0.023172905525846704
5 0.6485207100591716 0.5508021390374331 0.2816568047337278 0.0213903743315508
5 0.5828402366863905 0.5909090909090909 0.15266272189349112 0.023172905525846704
5 0.6597633136094675 0.6292335115864528 0.31124260355029587 0.0213903743315508
