7 0.345642540620384 0.28038379530916846 0.32791728212703103 0.019189765458422176
2 0.6189069423929099 0.47654584221748403 0.19793205317577547 0.02771855010660981
1 0.8855243722304283 0.8336886993603412 0.0103397341211226 0.021321961620469083
0 0.810930576070901 0.9402985074626866 0.14180206794682423 0.0255863539445629
8 0.587149187592319 0.9402985074626866 0.15805022156573117 0.029850746268656716
6 0.29394387001477107 0.9392324093816631 0.15657311669128507 0.023454157782515993
9 0.11152141802067947 0.779317697228145 0.028064992614475627 0.3347547974413646
3 0.8463810930576071 0.47761194029850745 0.1447562776957164 0.0255863539445629
4 0.7621861152141802 0.3805970149253731 0.03249630723781388 0.019189765458422176
4 0.5768094534711965 0.3784648187633262 0.1019202363367799 0.023454157782515993
4 0.8988183161004432 0.3816631130063966 0.028064992614475627 0.021321961620469083
5 0.6477104874446086 0.5746268656716418 0.24963072378138848 0.019189765458422176
5 0.6920236336779911 0.6588486140724946 0.3353028064992615 0.021321961620469083
