7 0.32936979785969084 0.2740740740740741 0.2925089179548157 0.018518518518518517
2 0.6046373365041617 0.46574074074074073 0.1629013079667063 0.020370370370370372
1 0.8870392390011891 0.8138888888888889 0.009512485136741973 0.016666666666666666
0 0.796076099881094 0.9203703703703704 0.1272294887039239 0.025925925925925925
8 0.5636147443519619 0.9222222222222223 0.12841854934601665 0.02962962962962963
6 0.3091557669441142 0.9194444444444444 0.178359096313912 0.027777777777777776
9 0.11058263971462545 0.7814814814814814 0.03804994054696789 0.37037037037037035
3 0.8406658739595719 0.4675925925925926 0.12604042806183116 0.027777777777777776
4 0.5909631391200951 0.3685185185185185 0.11414982164090369 0.022222222222222223
4 0.7699167657550535 0.36944444444444446 0.039239001189060645 0.016666666666666666
4 0.9084423305588585 0.3685185185185185 0.023781212841854936 0.022222222222222223
5 0.6575505350772889 0.5611111111111111 0.25921521997621877 0.022222222222222223
5 0.6474435196195006 0.6425925925925926 0.25802615933412604 0.022222222222222223
5 0.5719381688466112 0.6851851851851852 0.09750297265160524 0.022222222222222223
