7 0.33880597014925373 0.25796178343949044 0.3253731343283582 0.02335456475583864
2 0.6328358208955224 0.4543524416135881 0.22388059701492538 0.029723991507430998
1 0.8902985074626866 0.8099787685774947 0.010447761194029851 0.01910828025477707
0 0.8194029850746268 0.9193205944798302 0.16119402985074627 0.029723991507430998
8 0.5873134328358209 0.9182590233545648 0.14477611940298507 0.027600849256900213
6 0.31044776119402984 0.9140127388535032 0.1761194029850746 0.027600849256900213
9 0.13134328358208955 0.15817409766454352 0.2656716417910448 0.044585987261146494
3 0.8477611940298507 0.4575371549893843 0.14328358208955225 0.027600849256900213
4 0.5917910447761194 0.35562632696390656 0.12985074626865672 0.02335456475583864
4 0.7656716417910447 0.35774946921443734 0.03582089552238806 0.014861995753715499
4 0.9111940298507463 0.35987261146496813 0.034328358208955224 0.02335456475583864
5 0.6828358208955224 0.5520169851380042 0.3119402985074627 0.021231422505307854
5 0.6694029850746268 0.6348195329087049 0.27611940298507465 0.025477707006369428
5 0.5664179104477612 0.6719745222929936 0.0791044776119403 0.02335456475583864
