7 0.3262158956109134 0.27595628415300544 0.32265717674970346 0.023679417122040074
2 0.5954922894424673 0.4672131147540984 0.17793594306049823 0.023679417122040074
1 0.8712930011862396 0.825136612021858 0.013048635824436536 0.018214936247723135
0 0.7876631079478055 0.9335154826958105 0.13523131672597866 0.0273224043715847
8 0.5504151838671412 0.9344262295081968 0.11387900355871886 0.02185792349726776
6 0.28529062870699884 0.9353369763205829 0.1506524317912218 0.023679417122040074
9 0.10142348754448399 0.773224043715847 0.027283511269276393 0.3333333333333333
3 0.83570581257414 0.46265938069216755 0.1506524317912218 0.029143897996357013
4 0.5682087781731909 0.36429872495446264 0.11387900355871886 0.025500910746812388
4 0.758600237247924 0.366120218579235 0.051008303677342826 0.02185792349726776
4 0.8926453143534994 0.36429872495446264 0.02491103202846975 0.02185792349726776
5 0.6494661921708185 0.5628415300546448 0.2835112692763938 0.02185792349726776
5 0.6393831553973903 0.6457194899817851 0.2586002372479241 0.023679417122040074
5 0.5444839857651246 0.6876138433515483 0.07591933570581258 0.023679417122040074
