7 0.3409090909090909 0.2536997885835095 0.32111436950146627 0.02536997885835095
2 0.6209677419354839 0.4418604651162791 0.20674486803519063 0.02959830866807611
1 0.875366568914956 0.8023255813953488 0.011730205278592375 0.019027484143763214
0 0.7969208211143695 0.912262156448203 0.14222873900293256 0.02748414376321353
8 0.5740469208211144 0.9101479915433404 0.14222873900293256 0.03171247357293869
6 0.3101173020527859 0.9027484143763214 0.17155425219941348 0.02536997885835095
9 0.10410557184750734 0.7452431289640592 0.02932551319648094 0.35306553911205074
3 0.841642228739003 0.44820295983086683 0.15542521994134897 0.03382663847780127
4 0.5762463343108505 0.346723044397463 0.11436950146627566 0.021141649048625793
4 0.7580645161290323 0.35200845665961944 0.03519061583577713 0.019027484143763214
4 0.8958944281524927 0.35095137420718814 0.026392961876832845 0.016913319238900635
5 0.6451612903225806 0.5433403805496829 0.2434017595307918 0.021141649048625793
5 0.5615835777126099 0.5824524312896406 0.08211143695014662 0.019027484143763214
5 0.6869501466275659 0.6257928118393234 0.33284457478005863 0.021141649048625793
