7 0.31001472754050075 0.2777777777777778 0.27835051546391754 0.0205761316872428
2 0.6229749631811488 0.46502057613168724 0.22385861561119294 0.024691358024691357
1 0.8762886597938144 0.8065843621399177 0.011782032400589101 0.0205761316872428
0 0.7974963181148749 0.9156378600823045 0.12812960235640647 0.02880658436213992
8 0.5751104565537555 0.9135802469135802 0.14285714285714285 0.02880658436213992
6 0.29823269513991163 0.9125514403292181 0.15758468335787923 0.02263374485596708
9 0.10603829160530191 0.7479423868312757 0.03240058910162003 0.3683127572016461
3 0.8387334315169367 0.4711934156378601 0.14285714285714285 0.037037037037037035
4 0.7621502209131075 0.36934156378600824 0.048600883652430045 0.018518518518518517
4 0.5780559646539027 0.3683127572016461 0.1134020618556701 0.0205761316872428
4 0.8917525773195877 0.36728395061728397 0.022091310751104567 0.01440329218106996
5 0.695139911634757 0.5617283950617284 0.36524300441826213 0.0205761316872428
5 0.6310751104565537 0.6399176954732511 0.2341678939617084 0.0205761316872428
5 0.5655375552282769 0.676954732510288 0.10309278350515463 0.0205761316872428
