7 0.3538575667655786 0.29035639412997905 0.3694362017804154 0.023060796645702306
2 0.6112759643916914 0.48427672955974843 0.20178041543026706 0.025157232704402517
1 0.8813056379821959 0.8375262054507338 0.02373887240356083 0.018867924528301886
0 0.8293768545994066 0.9308176100628931 0.1572700296735905 0.029350104821802937
8 0.5816023738872403 0.9318658280922432 0.142433234421365 0.031446540880503145
6 0.30415430267062316 0.9329140461215933 0.17507418397626112 0.025157232704402517
9 0.10905044510385757 0.8155136268343816 0.03115727002967359 0.3731656184486373
3 0.8434718100890207 0.480083857442348 0.14391691394658754 0.041928721174004195
4 0.7507418397626113 0.3867924528301887 0.03560830860534125 0.018867924528301886
4 0.5593471810089021 0.38469601677148846 0.10385756676557864 0.023060796645702306
4 0.8605341246290801 0.3867924528301887 0.02373887240356083 0.014675052410901468
5 0.6446587537091988 0.5849056603773585 0.2507418397626113 0.020964360587002098
5 0.6735905044510386 0.689727463312369 0.3115727002967359 0.020964360587002098
5 0.5608308605341247 0.7421383647798742 0.08605341246290801 0.020964360587002098
