7 0.33714285714285713 0.27079107505070993 0.3142857142857143 0.04259634888438134
2 0.605 0.47058823529411764 0.15857142857142856 0.02434077079107505
1 0.8678571428571429 0.8154158215010142 0.012857142857142857 0.016227180527383367
0 0.7871428571428571 0.9127789046653144 0.14 0.02434077079107505
8 0.5642857142857143 0.9188640973630832 0.13714285714285715 0.028397565922920892
6 0.255 0.9148073022312373 0.1357142857142857 0.02028397565922921
9 0.09571428571428571 0.7647058823529411 0.03142857142857143 0.35699797160243407
3 0.8321428571428572 0.4645030425963489 0.11 0.02028397565922921
4 0.635 0.37018255578093306 0.21571428571428572 0.02231237322515213
5 0.6592857142857143 0.5699797160243407 0.2671428571428571 0.02434077079107505
5 0.575 0.6166328600405679 0.09571428571428571 0.02028397565922921
5 0.6692857142857143 0.6693711967545639 0.2814285714285714 0.02434077079107505
5 0.5842857142857143 0.718052738336714 0.11142857142857143 0.02028397565922921
10 0.5957142857142858 0.8133874239350912 0.12571428571428572 0.02434077079107505
