7 0.34573002754820936 0.28820116054158607 0.31129476584022037 0.02321083172147002
2 0.6232782369146006 0.4825918762088975 0.1887052341597796 0.02127659574468085
1 0.8629476584022039 0.8230174081237911 0.012396694214876033 0.017408123791102514
0 0.7796143250688705 0.9226305609284333 0.1322314049586777 0.03481624758220503
8 0.5654269972451791 0.9274661508704062 0.13360881542699724 0.025145067698259187
6 0.2727272727272727 0.9264990328820116 0.162534435261708 0.02321083172147002
9 0.0943526170798898 0.7746615087040619 0.03168044077134986 0.3617021276595745
3 0.84366391184573 0.48065764023210833 0.13085399449035812 0.02127659574468085
4 0.6494490358126722 0.3849129593810445 0.23553719008264462 0.02321083172147002
5 0.6446280991735537 0.5802707930367504 0.23140495867768596 0.019342359767891684
5 0.581267217630854 0.6305609284332688 0.11019283746556474 0.019342359767891684
5 0.6522038567493113 0.6769825918762089 0.2465564738292011 0.019342359767891684
5 0.5826446280991735 0.7292069632495164 0.10743801652892562 0.019342359767891684
