7 0.2907324364723468 0.2536997885835095 0.2615844544095665 0.021141649048625793
2 0.6136023916292974 0.4450317124735729 0.20478325859491778 0.023255813953488372
1 0.8774289985052317 0.7959830866807611 0.01195814648729447 0.019027484143763214
0 0.7944693572496263 0.9080338266384778 0.14499252615844543 0.03171247357293869
8 0.5627802690582959 0.9112050739957717 0.13004484304932734 0.02959830866807611
6 0.28475336322869954 0.9069767441860465 0.15994020926756353 0.02536997885835095
9 0.11360239162929746 0.7536997885835095 0.029895366218236172 0.35306553911205074
3 0.8378176382660688 0.4492600422832981 0.14499252615844543 0.02748414376321353
4 0.5717488789237668 0.3498942917547569 0.11509715994020926 0.023255813953488372
4 0.7600896860986547 0.35306553911205074 0.04932735426008968 0.021141649048625793
4 0.8916292974588939 0.3477801268498943 0.02242152466367713 0.019027484143763214
5 0.6591928251121076 0.5454545454545454 0.29895366218236175 0.021141649048625793
5 0.647982062780269 0.6268498942917548 0.2795216741405082 0.019027484143763214
5 0.5478325859491778 0.6617336152219874 0.08221225710014948 0.02536997885835095
