7 0.3103448275862069 0.2742230347349177 0.29310344827586204 0.021937842778793418
2 0.6028325123152709 0.4616087751371115 0.20320197044334976 0.027422303473491772
1 0.8768472906403941 0.8025594149908593 0.012315270935960592 0.018281535648994516
0 0.8183497536945813 0.8939670932358318 0.1564039408866995 0.029250457038391225
8 0.5769704433497537 0.8939670932358318 0.1539408866995074 0.029250457038391225
6 0.28201970443349755 0.8957952468007313 0.16748768472906403 0.025594149908592323
9 0.09298029556650246 0.7870201096892139 0.03078817733990148 0.3272394881170018
3 0.8306650246305419 0.45886654478976235 0.12931034482758622 0.025594149908592323
4 0.6219211822660099 0.3647166361974406 0.23399014778325122 0.02376599634369287
5 0.6305418719211823 0.5594149908592322 0.2512315270935961 0.021937842778793418
5 0.6730295566502463 0.6581352833638026 0.32142857142857145 0.021937842778793418
5 0.5480295566502463 0.7138939670932358 0.07881773399014778 0.02010968921389397
