7 0.37214285714285716 0.27281947261663286 0.36714285714285716 0.02231237322515213
2 0.6328571428571429 0.4726166328600406 0.21428571428571427 0.02434077079107505
1 0.8564285714285714 0.8225152129817445 0.01 0.014198782961460446
0 0.7892857142857143 0.920892494929006 0.15285714285714286 0.028397565922920892
8 0.5621428571428572 0.9168356997971603 0.15285714285714286 0.028397565922920892
6 0.2642857142857143 0.90973630831643 0.16857142857142857 0.02636916835699797
9 0.085 0.7677484787018256 0.03 0.3509127789046653
3 0.8278571428571428 0.48073022312373226 0.12428571428571429 0.032454361054766734
4 0.6257142857142857 0.37322515212981744 0.20285714285714285 0.02028397565922921
5 0.6235714285714286 0.5699797160243407 0.2042857142857143 0.02434077079107505
5 0.5835714285714285 0.6186612576064908 0.12428571428571429 0.02028397565922921
5 0.6307142857142857 0.6673427991886409 0.22142857142857142 0.02028397565922921
5 0.5578571428571428 0.7190669371196755 0.07571428571428572 0.018255578093306288
