7 0.3535714285714286 0.29554655870445345 0.3271428571428571 0.020242914979757085
2 0.6192857142857143 0.4959514170040486 0.1757142857142857 0.024291497975708502
1 0.8792857142857143 0.8441295546558705 0.01 0.016194331983805668
0 0.8007142857142857 0.9473684210526315 0.15 0.02834008097165992
8 0.5742857142857143 0.9463562753036437 0.15142857142857144 0.030364372469635626
6 0.2542857142857143 0.9402834008097166 0.13714285714285715 0.022267206477732792
9 0.08714285714285715 0.7965587044534413 0.03428571428571429 0.3016194331983806
3 0.8321428571428572 0.4979757085020243 0.11 0.02834008097165992
4 0.6357142857142857 0.402834008097166 0.20285714285714285 0.02834008097165992
5 0.6378571428571429 0.5931174089068826 0.21285714285714286 0.020242914979757085
5 0.5657142857142857 0.6447368421052632 0.07428571428571429 0.018218623481781375
5 0.6978571428571428 0.6933198380566802 0.33 0.018218623481781375
5 0.6007142857142858 0.7419028340080972 0.11285714285714285 0.018218623481781375
