7 0.2942477876106195 0.2796257796257796 0.2610619469026549 0.018711018711018712
2 0.6039823008849557 0.4677754677754678 0.19911504424778761 0.02494802494802495
1 0.8702064896755162 0.8139293139293139 0.011799410029498525 0.02286902286902287
0 0.8030973451327433 0.91995841995842 0.15781710914454278 0.031185031185031187
8 0.556047197640118 0.9272349272349273 0.12979351032448377 0.037422037422037424
6 0.2868731563421829 0.9293139293139293 0.15781710914454278 0.033264033264033266
9 0.10766961651917405 0.7889812889812889 0.029498525073746312 0.34303534303534305
3 0.8289085545722714 0.46673596673596673 0.1415929203539823 0.02702702702702703
4 0.745575221238938 0.369022869022869 0.030973451327433628 0.018711018711018712
4 0.8842182890855457 0.369022869022869 0.025073746312684365 0.018711018711018712
4 0.5612094395280236 0.369022869022869 0.10176991150442478 0.02286902286902287
5 0.661504424778761 0.5634095634095634 0.3053097345132743 0.02494802494802495
5 0.6769911504424779 0.6424116424116424 0.336283185840708 0.02494802494802495
