7 0.33407738095238093 0.2698744769874477 0.32589285714285715 0.02092050209205021
2 0.6160714285714286 0.4665271966527197 0.20238095238095238 0.029288702928870293
1 0.8898809523809523 0.8096234309623431 0.023809523809523808 0.016736401673640166
0 0.8162202380952381 0.9205020920502092 0.15625 0.029288702928870293
8 0.5758928571428571 0.9121338912133892 0.14285714285714285 0.03765690376569038
6 0.28125 0.9121338912133892 0.14285714285714285 0.04184100418410042
9 0.09523809523809523 0.7615062761506276 0.02976190476190476 0.3472803347280335
3 0.84375 0.4675732217573222 0.14285714285714285 0.027196652719665274
4 0.5773809523809523 0.36715481171548114 0.11607142857142858 0.02301255230125523
4 0.7596726190476191 0.3692468619246862 0.03125 0.01882845188284519
4 0.8995535714285714 0.3713389121338912 0.022321428571428572 0.014644351464435146
5 0.6808035714285714 0.5606694560669456 0.32589285714285715 0.02092050209205021
5 0.6860119047619048 0.641213389121339 0.3333333333333333 0.01882845188284519
5 0.5669642857142857 0.6788702928870293 0.09226190476190477 0.01882845188284519
