7 0.34 0.2752016129032258 0.29428571428571426 0.02217741935483871
2 0.6121428571428571 0.46975806451612906 0.15571428571428572 0.024193548387096774
1 0.8735714285714286 0.8205645161290323 0.012857142857142857 0.020161290322580645
0 0.7921428571428571 0.9203629032258065 0.13857142857142857 0.02620967741935484
8 0.5671428571428572 0.9193548387096774 0.14 0.024193548387096774
6 0.26857142857142857 0.9102822580645161 0.15142857142857144 0.02217741935483871
9 0.09571428571428571 0.7933467741935484 0.02857142857142857 0.3326612903225806
3 0.8371428571428572 0.4717741935483871 0.11142857142857143 0.020161290322580645
4 0.6414285714285715 0.37298387096774194 0.21428571428571427 0.020161290322580645
5 0.6557142857142857 0.5705645161290323 0.2571428571428571 0.020161290322580645
5 0.5885714285714285 0.6169354838709677 0.11714285714285715 0.024193548387096774
5 0.675 0.6673387096774194 0.2842857142857143 0.020161290322580645
5 0.5707142857142857 0.717741935483871 0.08428571428571428 0.020161290322580645
