7 0.35214285714285715 0.2965587044534413 0.3271428571428571 0.022267206477732792
2 0.6192857142857143 0.49696356275303644 0.1757142857142857 0.022267206477732792
1 0.8785714285714286 0.8451417004048583 0.011428571428571429 0.018218623481781375
0 0.8007142857142857 0.9493927125506073 0.15285714285714286 0.02834008097165992
8 0.5721428571428572 0.9483805668016194 0.15 0.03441295546558704
6 0.25285714285714284 0.9423076923076923 0.13714285714285715 0.022267206477732792
9 0.08571428571428572 0.798582995951417 0.03428571428571429 0.2975708502024291
3 0.8307142857142857 0.49696356275303644 0.11285714285714285 0.022267206477732792
4 0.6335714285714286 0.4018218623481781 0.20142857142857143 0.022267206477732792
5 0.6378571428571429 0.5951417004048583 0.21 0.020242914979757085
5 0.5592857142857143 0.6467611336032388 0.06142857142857143 0.018218623481781375
5 0.69 0.6953441295546559 0.3171428571428571 0.018218623481781375
5 0.5742857142857143 0.7439271255060729 0.06 0.018218623481781375
