7 0.32945285215366704 0.2817531305903399 0.3329452852153667 0.026833631484794274
2 0.6123399301513388 0.47048300536672627 0.20721769499417927 0.028622540250447227
1 0.8777648428405123 0.8202146690518783 0.023282887077997673 0.01967799642218247
0 0.7968568102444703 0.9293381037567084 0.1478463329452852 0.026833631484794274
8 0.5582072176949942 0.9275491949910555 0.12456344586728754 0.026833631484794274
6 0.29336437718277064 0.924865831842576 0.16065192083818394 0.025044722719141325
9 0.0989522700814901 0.7665474060822898 0.027939464493597205 0.34525939177101966
3 0.8224679860302677 0.4731663685152057 0.12456344586728754 0.026833631484794274
4 0.5681024447031432 0.3694096601073345 0.11175785797438882 0.023255813953488372
4 0.7485448195576252 0.3756708407871199 0.03259604190919674 0.017889087656529516
4 0.8847497089639115 0.3738819320214669 0.023282887077997673 0.02146690518783542
5 0.6321303841676368 0.5670840787119857 0.2421420256111758 0.02146690518783542
5 0.6635622817229336 0.6493738819320215 0.309662398137369 0.02146690518783542
5 0.5651920838183935 0.6869409660107334 0.10826542491268917 0.02146690518783542
