7 0.3220675944333996 0.27823691460055094 0.33001988071570576 0.027548209366391185
2 0.5934393638170974 0.4641873278236915 0.18886679920477137 0.03581267217630854
1 0.8707753479125249 0.8140495867768595 0.027833001988071572 0.01928374655647383
0 0.7922465208747514 0.918732782369146 0.15308151093439365 0.030303030303030304
8 0.5596421471172962 0.918732782369146 0.15308151093439365 0.030303030303030304
6 0.2852882703777336 0.9228650137741047 0.16898608349900596 0.02203856749311295
9 0.09343936381709742 0.7988980716253443 0.027833001988071572 0.3140495867768595
3 0.8210735586481114 0.4669421487603306 0.13518886679920478 0.024793388429752067
4 0.5636182902584493 0.371900826446281 0.12127236580516898 0.02203856749311295
4 0.7475149105367793 0.3760330578512397 0.039761431411530816 0.01928374655647383
4 0.885685884691849 0.3760330578512397 0.02982107355864811 0.01928374655647383
5 0.6590457256461233 0.5661157024793388 0.32007952286282304 0.024793388429752067
5 0.6411530815109344 0.6446280991735537 0.28429423459244535 0.02203856749311295
