7 0.27335984095427435 0.2796143250688705 0.23260437375745527 0.024793388429752067
2 0.595427435387674 0.47107438016528924 0.19681908548707752 0.027548209366391185
1 0.8618290258449304 0.8181818181818182 0.009940357852882704 0.02203856749311295
0 0.790258449304175 0.9201101928374655 0.15705765407554673 0.027548209366391185
8 0.558648111332008 0.9228650137741047 0.1550695825049702 0.03305785123966942
6 0.2823061630218688 0.9256198347107438 0.1709741550695825 0.027548209366391185
9 0.1272365805168986 0.128099173553719 0.2584493041749503 0.04132231404958678
3 0.8190854870775348 0.4696969696969697 0.13518886679920478 0.024793388429752067
4 0.5616302186878728 0.3760330578512397 0.12127236580516898 0.024793388429752067
4 0.7455268389662028 0.3787878787878788 0.039761431411530816 0.01928374655647383
4 0.8846918489065606 0.3760330578512397 0.027833001988071572 0.01928374655647383
5 0.6341948310139165 0.5702479338842975 0.2664015904572565 0.02203856749311295
5 0.6669980119284294 0.6460055096418733 0.3399602385685885 0.024793388429752067
