7 0.35642857142857143 0.27318548387096775 0.33285714285714285 0.02217741935483871
2 0.6114285714285714 0.4717741935483871 0.15714285714285714 0.020161290322580645
1 0.8721428571428571 0.8195564516129032 0.012857142857142857 0.018145161290322582
0 0.79 0.9203629032258065 0.14 0.02620967741935484
8 0.5642857142857143 0.9193548387096774 0.13714285714285715 0.024193548387096774
6 0.26785714285714285 0.9102822580645161 0.15285714285714286 0.02217741935483871
9 0.09428571428571429 0.7943548387096774 0.02857142857142857 0.3346774193548387
3 0.8357142857142857 0.4727822580645161 0.11142857142857143 0.02217741935483871
4 0.6335714285714286 0.3719758064516129 0.2042857142857143 0.02217741935483871
5 0.6478571428571429 0.5705645161290323 0.24142857142857144 0.020161290322580645
5 0.5871428571428572 0.6169354838709677 0.11714285714285715 0.024193548387096774
5 0.6735714285714286 0.6673387096774194 0.2842857142857143 0.020161290322580645
5 0.5692857142857143 0.717741935483871 0.08428571428571428 0.020161290322580645
