7 0.33951332560834296 0.27231329690346084 0.3406720741599073 0.023679417122040074
2 0.6019698725376593 0.470856102003643 0.1749710312862109 0.023679417122040074
1 0.8823870220162224 0.825136612021858 0.012746234067207415 0.02185792349726776
0 0.7931633835457705 0.9371584699453552 0.12398609501738123 0.023679417122040074
6 0.3047508690614137 0.9326047358834244 0.16222479721900349 0.025500910746812388
9 0.11529548088064889 0.8205828779599271 0.026651216685979143 0.36247723132969034
8 0.570683661645423 0.9371584699453552 0.12398609501738123 0.0273224043715847
3 0.8232908458864426 0.46994535519125685 0.1100811123986095 0.02185792349726776
4 0.5718424101969872 0.3679417122040073 0.1100811123986095 0.02185792349726776
4 0.7543453070683661 0.37067395264116576 0.03476245654692932 0.020036429872495445
4 0.8870220162224797 0.3697632058287796 0.0220162224797219 0.018214936247723135
5 0.6633835457705678 0.5683060109289617 0.2931633835457706 0.02185792349726776
5 0.5701042873696408 0.6102003642987249 0.10196987253765932 0.02185792349726776
5 0.660486674391657 0.6484517304189436 0.2850521436848204 0.018214936247723135
5 0.5579374275782155 0.692167577413479 0.07531865585168018 0.02185792349726776
