7 0.31709145427286356 0.2591792656587473 0.29535232383808097 0.02159827213822894
2 0.6139430284857571 0.45464362850971923 0.2143928035982009 0.023758099352051837
1 0.8770614692653673 0.8185745140388769 0.01199400299850075 0.017278617710583154
0 0.800599700149925 0.9244060475161987 0.14392803598200898 0.03455723542116631
8 0.5727136431784108 0.9254859611231101 0.1469265367316342 0.032397408207343416
6 0.2856071964017991 0.9190064794816415 0.16041979010494753 0.023758099352051837
9 0.10269865067466268 0.8239740820734341 0.02848575712143928 0.35205183585313177
3 0.8455772113943029 0.46436285097192226 0.14392803598200898 0.03023758099352052
4 0.5712143928035982 0.357451403887689 0.10494752623688156 0.023758099352051837
4 0.767616191904048 0.3596112311015119 0.035982008995502246 0.019438444924406047
4 0.9047976011994003 0.36393088552915764 0.031484257871064465 0.023758099352051837
5 0.643928035982009 0.5550755939524838 0.2623688155922039 0.02159827213822894
5 0.5599700149925038 0.5982721382289417 0.08845577211394302 0.02159827213822894
5 0.6709145427286357 0.6403887688984882 0.3073463268365817 0.019438444924406047
5 0.5674662668665668 0.6825053995680346 0.10344827586206896 0.02159827213822894
