7 0.3374816983894583 0.2840909090909091 0.31478770131771594 0.01859504132231405
2 0.6215226939970717 0.4772727272727273 0.2005856515373353 0.03305785123966942
1 0.8850658857979502 0.8192148760330579 0.010248901903367497 0.01859504132231405
0 0.7986822840409956 0.9245867768595041 0.1273792093704246 0.022727272727272728
8 0.5746705710102489 0.9256198347107438 0.1273792093704246 0.024793388429752067
6 0.2964860907759883 0.9245867768595041 0.15666178623718888 0.022727272727272728
9 0.1171303074670571 0.7964876033057852 0.029282576866764276 0.3409090909090909
3 0.8440702781844802 0.4772727272727273 0.14202049780380674 0.028925619834710745
4 0.7584187408491947 0.37913223140495866 0.032210834553440704 0.01859504132231405
4 0.5768667642752562 0.3760330578512397 0.10248901903367497 0.02066115702479339
4 0.9011713030746705 0.37913223140495866 0.021961932650073207 0.014462809917355372
5 0.6530014641288433 0.5702479338842975 0.2547584187408492 0.01652892561983471
5 0.5519765739385066 0.609504132231405 0.055636896046852125 0.02066115702479339
5 0.6537335285505125 0.6487603305785123 0.26207906295754024 0.02066115702479339
5 0.5746705710102489 0.6880165289256198 0.09809663250366032 0.02066115702479339
