7 0.3160621761658031 0.28308823529411764 0.25906735751295334 0.022058823529411766
2 0.6360103626943006 0.4742647058823529 0.21502590673575128 0.04411764705882353
1 0.8639896373056994 0.8327205882352942 0.012953367875647668 0.01838235294117647
0 0.7927461139896373 0.9632352941176471 0.15544041450777202 0.08088235294117647
8 0.5673575129533679 0.9632352941176471 0.15025906735751296 0.08088235294117647
6 0.25259067357512954 0.9319852941176471 0.14248704663212436 0.01838235294117647
9 0.09196891191709844 0.8180147058823529 0.02849740932642487 0.3713235294117647
3 0.8380829015544041 0.4852941176470588 0.12694300518134716 0.022058823529411766
4 0.6360103626943006 0.3786764705882353 0.21502590673575128 0.022058823529411766
5 0.655440414507772 0.5808823529411765 0.25906735751295334 0.022058823529411766
5 0.5699481865284974 0.6323529411764706 0.08808290155440414 0.022058823529411766
5 0.6593264248704663 0.6893382352941176 0.27202072538860106 0.025735294117647058
5 0.5867875647668394 0.7316176470588235 0.12694300518134716 0.022058823529411766
