7 0.3553223388305847 0.2613390928725702 0.3748125937031484 0.02159827213822894
2 0.6199400299850075 0.45464362850971923 0.20539730134932535 0.028077753779697623
1 0.8793103448275862 0.8218142548596112 0.010494752623688156 0.019438444924406047
0 0.8020989505247377 0.9265658747300216 0.14392803598200898 0.03455723542116631
8 0.5742128935532234 0.927645788336933 0.14392803598200898 0.032397408207343416
6 0.2871064467766117 0.9211663066954644 0.16041979010494753 0.023758099352051837
9 0.10419790104947527 0.8272138228941684 0.02848575712143928 0.34989200863930886
3 0.848575712143928 0.46652267818574517 0.1469265367316342 0.03023758099352052
4 0.5749625187406296 0.36069114470842334 0.10344827586206896 0.02591792656587473
4 0.7691154422788605 0.3617710583153348 0.035982008995502246 0.01511879049676026
4 0.9017991004497751 0.36393088552915764 0.022488755622188907 0.01511879049676026
5 0.6461769115442278 0.5583153347732182 0.2608695652173913 0.019438444924406047
5 0.553223388305847 0.6004319654427646 0.07196401799100449 0.02159827213822894
5 0.684407796101949 0.6436285097192225 0.3343328335832084 0.02591792656587473
5 0.5629685157421289 0.6900647948164147 0.08545727136431784 0.032397408207343416
