7 0.32571428571428573 0.2903885480572597 0.29428571428571426 0.028629856850715747
2 0.6057142857142858 0.48568507157464214 0.17714285714285713 0.022494887525562373
1 0.8485714285714285 0.8312883435582822 0.011428571428571429 0.018404907975460124
0 0.7742857142857142 0.9304703476482618 0.15428571428571428 0.028629856850715747
8 0.5507142857142857 0.9314928425357873 0.13857142857142857 0.026584867075664622
6 0.25 0.9314928425357873 0.13714285714285715 0.022494887525562373
9 0.095 0.7862985685071575 0.027142857142857142 0.3210633946830266
3 0.8307142857142857 0.483640081799591 0.13857142857142857 0.03067484662576687
4 0.64 0.3885480572597137 0.24 0.024539877300613498
5 0.6335714285714286 0.5869120654396728 0.2357142857142857 0.02044989775051125
5 0.56 0.6319018404907976 0.09714285714285714 0.02044989775051125
5 0.6785714285714286 0.6809815950920245 0.32285714285714284 0.024539877300613498
