7 0.3220640569395018 0.2580071174377224 0.2835112692763938 0.017793594306049824
2 0.6162514827995255 0.4501779359430605 0.17912218268090155 0.03558718861209965
1 0.9068801897983393 0.7909252669039146 0.02491103202846975 0.019572953736654804
0 0.8185053380782918 0.8994661921708185 0.13997627520759193 0.026690391459074734
8 0.5759193357058126 0.902135231316726 0.1269276393831554 0.02491103202846975
6 0.304270462633452 0.9048042704626335 0.16488730723606168 0.026690391459074734
9 0.11506524317912219 0.802491103202847 0.03558718861209965 0.398576512455516
3 0.8558718861209964 0.44661921708185054 0.1387900355871886 0.028469750889679714
4 0.9157769869513642 0.349644128113879 0.02609727164887307 0.019572953736654804
4 0.7704626334519573 0.3505338078291815 0.03202846975088968 0.017793594306049824
4 0.5800711743772242 0.35320284697508897 0.10201660735468565 0.019572953736654804
5 0.6654804270462633 0.6263345195729537 0.2609727164887307 0.021352313167259787
5 0.66073546856465 0.5444839857651246 0.2586002372479241 0.021352313167259787
