7 0.3330871491875923 0.27906976744186046 0.35302806499261447 0.03805496828752643
2 0.5974889217134417 0.47357293868921774 0.20236336779911374 0.02959830866807611
1 0.8655834564254062 0.821353065539112 0.011816838995568686 0.019027484143763214
0 0.7917282127031019 0.9312896405919662 0.14180206794682423 0.02748414376321353
8 0.5590841949778435 0.9312896405919662 0.1432791728212703 0.02748414376321353
6 0.2791728212703102 0.9323467230443975 0.17134416543574593 0.02536997885835095
9 0.11669128508124077 0.14059196617336153 0.2363367799113737 0.040169133192389
3 0.8227474150664698 0.4682875264270613 0.14180206794682423 0.02748414376321353
4 0.880354505169867 0.36363636363636365 0.026587887740029542 0.021141649048625793
4 0.7333825701624815 0.3678646934460888 0.0310192023633678 0.016913319238900635
4 0.5620384047267356 0.37103594080338265 0.1255539143279173 0.023255813953488372
5 0.6698670605612999 0.5623678646934461 0.3353028064992615 0.02959830866807611
5 0.6307237813884786 0.6448202959830867 0.25997045790251105 0.02536997885835095
5 0.5480059084194978 0.6913319238900634 0.08862629246676514 0.021141649048625793
