7 0.306047197640118 0.2785862785862786 0.28761061946902655 0.02079002079002079
2 0.6032448377581121 0.4656964656964657 0.20058997050147492 0.02494802494802495
1 0.8687315634218289 0.8118503118503119 0.011799410029498525 0.02286902286902287
0 0.8008849557522124 0.9178794178794178 0.1592920353982301 0.031185031185031187
8 0.553834808259587 0.9261954261954262 0.12831858407079647 0.035343035343035345
6 0.28761061946902655 0.922037422037422 0.15634218289085547 0.02286902286902287
9 0.10619469026548672 0.7858627858627859 0.029498525073746312 0.34511434511434513
3 0.8281710914454278 0.46465696465696466 0.1430678466076696 0.02702702702702703
4 0.7441002949852508 0.36694386694386694 0.030973451327433628 0.018711018711018712
4 0.883480825958702 0.36694386694386694 0.02359882005899705 0.018711018711018712
4 0.5582595870206489 0.3659043659043659 0.10176991150442478 0.02079002079002079
5 0.661504424778761 0.5613305613305614 0.3053097345132743 0.02494802494802495
5 0.6541297935103245 0.6403326403326404 0.28761061946902655 0.02494802494802495
