7 0.32566765578635015 0.25213675213675213 0.30712166172106825 0.021367521367521368
2 0.6164688427299704 0.4497863247863248 0.2032640949554896 0.023504273504273504
1 0.8879821958456974 0.8076923076923077 0.010385756676557863 0.017094017094017096
0 0.8264094955489614 0.9166666666666666 0.18694362017804153 0.03418803418803419
8 0.5719584569732937 0.9145299145299145 0.16765578635014836 0.029914529914529916
6 0.2893175074183976 0.9049145299145299 0.1572700296735905 0.023504273504273504
9 0.10014836795252226 0.7841880341880342 0.028189910979228485 0.3333333333333333
3 0.849406528189911 0.45405982905982906 0.15875370919881307 0.03205128205128205
4 0.5890207715133531 0.3450854700854701 0.12759643916913946 0.023504273504273504
4 0.7722551928783383 0.3504273504273504 0.057863501483679525 0.021367521367521368
4 0.900593471810089 0.34935897435897434 0.02967359050445104 0.019230769230769232
5 0.6528189910979229 0.5502136752136753 0.26409495548961426 0.023504273504273504
5 0.5727002967359051 0.5897435897435898 0.11275964391691394 0.02564102564102564
5 0.7151335311572701 0.6292735042735043 0.3887240356083086 0.023504273504273504
5 0.6224035608308606 0.6709401709401709 0.17655786350148367 0.02564102564102564
