7 0.3722139673105498 0.267223382045929 0.40564635958395245 0.025052192066805846
2 0.6315007429420505 0.4603340292275574 0.22288261515601784 0.027139874739039668
1 0.8803863298662704 0.8110647181628392 0.010401188707280832 0.018789144050104383
0 0.8112927191679049 0.9196242171189979 0.1575037147102526 0.027139874739039668
8 0.586924219910847 0.9164926931106472 0.1575037147102526 0.029227557411273485
6 0.3031203566121842 0.9081419624217119 0.1723625557206538 0.025052192066805846
9 0.09806835066864784 0.7797494780793319 0.029717682020802376 0.3444676409185804
3 0.8469539375928677 0.46764091858037576 0.1426448736998514 0.029227557411273485
4 0.5906389301634473 0.3653444676409186 0.12927191679049035 0.025052192066805846
4 0.7615156017830609 0.3663883089770355 0.031203566121842496 0.018789144050104383
4 0.9056463595839525 0.3705636743215031 0.022288261515601784 0.018789144050104383
5 0.6508172362555721 0.5563674321503131 0.2585438335809807 0.027139874739039668
5 0.6783060921248143 0.6367432150313153 0.3224368499257058 0.025052192066805846
