7 0.2988165680473373 0.23721881390593047 0.28106508875739644 0.02044989775051125
2 0.6013313609467456 0.42433537832310836 0.20266272189349113 0.026584867075664622
1 0.8742603550295858 0.7627811860940695 0.026627218934911243 0.02044989775051125
0 0.7899408284023669 0.8701431492842536 0.15680473372781065 0.026584867075664622
8 0.5658284023668639 0.869120654396728 0.14349112426035504 0.024539877300613498
6 0.2869822485207101 0.8578732106339468 0.17455621301775148 0.034764826175869123
9 0.09763313609467456 0.7157464212678937 0.029585798816568046 0.33537832310838445
3 0.8276627218934911 0.4274028629856851 0.14349112426035504 0.024539877300613498
4 0.5702662721893491 0.3282208588957055 0.128698224852071 0.022494887525562373
4 0.7551775147928994 0.3292433537832311 0.057692307692307696 0.02044989775051125
4 0.8838757396449705 0.3323108384458078 0.022189349112426034 0.014314928425357873
5 0.643491124260355 0.5194274028629857 0.2781065088757396 0.02044989775051125
5 0.5428994082840237 0.5572597137014315 0.07988165680473373 0.018404907975460124
5 0.6375739644970414 0.5961145194274029 0.2781065088757396 0.018404907975460124
5 0.5421597633136095 0.6329243353783232 0.07840236686390532 0.022494887525562373
