7 0.3286140089418778 0.26559139784946234 0.293591654247392 0.01935483870967742
2 0.61698956780924 0.46774193548387094 0.18479880774962743 0.023655913978494623
1 0.8658718330849479 0.8290322580645161 0.011922503725782414 0.023655913978494623
0 0.7906110283159463 0.9290322580645162 0.12965722801788376 0.025806451612903226
8 0.563338301043219 0.9279569892473118 0.14307004470938897 0.02795698924731183
6 0.29731743666169896 0.9247311827956989 0.17436661698956782 0.025806451612903226
9 0.08941877794336811 0.7870967741935484 0.029806259314456036 0.35698924731182796
3 0.8375558867362146 0.46559139784946235 0.12816691505216096 0.02795698924731183
4 0.6453055141579732 0.36451612903225805 0.23546944858420268 0.023655913978494623
5 0.6564828614008942 0.5709677419354838 0.2697466467958271 0.01935483870967742
5 0.5782414307004471 0.6193548387096774 0.10134128166915052 0.021505376344086023
5 0.6698956780923994 0.6709677419354839 0.2906110283159464 0.021505376344086023
5 0.5566318926974665 0.7215053763440861 0.07004470938897168 0.01935483870967742
