7 0.3399014778325123 0.2742230347349177 0.3522167487684729 0.021937842778793418
2 0.6052955665024631 0.4606946983546618 0.20320197044334976 0.025594149908592323
1 0.8780788177339901 0.8025594149908593 0.012315270935960592 0.021937842778793418
0 0.8208128078817734 0.8939670932358318 0.1539408866995074 0.029250457038391225
8 0.5800492610837439 0.8939670932358318 0.15517241379310345 0.029250457038391225
6 0.2850985221674877 0.8957952468007313 0.17118226600985223 0.025594149908592323
9 0.09421182266009852 0.7861060329067642 0.03078817733990148 0.3290676416819013
3 0.8325123152709359 0.45886654478976235 0.13054187192118227 0.025594149908592323
4 0.6311576354679803 0.3647166361974406 0.24753694581280788 0.02376599634369287
5 0.6693349753694581 0.5594149908592322 0.32389162561576357 0.021937842778793418
5 0.6884236453201971 0.6581352833638026 0.3522167487684729 0.021937842778793418
5 0.5560344827586207 0.7138939670932358 0.09236453201970443 0.02010968921389397
