7 0.3735207100591716 0.2623655913978495 0.39497041420118345 0.025806451612903226
2 0.6153846153846154 0.4645161290322581 0.20414201183431951 0.034408602150537634
1 0.8838757396449705 0.8182795698924731 0.010355029585798817 0.015053763440860216
0 0.8010355029585798 0.9301075268817204 0.14349112426035504 0.02795698924731183
8 0.5806213017751479 0.921505376344086 0.14349112426035504 0.04086021505376344
6 0.2980769230769231 0.9279569892473118 0.15828402366863906 0.023655913978494623
9 0.12130177514792899 0.7860215053763441 0.03550295857988166 0.2989247311827957
3 0.8424556213017751 0.46236559139784944 0.14349112426035504 0.034408602150537634
4 0.757396449704142 0.3602150537634409 0.03550295857988166 0.015053763440860216
4 0.8957100591715976 0.35913978494623655 0.02514792899408284 0.017204301075268817
4 0.5754437869822485 0.36236559139784946 0.11538461538461539 0.02795698924731183
5 0.6516272189349113 0.5602150537634408 0.2618343195266272 0.01935483870967742
5 0.5739644970414202 0.6 0.11242603550295859 0.025806451612903226
5 0.6486686390532544 0.6430107526881721 0.26479289940828404 0.021505376344086023
5 0.5695266272189349 0.6838709677419355 0.09763313609467456 0.025806451612903226
