7 0.3442857142857143 0.28036437246963564 0.31142857142857144 0.02631578947368421
2 0.6178571428571429 0.48279352226720645 0.17285714285714285 0.022267206477732792
1 0.8764285714285714 0.8350202429149798 0.01 0.018218623481781375
0 0.8 0.9362348178137652 0.15428571428571428 0.030364372469635626
8 0.5664285714285714 0.930161943319838 0.13857142857142857 0.030364372469635626
6 0.24714285714285714 0.9271255060728745 0.13714285714285715 0.020242914979757085
9 0.08214285714285714 0.7864372469635628 0.027142857142857142 0.31781376518218624
3 0.8378571428571429 0.4848178137651822 0.12428571428571429 0.02631578947368421
4 0.6285714285714286 0.3876518218623482 0.20285714285714285 0.022267206477732792
5 0.6492857142857142 0.5819838056680162 0.24142857142857144 0.022267206477732792
5 0.5607142857142857 0.631578947368421 0.06714285714285714 0.020242914979757085
5 0.6792857142857143 0.6811740890688259 0.31 0.022267206477732792
5 0.5757142857142857 0.7307692307692307 0.09714285714285714 0.020242914979757085
