7 0.32690124858115777 0.26151315789473684 0.2724177071509648 0.019736842105263157
2 0.6061293984108967 0.4350328947368421 0.16799091940976163 0.02138157894736842
1 0.8774120317820658 0.756578947368421 0.00681044267877412 0.013157894736842105
0 0.8002270147559591 0.8585526315789473 0.13166855845629966 0.02631578947368421
8 0.5862656072644722 0.8511513157894737 0.1441543700340522 0.03782894736842105
6 0.3166855845629966 0.8585526315789473 0.15664018161180476 0.023026315789473683
9 0.12372304199772985 0.727796052631579 0.02724177071509648 0.31743421052631576
3 0.8251986379114642 0.43667763157894735 0.12258796821793416 0.024671052631578948
4 0.5788876276958003 0.34539473684210525 0.10669693530079455 0.019736842105263157
4 0.7616345062429057 0.34375 0.03859250851305335 0.019736842105263157
4 0.8910329171396141 0.34375 0.024971623155505107 0.019736842105263157
5 0.6486946651532349 0.5254934210526315 0.24858115777525538 0.018092105263157895
5 0.5749148694665154 0.5592105263157895 0.094211123723042 0.019736842105263157
5 0.6549375709421112 0.600328947368421 0.26106696935300794 0.019736842105263157
5 0.5516458569807038 0.6381578947368421 0.05221339387060159 0.019736842105263157
