7 0.2900593471810089 0.2703862660944206 0.2626112759643917 0.02145922746781116
2 0.6083086053412463 0.4645922746781116 0.20178041543026706 0.023605150214592276
1 0.8686943620178041 0.8197424892703863 0.013353115727002967 0.017167381974248927
0 0.798219584569733 0.9377682403433476 0.14540059347181009 0.03862660944206009
8 0.5600890207715133 0.9399141630901288 0.129080118694362 0.034334763948497854
6 0.28560830860534125 0.9388412017167382 0.15875370919881307 0.023605150214592276
9 0.08605341246290801 0.8143776824034334 0.026706231454005934 0.2982832618025751
3 0.8264094955489614 0.463519313304721 0.12759643916913946 0.02575107296137339
4 0.5623145400593472 0.3648068669527897 0.11572700296735905 0.02145922746781116
4 0.7522255192878339 0.36587982832618027 0.03857566765578635 0.019313304721030045
4 0.8864985163204748 0.361587982832618 0.025222551928783383 0.019313304721030045
5 0.6402077151335311 0.5643776824034334 0.2655786350148368 0.02145922746781116
5 0.6543026706231454 0.6459227467811158 0.29376854599406527 0.02575107296137339
