7 0.2917620137299771 0.25989208633093525 0.23569794050343248 0.019784172661870502
2 0.618421052631579 0.4550359712230216 0.2048054919908467 0.02877697841726619
1 0.8884439359267735 0.8111510791366906 0.012585812356979404 0.02158273381294964
0 0.8009153318077803 0.9217625899280576 0.13043478260869565 0.02697841726618705
8 0.5789473684210527 0.920863309352518 0.14416475972540047 0.02877697841726619
6 0.3037757437070938 0.9226618705035972 0.15903890160183065 0.025179856115107913
9 0.10125858123569793 0.7787769784172662 0.028604118993135013 0.3669064748201439
3 0.8421052631578947 0.45323741007194246 0.13272311212814644 0.02877697841726619
4 0.7528604118993135 0.35251798561151076 0.032036613272311214 0.017985611510791366
4 0.898741418764302 0.3516187050359712 0.02402745995423341 0.019784172661870502
4 0.5806636155606407 0.3498201438848921 0.12013729977116705 0.023381294964028777
5 0.6681922196796338 0.5512589928057554 0.2974828375286041 0.023381294964028777
5 0.5635011441647597 0.5926258992805755 0.08581235697940504 0.023381294964028777
5 0.6573226544622426 0.637589928057554 0.2734553775743707 0.019784172661870502
5 0.5743707093821511 0.6780575539568345 0.09382151029748284 0.02158273381294964
