7 0.31388478581979323 0.28118393234672306 0.31166912850812406 0.042283298097251586
2 0.5960118168389956 0.4714587737843552 0.19940915805022155 0.02536997885835095
1 0.8655834564254062 0.8192389006342494 0.011816838995568686 0.019027484143763214
0 0.792466765140325 0.9312896405919662 0.1432791728212703 0.02748414376321353
8 0.5576070901033974 0.9312896405919662 0.14032496307237813 0.02748414376321353
6 0.2791728212703102 0.9323467230443975 0.17429837518463812 0.02536997885835095
9 0.11669128508124077 0.14059196617336153 0.2363367799113737 0.040169133192389
3 0.8242245199409158 0.4682875264270613 0.14180206794682423 0.02748414376321353
4 0.8788774002954209 0.36363636363636365 0.029542097488921712 0.021141649048625793
4 0.7333825701624815 0.3678646934460888 0.0310192023633678 0.016913319238900635
4 0.5612998522895125 0.37103594080338265 0.12703101920236337 0.023255813953488372
5 0.6639586410635155 0.5655391120507399 0.3205317577548006 0.023255813953488372
5 0.6307237813884786 0.6448202959830867 0.25997045790251105 0.02536997885835095
5 0.5546528803545052 0.6913319238900634 0.09896602658788774 0.021141649048625793
