7 0.3143491124260355 0.25806451612903225 0.27662721893491127 0.021505376344086023
2 0.6153846153846154 0.4612903225806452 0.20414201183431951 0.03225806451612903
1 0.8838757396449705 0.8150537634408602 0.010355029585798817 0.017204301075268817
0 0.8002958579881657 0.9279569892473118 0.14201183431952663 0.02795698924731183
8 0.5813609467455622 0.9193548387096774 0.14201183431952663 0.04086021505376344
6 0.2973372781065089 0.9258064516129032 0.15680473372781065 0.023655913978494623
9 0.11686390532544379 0.7838709677419354 0.026627218934911243 0.2989247311827957
3 0.8424556213017751 0.45698924731182794 0.14349112426035504 0.04086021505376344
4 0.7581360946745562 0.3580645161290323 0.03698224852071006 0.01935483870967742
4 0.8957100591715976 0.3580645161290323 0.022189349112426034 0.01935483870967742
4 0.5747041420118343 0.3602150537634409 0.11686390532544379 0.02795698924731183
5 0.6516272189349113 0.556989247311828 0.26479289940828404 0.021505376344086023
5 0.5828402366863905 0.5978494623655914 0.1301775147928994 0.025806451612903226
5 0.6486686390532544 0.6397849462365591 0.26479289940828404 0.023655913978494623
5 0.5784023668639053 0.6817204301075269 0.11242603550295859 0.025806451612903226
