7 0.3335714285714286 0.268762677484787 0.31 0.02231237322515213
2 0.6035714285714285 0.4685598377281947 0.15857142857142856 0.02434077079107505
1 0.8664285714285714 0.8133874239350912 0.012857142857142857 0.016227180527383367
0 0.7864285714285715 0.9107505070993914 0.13857142857142857 0.02434077079107505
8 0.5635714285714286 0.9168356997971603 0.13857142857142857 0.028397565922920892
6 0.25285714285714284 0.9127789046653144 0.13428571428571429 0.02028397565922921
9 0.09428571428571429 0.7606490872210954 0.03142857142857143 0.35294117647058826
3 0.8307142857142857 0.4614604462474645 0.11 0.018255578093306288
4 0.6278571428571429 0.3711967545638945 0.20142857142857143 0.028397565922920892
5 0.6492857142857142 0.5679513184584178 0.25 0.02434077079107505
5 0.5821428571428572 0.6146044624746451 0.11285714285714285 0.02028397565922921
5 0.6735714285714286 0.665314401622718 0.29285714285714287 0.02028397565922921
5 0.5828571428571429 0.716024340770791 0.11428571428571428 0.02028397565922921
10 0.5942857142857143 0.8113590263691683 0.12571428571428572 0.02434077079107505
