7 0.34232121922626024 0.2863636363636364 0.3071512309495897 0.02
2 0.6313012895662368 0.4772727272727273 0.20984759671746775 0.02727272727272727
1 0.8856975381008206 0.8290909090909091 0.012895662368112544 0.02181818181818182
0 0.8024618991793669 0.94 0.1254396248534584 0.025454545454545455
8 0.5890973036342321 0.9409090909090909 0.14419695193434937 0.03090909090909091
6 0.32063305978898005 0.9418181818181818 0.17702227432590856 0.02909090909090909
9 0.11430246189917936 0.82 0.026963657678780773 0.36
3 0.8429073856975381 0.47545454545454546 0.12661195779601406 0.023636363636363636
4 0.7661195779601406 0.3781818181818182 0.031652989449003514 0.01818181818181818
4 0.5896834701055099 0.3781818181818182 0.11254396248534584 0.02181818181818182
4 0.9044548651817116 0.37545454545454543 0.0246189917936694 0.02
5 0.6887456037514654 0.5763636363636364 0.32004689331770225 0.02181818181818182
5 0.5803048065650644 0.6181818181818182 0.10082063305978899 0.02181818181818182
5 0.6600234466588512 0.6581818181818182 0.26260257913247365 0.02181818181818182
5 0.5638921453692849 0.6981818181818182 0.06799531066822978 0.02181818181818182
