7 0.3230088495575221 0.2806652806652807 0.3185840707964602 0.02079002079002079
2 0.6061946902654868 0.4677754677754678 0.20058997050147492 0.02494802494802495
1 0.8716814159292036 0.8118503118503119 0.011799410029498525 0.018711018711018712
0 0.8030973451327433 0.91995841995842 0.15781710914454278 0.031185031185031187
8 0.5567846607669616 0.9241164241164241 0.12831858407079647 0.02702702702702703
6 0.28761061946902655 0.9241164241164241 0.15634218289085547 0.02286902286902287
9 0.10766961651917405 0.7889812889812889 0.029498525073746312 0.34303534303534305
3 0.8296460176991151 0.46673596673596673 0.140117994100295 0.02702702702702703
4 0.7514749262536873 0.3700623700623701 0.04277286135693215 0.02079002079002079
4 0.8849557522123894 0.369022869022869 0.02359882005899705 0.018711018711018712
4 0.56047197640118 0.369022869022869 0.10324483775811209 0.02286902286902287
5 0.6629793510324484 0.5634095634095634 0.3053097345132743 0.02494802494802495
5 0.6637168141592921 0.6424116424116424 0.30678466076696165 0.02494802494802495
