7 0.32007952286282304 0.2809917355371901 0.33001988071570576 0.027548209366391185
2 0.5914512922465208 0.4669421487603306 0.18886679920477137 0.03581267217630854
1 0.8687872763419483 0.8168044077134986 0.027833001988071572 0.01928374655647383
0 0.790258449304175 0.9214876033057852 0.15308151093439365 0.030303030303030304
8 0.5576540755467196 0.9214876033057852 0.15308151093439365 0.030303030303030304
6 0.28330019880715707 0.9256198347107438 0.16898608349900596 0.02203856749311295
9 0.09145129224652088 0.8016528925619835 0.027833001988071572 0.3140495867768595
3 0.8190854870775348 0.4696969696969697 0.13518886679920478 0.024793388429752067
4 0.5616302186878728 0.3746556473829201 0.12127236580516898 0.02203856749311295
4 0.7455268389662028 0.3787878787878788 0.039761431411530816 0.01928374655647383
4 0.8836978131212724 0.3787878787878788 0.02982107355864811 0.01928374655647383
5 0.6570576540755467 0.568870523415978 0.32007952286282304 0.024793388429752067
5 0.6391650099403579 0.6473829201101928 0.28429423459244535 0.02203856749311295
