7 0.33714285714285713 0.2854251012145749 0.3 0.020242914979757085
2 0.6192857142857143 0.4848178137651822 0.1757142857142857 0.022267206477732792
1 0.8778571428571429 0.8370445344129555 0.01 0.018218623481781375
0 0.8021428571428572 0.9382591093117408 0.15285714285714286 0.030364372469635626
8 0.5678571428571428 0.9321862348178138 0.13857142857142857 0.030364372469635626
6 0.24857142857142858 0.9291497975708503 0.13714285714285715 0.020242914979757085
9 0.08357142857142857 0.7904858299595142 0.027142857142857142 0.31781376518218624
3 0.8392857142857143 0.4868421052631579 0.12428571428571429 0.02631578947368421
4 0.6285714285714286 0.38866396761133604 0.20285714285714285 0.020242914979757085
5 0.6492857142857142 0.5850202429149798 0.24142857142857144 0.020242914979757085
5 0.5557142857142857 0.6336032388663968 0.054285714285714284 0.016194331983805668
5 0.6807142857142857 0.6831983805668016 0.31 0.022267206477732792
5 0.5707142857142857 0.7327935222672065 0.08428571428571428 0.020242914979757085
