7 0.3492857142857143 0.2854251012145749 0.32142857142857145 0.020242914979757085
2 0.6178571428571429 0.4848178137651822 0.17285714285714285 0.022267206477732792
1 0.8771428571428571 0.8360323886639676 0.011428571428571429 0.020242914979757085
0 0.8007142857142857 0.9382591093117408 0.15285714285714286 0.030364372469635626
8 0.5664285714285714 0.9331983805668016 0.13857142857142857 0.02834008097165992
6 0.24642857142857144 0.9291497975708503 0.1357142857142857 0.020242914979757085
9 0.08214285714285714 0.7894736842105263 0.027142857142857142 0.31983805668016196
3 0.8371428571428572 0.4868421052631579 0.12285714285714286 0.02631578947368421
4 0.6285714285714286 0.3896761133603239 0.20285714285714285 0.022267206477732792
5 0.6507142857142857 0.5850202429149798 0.24714285714285714 0.020242914979757085
5 0.5542857142857143 0.6336032388663968 0.054285714285714284 0.016194331983805668
5 0.6657142857142857 0.6852226720647774 0.28285714285714286 0.022267206477732792
5 0.5621428571428572 0.7327935222672065 0.07 0.020242914979757085
