7 0.3291075050709939 0.24856321839080459 0.35192697768762676 0.022988505747126436
2 0.6064908722109533 0.44396551724137934 0.2231237322515213 0.02586206896551724
1 0.8595334685598377 0.8081896551724138 0.013184584178498986 0.021551724137931036
0 0.8144016227180527 0.9001436781609196 0.16835699797160245 0.033045977011494254
8 0.5755578093306288 0.9030172413793104 0.16937119675456389 0.033045977011494254
6 0.2723123732251521 0.9022988505747126 0.15314401622718052 0.022988505747126436
9 0.09026369168356999 0.790948275862069 0.028397565922920892 0.3290229885057471
3 0.84026369168357 0.4432471264367816 0.16937119675456389 0.033045977011494254
4 0.6156186612576064 0.3426724137931034 0.23732251521298176 0.021551724137931036
5 0.6942190669371197 0.5495689655172413 0.38640973630831643 0.02442528735632184
5 0.6480730223123732 0.6544540229885057 0.2880324543610548 0.021551724137931036
5 0.5578093306288032 0.7083333333333334 0.11156186612576065 0.022988505747126436
