7 0.35315101070154575 0.24911347517730498 0.36623067776456597 0.026595744680851064
2 0.6070154577883472 0.44060283687943264 0.17954815695600476 0.02304964539007092
1 0.8894173602853745 0.7819148936170213 0.023781212841854936 0.01773049645390071
0 0.8008323424494649 0.8909574468085106 0.13912009512485138 0.026595744680851064
8 0.5689655172413793 0.900709219858156 0.13912009512485138 0.03546099290780142
6 0.2966706302021403 0.898936170212766 0.16527942925089179 0.024822695035460994
9 0.09571938168846611 0.7384751773049646 0.027348394768133173 0.33865248226950356
3 0.8341260404280618 0.4352836879432624 0.1272294887039239 0.026595744680851064
4 0.5790725326991677 0.34397163120567376 0.11414982164090369 0.02127659574468085
4 0.760998810939358 0.3395390070921986 0.0356718192627824 0.01950354609929078
4 0.901307966706302 0.3351063829787234 0.026159334126040427 0.02127659574468085
5 0.6712247324613555 0.6161347517730497 0.3103448275862069 0.01950354609929078
5 0.5636147443519619 0.6578014184397163 0.09036860879904875 0.02127659574468085
5 0.6569560047562426 0.5274822695035462 0.28180737217598095 0.02304964539007092
