7 0.36714285714285716 0.28846153846153844 0.36 0.030364372469635626
2 0.6185714285714285 0.48279352226720645 0.1742857142857143 0.022267206477732792
1 0.8771428571428571 0.8340080971659919 0.008571428571428572 0.016194331983805668
0 0.8021428571428572 0.9362348178137652 0.15285714285714286 0.030364372469635626
8 0.5664285714285714 0.930161943319838 0.13857142857142857 0.030364372469635626
6 0.24714285714285714 0.9271255060728745 0.13714285714285715 0.020242914979757085
9 0.08357142857142857 0.7884615384615384 0.027142857142857142 0.31781376518218624
3 0.8385714285714285 0.48380566801619435 0.12285714285714286 0.024291497975708502
4 0.6292857142857143 0.3866396761133603 0.20142857142857143 0.020242914979757085
5 0.6535714285714286 0.582995951417004 0.24428571428571427 0.020242914979757085
5 0.5614285714285714 0.6305668016194332 0.06571428571428571 0.01417004048582996
5 0.6828571428571428 0.6821862348178138 0.31142857142857144 0.020242914979757085
5 0.565 0.7307692307692307 0.06714285714285714 0.020242914979757085
