7 0.33005780346820807 0.23655913978494625 0.2901734104046243 0.021505376344086023
2 0.63121387283237 0.4381720430107527 0.20809248554913296 0.034050179211469536
1 0.8965317919075144 0.7903225806451613 0.008092485549132947 0.014336917562724014
0 0.8184971098265896 0.9005376344086021 0.14566473988439307 0.026881720430107527
8 0.576878612716763 0.9014336917562724 0.13641618497109825 0.02867383512544803
6 0.3046242774566474 0.8987455197132617 0.14913294797687862 0.023297491039426525
9 0.11213872832369942 0.796594982078853 0.027745664739884393 0.34587813620071683
3 0.8485549132947977 0.4327956989247312 0.12254335260115606 0.023297491039426525
4 0.5855491329479768 0.3342293906810036 0.10057803468208093 0.01971326164874552
4 0.7763005780346821 0.33512544802867383 0.04277456647398844 0.017921146953405017
4 0.9132947976878613 0.3342293906810036 0.023121387283236993 0.01971326164874552
5 0.6832369942196532 0.5331541218637993 0.30289017341040464 0.01971326164874552
5 0.5658959537572255 0.5734767025089605 0.06358381502890173 0.021505376344086023
5 0.7046242774566474 0.6137992831541219 0.34566473988439306 0.023297491039426525
5 0.5658959537572255 0.6559139784946236 0.06589595375722543 0.017921146953405017
