7 0.2949852507374631 0.28378378378378377 0.26253687315634217 0.02702702702702703
2 0.6061946902654868 0.4677754677754678 0.20058997050147492 0.02494802494802495
1 0.8790560471976401 0.8128898128898129 0.02654867256637168 0.02079002079002079
0 0.801622418879056 0.91995841995842 0.15781710914454278 0.031185031185031187
8 0.5553097345132744 0.9282744282744283 0.12831858407079647 0.035343035343035345
6 0.2883480825958702 0.9293139293139293 0.15486725663716813 0.033264033264033266
9 0.10914454277286136 0.7900207900207901 0.032448377581120944 0.34511434511434513
3 0.8296460176991151 0.46673596673596673 0.1430678466076696 0.02702702702702703
4 0.7463126843657817 0.369022869022869 0.032448377581120944 0.018711018711018712
4 0.8856932153392331 0.367983367983368 0.022123893805309734 0.016632016632016633
4 0.5612094395280236 0.3700623700623701 0.10176991150442478 0.02079002079002079
5 0.6607669616519174 0.5634095634095634 0.30678466076696165 0.02494802494802495
5 0.6799410029498525 0.6424116424116424 0.3392330383480826 0.02494802494802495
