7 0.31492537313432833 0.2721518987341772 0.31343283582089554 0.03375527426160337
2 0.594776119402985 0.47151898734177217 0.18358208955223881 0.023206751054852322
1 0.8805970149253731 0.8185654008438819 0.014925373134328358 0.02109704641350211
0 0.8067164179104478 0.9314345991561181 0.15970149253731344 0.027426160337552744
8 0.573134328358209 0.929324894514768 0.16119402985074627 0.027426160337552744
6 0.29253731343283584 0.930379746835443 0.1761194029850746 0.02531645569620253
9 0.10074626865671642 0.819620253164557 0.034328358208955224 0.36075949367088606
3 0.8343283582089552 0.47151898734177217 0.14328358208955225 0.027426160337552744
4 0.746268656716418 0.37130801687763715 0.03582089552238806 0.016877637130801686
4 0.5619402985074626 0.3691983122362869 0.10597014925373134 0.02109704641350211
4 0.8917910447761194 0.370253164556962 0.028358208955223882 0.0189873417721519
5 0.6671641791044776 0.5685654008438819 0.3194029850746269 0.0189873417721519
5 0.667910447761194 0.6476793248945147 0.30895522388059704 0.02109704641350211
5 0.576865671641791 0.689873417721519 0.12985074626865672 0.02109704641350211
