7 0.3343711083437111 0.2619047619047619 0.3424657534246575 0.021346469622331693
2 0.6145703611457036 0.45320197044334976 0.22291407222914073 0.026272577996715927
1 0.8711083437110835 0.8004926108374384 0.0112079701120797 0.0180623973727422
0 0.8051058530510585 0.9064039408866995 0.1581569115815691 0.026272577996715927
8 0.5778331257783312 0.9006568144499179 0.15940224159402241 0.027914614121510674
6 0.29763387297633875 0.9014778325123153 0.16936488169364883 0.022988505747126436
9 0.09900373599003735 0.8185550082101807 0.033623910336239106 0.30049261083743845
3 0.8325031133250311 0.45648604269293924 0.1581569115815691 0.026272577996715927
4 0.5734744707347447 0.3555008210180624 0.1307596513075965 0.021346469622331693
4 0.74906600249066 0.35960591133004927 0.038605230386052306 0.019704433497536946
4 0.8835616438356164 0.3587848932676519 0.023661270236612703 0.0180623973727422
5 0.6892901618929016 0.5500821018062397 0.35242839352428396 0.019704433497536946
5 0.5504358655043586 0.5870279146141215 0.07970112079701121 0.0180623973727422
5 0.6525529265255293 0.632183908045977 0.286425902864259 0.022988505747126436
5 0.5628891656288917 0.6683087027914614 0.10211706102117062 0.019704433497536946
