7 0.3325608342989571 0.27231329690346084 0.3290845886442642 0.023679417122040074
2 0.6019698725376593 0.46994535519125685 0.17265353418308227 0.025500910746812388
1 0.8812282734646582 0.825136612021858 0.012746234067207415 0.02185792349726776
0 0.7920046349942063 0.9371584699453552 0.12166859791425261 0.023679417122040074
6 0.3047508690614137 0.9326047358834244 0.15990730011587487 0.025500910746812388
9 0.11413673232908458 0.17941712204007285 0.23059096176129779 0.04189435336976321
8 0.5683661645422943 0.9371584699453552 0.12166859791425261 0.0273224043715847
3 0.8209733487833141 0.46994535519125685 0.1100811123986095 0.02185792349726776
4 0.570683661645423 0.3679417122040073 0.1100811123986095 0.02185792349726776
4 0.7526071842410197 0.37067395264116576 0.03592120509849363 0.020036429872495445
4 0.8864426419466975 0.3697632058287796 0.02085747392815759 0.018214936247723135
5 0.6622247972190035 0.5683060109289617 0.2931633835457706 0.02185792349726776
5 0.563731170336037 0.6102003642987249 0.08690614136732329 0.02185792349726776
5 0.6587485515643106 0.6484517304189436 0.2862108922363847 0.018214936247723135
5 0.5701042873696408 0.692167577413479 0.0996523754345307 0.02185792349726776
