7 0.335075493612079 0.2774822695035461 0.34494773519163763 0.02304964539007092
2 0.6074332171893148 0.47074468085106386 0.19047619047619047 0.02304964539007092
1 0.8763066202090593 0.8235815602836879 0.010452961672473868 0.01950354609929078
0 0.8013937282229965 0.9432624113475178 0.13472706155632985 0.03546099290780142
8 0.5708478513356562 0.9352836879432624 0.14518002322880372 0.026595744680851064
6 0.2862950058072009 0.9343971631205674 0.16144018583042974 0.024822695035460994
9 0.10278745644599303 0.8297872340425532 0.026713124274099883 0.3404255319148936
3 0.8292682926829268 0.47429078014184395 0.12311265969802555 0.026595744680851064
4 0.7549361207897793 0.375886524822695 0.030197444831591175 0.01773049645390071
4 0.8983739837398373 0.37677304964539005 0.022067363530778164 0.01950354609929078
4 0.578397212543554 0.37322695035460995 0.1207897793263647 0.02304964539007092
5 0.6527293844367015 0.5691489361702128 0.2787456445993031 0.02127659574468085
5 0.6718931475029036 0.6533687943262412 0.3147502903600465 0.02304964539007092
5 0.5447154471544715 0.6914893617021277 0.06504065040650407 0.024822695035460994
