7 0.2952095808383233 0.2703180212014134 0.288622754491018 0.02120141342756184
2 0.6173652694610778 0.4549469964664311 0.22874251497005987 0.030035335689045935
1 0.8760479041916168 0.7941696113074205 0.010778443113772455 0.015901060070671377
0 0.7964071856287425 0.9037102473498233 0.14610778443113773 0.026501766784452298
8 0.5550898203592814 0.9063604240282686 0.12574850299401197 0.024734982332155476
6 0.274251497005988 0.9125441696113075 0.15089820359281436 0.022968197879858657
9 0.08023952095808383 0.7747349823321554 0.02874251497005988 0.3374558303886926
3 0.8239520958083832 0.45141342756183744 0.12694610778443113 0.022968197879858657
4 0.5610778443113772 0.36130742049469966 0.11377245508982035 0.022968197879858657
4 0.7508982035928143 0.357773851590106 0.03592814371257485 0.019434628975265017
4 0.8868263473053892 0.3542402826855124 0.025149700598802394 0.019434628975265017
5 0.6359281437125749 0.549469964664311 0.2634730538922156 0.02120141342756184
5 0.6449101796407186 0.6298586572438163 0.27904191616766466 0.022968197879858657
5 0.5437125748502994 0.6722614840989399 0.07904191616766468 0.019434628975265017
