7 0.3215339233038348 0.27510460251046026 0.30678466076696165 0.0397489539748954
2 0.6224188790560472 0.4675732217573222 0.22123893805309736 0.027196652719665274
1 0.8805309734513275 0.8138075313807531 0.011799410029498525 0.02092050209205021
0 0.8134218289085545 0.9236401673640168 0.15781710914454278 0.03138075313807531
8 0.5722713864306784 0.9225941422594143 0.14454277286135694 0.02510460251046025
6 0.3075221238938053 0.9236401673640168 0.1902654867256637 0.027196652719665274
9 0.09660766961651918 0.7751046025104602 0.028023598820058997 0.3117154811715481
3 0.8325958702064897 0.4675732217573222 0.1430678466076696 0.027196652719665274
4 0.5789085545722714 0.37343096234309625 0.12831858407079647 0.02301255230125523
4 0.7632743362831859 0.3692468619246862 0.05457227138643068 0.01882845188284519
4 0.8938053097345132 0.3692468619246862 0.02654867256637168 0.02301255230125523
5 0.665929203539823 0.5627615062761506 0.29646017699115046 0.02510460251046025
5 0.5715339233038348 0.6035564853556485 0.11356932153392331 0.02301255230125523
5 0.6452802359882006 0.6422594142259415 0.2610619469026549 0.02092050209205021
5 0.5722713864306784 0.6809623430962343 0.11209439528023599 0.02301255230125523
