7 0.3478520286396181 0.26282051282051283 0.3854415274463007 0.027472527472527472
2 0.5889021479713604 0.4523809523809524 0.17780429594272076 0.02564102564102564
1 0.869928400954654 0.804945054945055 0.00954653937947494 0.020146520146520148
0 0.7941527446300716 0.9157509157509157 0.13961813842482101 0.03663003663003663
8 0.5602625298329356 0.9184981684981685 0.1276849642004773 0.023809523809523808
6 0.27088305489260145 0.9212454212454212 0.13842482100238662 0.02197802197802198
9 0.09427207637231504 0.8122710622710623 0.028639618138424822 0.37545787545787546
3 0.8192124105011933 0.45054945054945056 0.1276849642004773 0.029304029304029304
4 0.8818615751789977 0.3516483516483517 0.021479713603818614 0.018315018315018316
4 0.7446300715990454 0.3534798534798535 0.03818615751789976 0.02197802197802198
4 0.5578758949880668 0.3525641025641026 0.10381861575178998 0.020146520146520148
5 0.6718377088305489 0.5512820512820513 0.3317422434367542 0.018315018315018316
5 0.5542959427207638 0.5934065934065934 0.09427207637231504 0.018315018315018316
5 0.6366348448687351 0.6318681318681318 0.256563245823389 0.02197802197802198
