7 0.3238702201622248 0.26958105646630237 0.3093858632676709 0.029143897996357013
2 0.6002317497103129 0.470856102003643 0.1761297798377752 0.023679417122040074
1 0.8812282734646582 0.825136612021858 0.012746234067207415 0.02185792349726776
0 0.7931633835457705 0.9371584699453552 0.12166859791425261 0.023679417122040074
6 0.30359212050984935 0.9326047358834244 0.15990730011587487 0.025500910746812388
9 0.11355735805330243 0.17941712204007285 0.22943221320973348 0.04189435336976321
8 0.5689455388180765 0.9371584699453552 0.12282734646581692 0.0273224043715847
3 0.8221320973348784 0.46994535519125685 0.11239860950173812 0.02185792349726776
4 0.5712630359212051 0.3679417122040073 0.10892236384704519 0.02185792349726776
4 0.7531865585168018 0.37067395264116576 0.03707995365005794 0.020036429872495445
4 0.8870220162224797 0.3697632058287796 0.0220162224797219 0.018214936247723135
5 0.6315179606025493 0.5683060109289617 0.22711471610660486 0.02185792349726776
5 0.5787949015063731 0.6102003642987249 0.1332560834298957 0.02185792349726776
5 0.6662804171494786 0.6484517304189436 0.30127462340672073 0.018214936247723135
5 0.5561993047508691 0.692167577413479 0.07647740440324449 0.02185792349726776
