7 0.3655834564254062 0.28118393234672306 0.4121122599704579 0.021141649048625793
2 0.5989660265878878 0.4725158562367865 0.20236336779911374 0.02748414376321353
1 0.8744460856720827 0.8202959830866807 0.026587887740029542 0.021141649048625793
0 0.793205317577548 0.9312896405919662 0.14180206794682423 0.02748414376321353
8 0.5590841949778435 0.9312896405919662 0.1432791728212703 0.02748414376321353
6 0.2821270310192024 0.9323467230443975 0.17134416543574593 0.02536997885835095
9 0.09970457902511078 0.8329809725158562 0.028064992614475627 0.3382663847780127
3 0.8242245199409158 0.4682875264270613 0.1447562776957164 0.02748414376321353
4 0.880354505169867 0.36363636363636365 0.026587887740029542 0.021141649048625793
4 0.7355982274741507 0.3678646934460888 0.03249630723781388 0.016913319238900635
4 0.5635155096011817 0.37103594080338265 0.12850812407680945 0.023255813953488372
5 0.670605612998523 0.5623678646934461 0.33677991137370755 0.02959830866807611
5 0.6403249630723782 0.6448202959830867 0.276218611521418 0.02536997885835095
5 0.5768094534711965 0.6923890063424947 0.1432791728212703 0.023255813953488372
