7 0.29850746268656714 0.2805907172995781 0.28059701492537314 0.02109704641350211
2 0.594776119402985 0.47362869198312235 0.18358208955223881 0.023206751054852322
1 0.8791044776119403 0.820675105485232 0.011940298507462687 0.02109704641350211
0 0.8067164179104478 0.9335443037974683 0.15671641791044777 0.027426160337552744
8 0.5716417910447761 0.9314345991561181 0.1582089552238806 0.027426160337552744
6 0.291044776119403 0.9324894514767933 0.1761194029850746 0.02531645569620253
9 0.1253731343283582 0.1360759493670886 0.2537313432835821 0.04008438818565401
3 0.8328358208955224 0.47362869198312235 0.14328358208955225 0.027426160337552744
4 0.744776119402985 0.3744725738396624 0.03582089552238806 0.0189873417721519
4 0.5611940298507463 0.37130801687763715 0.10149253731343283 0.02109704641350211
4 0.891044776119403 0.37341772151898733 0.029850746268656716 0.02109704641350211
5 0.6313432835820896 0.5717299578059072 0.2537313432835821 0.02109704641350211
5 0.6671641791044776 0.6497890295358649 0.31044776119402984 0.02109704641350211
5 0.5761194029850746 0.6919831223628692 0.12835820895522387 0.02109704641350211
