7 0.337295690936107 0.2897489539748954 0.35661218424962854 0.027196652719665274
2 0.6203566121842496 0.47489539748953974 0.22436849925705796 0.02510460251046025
1 0.8766716196136701 0.8221757322175732 0.02674591381872214 0.02092050209205021
0 0.7912332838038633 0.9309623430962343 0.14413075780089152 0.029288702928870293
8 0.562407132243685 0.9288702928870293 0.14413075780089152 0.03765690376569038
6 0.28083209509658247 0.9320083682008368 0.16047548291233285 0.02301255230125523
9 0.0950965824665676 0.8043933054393305 0.02674591381872214 0.3075313807531381
3 0.8298662704309064 0.47594142259414224 0.14413075780089152 0.027196652719665274
4 0.5676077265973254 0.3817991631799163 0.11589895988112928 0.02301255230125523
4 0.7555720653789004 0.3797071129707113 0.04903417533432392 0.01882845188284519
4 0.887815750371471 0.37656903765690375 0.02526002971768202 0.016736401673640166
5 0.6240713224368499 0.5711297071129707 0.23179791976225855 0.02092050209205021
5 0.537147102526003 0.6182008368200836 0.06092124814264487 0.03138075313807531
5 0.674591381872214 0.6527196652719666 0.32392273402674593 0.02092050209205021
10 0.586924219910847 0.8138075313807531 0.1575037147102526 0.04184100418410042
