7 0.28550295857988167 0.2591397849462366 0.22485207100591717 0.01935483870967742
2 0.6153846153846154 0.4612903225806452 0.20414201183431951 0.03225806451612903
1 0.8838757396449705 0.8150537634408602 0.010355029585798817 0.017204301075268817
0 0.8010355029585798 0.9279569892473118 0.14349112426035504 0.02795698924731183
8 0.5798816568047337 0.921505376344086 0.14201183431952663 0.04086021505376344
6 0.2988165680473373 0.9258064516129032 0.15680473372781065 0.023655913978494623
9 0.1205621301775148 0.7860215053763441 0.034023668639053255 0.2989247311827957
3 0.8424556213017751 0.4612903225806452 0.14349112426035504 0.03225806451612903
4 0.757396449704142 0.3580645161290323 0.03550295857988166 0.015053763440860216
4 0.8957100591715976 0.3580645161290323 0.022189349112426034 0.015053763440860216
4 0.5747041420118343 0.35913978494623655 0.11390532544378698 0.025806451612903226
5 0.6516272189349113 0.5580645161290323 0.2618343195266272 0.01935483870967742
5 0.5673076923076923 0.5978494623655914 0.09319526627218935 0.025806451612903226
5 0.6501479289940828 0.6387096774193548 0.2618343195266272 0.025806451612903226
5 0.5687869822485208 0.6817204301075269 0.09615384615384616 0.025806451612903226
