7 0.3515439429928741 0.25616197183098594 0.34679334916864607 0.02640845070422535
2 0.6235154394299287 0.44454225352112675 0.21377672209026127 0.02640845070422535
1 0.8942992874109263 0.7825704225352113 0.023752969121140142 0.01936619718309859
0 0.7992874109263658 0.891725352112676 0.12826603325415678 0.02640845070422535
8 0.5700712589073634 0.8943661971830986 0.12826603325415678 0.02464788732394366
6 0.28859857482185275 0.8996478873239436 0.14014251781472684 0.02464788732394366
9 0.10629453681710213 0.7764084507042254 0.027315914489311165 0.323943661971831
3 0.838479809976247 0.4454225352112676 0.12589073634204276 0.035211267605633804
4 0.7612826603325415 0.34330985915492956 0.0332541567695962 0.017605633802816902
4 0.9002375296912114 0.3415492957746479 0.021377672209026127 0.017605633802816902
4 0.5760095011876485 0.3477112676056338 0.1021377672209026 0.01936619718309859
5 0.6739904988123515 0.5404929577464789 0.2980997624703088 0.02112676056338028
5 0.5700712589073634 0.5818661971830986 0.09026128266033254 0.022887323943661973
5 0.6258907363420427 0.6179577464788732 0.20902612826603326 0.02112676056338028
5 0.5504750593824228 0.6584507042253521 0.05819477434679335 0.017605633802816902
