7 0.35928571428571426 0.27253668763102723 0.34714285714285714 0.020964360587002098
2 0.6207142857142857 0.48532494758909855 0.1957142857142857 0.027253668763102725
1 0.8592857142857143 0.8427672955974843 0.01 0.016771488469601678
0 0.7814285714285715 0.9664570230607966 0.16 0.06708595387840671
8 0.5592857142857143 0.9423480083857443 0.15285714285714286 0.031446540880503145
6 0.25785714285714284 0.9318658280922432 0.15285714285714286 0.023060796645702306
9 0.10142857142857142 0.750524109014675 0.03142857142857143 0.36477987421383645
3 0.8321428571428572 0.48951781970649894 0.12428571428571429 0.023060796645702306
4 0.645 0.3836477987421384 0.23857142857142857 0.025157232704402517
5 0.6707142857142857 0.5859538784067087 0.2957142857142857 0.023060796645702306
5 0.6492857142857142 0.6855345911949685 0.26142857142857145 0.020964360587002098
5 0.5585714285714286 0.7348008385744235 0.08 0.018867924528301886
