7 0.32680901542111507 0.2768670309653916 0.32147093712930014 0.02185792349726776
2 0.5948991696322657 0.4690346083788707 0.17912218268090155 0.023679417122040074
1 0.8706998813760379 0.8269581056466302 0.011862396204033215 0.02185792349726776
0 0.7870699881376038 0.9353369763205829 0.1387900355871886 0.0273224043715847
8 0.5510083036773428 0.9353369763205829 0.11506524317912219 0.023679417122040074
6 0.28529062870699884 0.9371584699453552 0.15302491103202848 0.023679417122040074
9 0.10142348754448399 0.7759562841530054 0.027283511269276393 0.33515482695810567
3 0.83570581257414 0.4644808743169399 0.14827995255041518 0.029143897996357013
4 0.5688018979833926 0.3652094717668488 0.11269276393831554 0.023679417122040074
4 0.7514827995255041 0.3679417122040073 0.036773428232502965 0.02185792349726776
4 0.8920521945432978 0.366120218579235 0.02609727164887307 0.02185792349726776
5 0.6654804270462633 0.5646630236794171 0.3107947805456702 0.02185792349726776
5 0.6387900355871886 0.6475409836065574 0.2597864768683274 0.023679417122040074
5 0.5450771055753262 0.6894353369763205 0.07473309608540925 0.023679417122040074
