7 0.33827893175074186 0.2893081761006289 0.33827893175074186 0.020964360587002098
2 0.6097922848664689 0.4832285115303983 0.20178041543026706 0.027253668763102725
1 0.8798219584569733 0.8354297693920335 0.02373887240356083 0.018867924528301886
0 0.8293768545994066 0.9329140461215933 0.1572700296735905 0.03773584905660377
8 0.5771513353115727 0.9287211740041929 0.1513353115727003 0.033542976939203356
6 0.30118694362017806 0.9308176100628931 0.17507418397626112 0.025157232704402517
9 0.10979228486646884 0.8144654088050315 0.03560830860534125 0.3710691823899371
3 0.8419881305637982 0.4779874213836478 0.14391691394658754 0.041928721174004195
4 0.7492581602373887 0.38469601677148846 0.03560830860534125 0.018867924528301886
4 0.5586053412462908 0.38155136268343814 0.10534124629080119 0.020964360587002098
4 0.8583086053412463 0.38469601677148846 0.02225519287833828 0.014675052410901468
5 0.6572700296735905 0.5828092243186582 0.27596439169139464 0.020964360587002098
5 0.6713649851632048 0.6876310272536688 0.31008902077151335 0.025157232704402517
5 0.5897626112759644 0.740041928721174 0.14688427299703263 0.020964360587002098
