7 0.3062130177514793 0.23415132924335377 0.29289940828402367 0.022494887525562373
2 0.6020710059171598 0.4212678936605317 0.20118343195266272 0.024539877300613498
1 0.8742603550295858 0.7607361963190185 0.026627218934911243 0.02044989775051125
0 0.7899408284023669 0.8680981595092024 0.15680473372781065 0.026584867075664622
8 0.5650887573964497 0.8680981595092024 0.14497041420118342 0.026584867075664622
6 0.2869822485207101 0.8609406952965235 0.17455621301775148 0.024539877300613498
9 0.09763313609467456 0.7137014314928425 0.029585798816568046 0.33537832310838445
3 0.8261834319526628 0.42535787321063395 0.14053254437869822 0.024539877300613498
4 0.5717455621301775 0.3261758691206544 0.128698224852071 0.022494887525562373
4 0.7470414201183432 0.32719836400818 0.04142011834319527 0.02044989775051125
4 0.8831360946745562 0.3292433537832311 0.026627218934911243 0.016359918200409
5 0.6427514792899408 0.5173824130879345 0.27662721893491127 0.02044989775051125
5 0.5362426035502958 0.5552147239263804 0.0695266272189349 0.018404907975460124
5 0.6383136094674556 0.5940695296523517 0.27662721893491127 0.018404907975460124
5 0.5495562130177515 0.630879345603272 0.09615384615384616 0.022494887525562373
