7 0.3016336056009335 0.27090909090909093 0.2555425904317386 0.02181818181818182
2 0.6102683780630105 0.47363636363636363 0.18903150525087514 0.034545454545454546
1 0.882730455075846 0.8445454545454546 0.010501750291715286 0.016363636363636365
0 0.8022170361726955 0.9536363636363636 0.14819136522753792 0.038181818181818185
8 0.5694282380396732 0.94 0.1353558926487748 0.02909090909090909
6 0.2777129521586931 0.9309090909090909 0.13768961493582263 0.02181818181818182
9 0.1266044340723454 0.16727272727272727 0.2555425904317386 0.05818181818181818
3 0.8436406067677946 0.48727272727272725 0.1353558926487748 0.02909090909090909
4 0.5717619603267211 0.3781818181818182 0.10035005834305717 0.02181818181818182
4 0.7625437572928822 0.38727272727272727 0.03617269544924154 0.02181818181818182
4 0.9049008168028004 0.39090909090909093 0.024504084014002333 0.02181818181818182
5 0.6102683780630105 0.5763636363636364 0.17969661610268378 0.02181818181818182
5 0.5659276546091015 0.6981818181818182 0.09101516919486581 0.01818181818181818
5 0.6726954492415402 0.6545454545454545 0.3045507584597433 0.02181818181818182
