7 0.3314285714285714 0.27419354838709675 0.28 0.020161290322580645
2 0.6114285714285714 0.4717741935483871 0.15714285714285714 0.020161290322580645
1 0.8721428571428571 0.8205645161290323 0.012857142857142857 0.020161290322580645
0 0.79 0.9203629032258065 0.13714285714285715 0.02620967741935484
8 0.5664285714285714 0.9193548387096774 0.13857142857142857 0.024193548387096774
6 0.26785714285714285 0.9102822580645161 0.15285714285714286 0.02217741935483871
9 0.09428571428571429 0.7943548387096774 0.02857142857142857 0.3346774193548387
3 0.835 0.4737903225806452 0.11 0.024193548387096774
4 0.6328571428571429 0.37298387096774194 0.20285714285714285 0.020161290322580645
5 0.6542857142857142 0.5705645161290323 0.2571428571428571 0.020161290322580645
5 0.5785714285714286 0.6169354838709677 0.1 0.024193548387096774
5 0.6635714285714286 0.6633064516129032 0.2671428571428571 0.028225806451612902
5 0.5842857142857143 0.7227822580645161 0.11428571428571428 0.03024193548387097
