7 0.3301217038539554 0.2471264367816092 0.35192697768762676 0.022988505747126436
2 0.6075050709939148 0.4425287356321839 0.2231237322515213 0.02586206896551724
1 0.8605476673427992 0.8067528735632183 0.013184584178498986 0.021551724137931036
0 0.8154158215010142 0.8987068965517241 0.16835699797160245 0.033045977011494254
8 0.5765720081135902 0.9015804597701149 0.16937119675456389 0.033045977011494254
6 0.2733265720081136 0.9008620689655172 0.15314401622718052 0.022988505747126436
9 0.09127789046653144 0.7895114942528736 0.028397565922920892 0.3290229885057471
3 0.8412778904665315 0.4418103448275862 0.16937119675456389 0.033045977011494254
4 0.6166328600405679 0.34123563218390807 0.23732251521298176 0.021551724137931036
5 0.6952332657200812 0.548132183908046 0.38640973630831643 0.02442528735632184
5 0.6490872210953347 0.6530172413793104 0.2880324543610548 0.021551724137931036
5 0.5588235294117647 0.7068965517241379 0.11156186612576065 0.022988505747126436
