7 0.3365671641791045 0.2653927813163482 0.33880597014925373 0.021231422505307854
2 0.6126865671641791 0.4585987261146497 0.20149253731343283 0.025477707006369428
1 0.8902985074626866 0.8152866242038217 0.028358208955223882 0.021231422505307854
0 0.8014925373134328 0.9235668789808917 0.14328358208955225 0.029723991507430998
8 0.5873134328358209 0.9235668789808917 0.17164179104477612 0.03397027600849257
6 0.28955223880597014 0.9225053078556263 0.1582089552238806 0.02335456475583864
9 0.09029850746268657 0.8057324840764332 0.025373134328358207 0.2951167728237792
3 0.8395522388059702 0.4596602972399151 0.14477611940298507 0.027600849256900213
4 0.753731343283582 0.3630573248407643 0.03283582089552239 0.016985138004246284
4 0.5723880597014925 0.35881104033970274 0.11492537313432835 0.021231422505307854
4 0.8940298507462686 0.3609341825902335 0.020895522388059702 0.016985138004246284
5 0.6477611940298508 0.5573248407643312 0.2656716417910448 0.01910828025477707
5 0.5611940298507463 0.5966029723991507 0.09253731343283582 0.016985138004246284
5 0.6798507462686567 0.6390658174097664 0.3417910447761194 0.021231422505307854
