7 0.30192878338278933 0.2893081761006289 0.2626112759643917 0.020964360587002098
2 0.6090504451038575 0.4832285115303983 0.2032640949554896 0.027253668763102725
1 0.8746290801186943 0.8354297693920335 0.013353115727002967 0.018867924528301886
0 0.8301186943620178 0.929769392033543 0.15875370919881307 0.031446540880503145
8 0.5808605341246291 0.929769392033543 0.14094955489614244 0.031446540880503145
6 0.30489614243323443 0.9308176100628931 0.17062314540059348 0.025157232704402517
9 0.10905044510385757 0.8134171907756813 0.03115727002967359 0.3731656184486373
3 0.8419881305637982 0.480083857442348 0.14094955489614244 0.03773584905660377
4 0.7581602373887241 0.38469601677148846 0.050445103857566766 0.023060796645702306
4 0.5593471810089021 0.38155136268343814 0.10385756676557864 0.020964360587002098
4 0.8597922848664689 0.38469601677148846 0.025222551928783383 0.018867924528301886
5 0.6958456973293768 0.5838574423480084 0.35311572700296734 0.023060796645702306
5 0.6728486646884273 0.6865828092243187 0.31008902077151335 0.023060796645702306
5 0.5756676557863502 0.740041928721174 0.11869436201780416 0.020964360587002098
