7 0.32566765578635015 0.2914046121593291 0.31008902077151335 0.020964360587002098
2 0.6083086053412463 0.48427672955974843 0.20178041543026706 0.025157232704402517
1 0.8753709198813057 0.8364779874213837 0.011869436201780416 0.016771488469601678
0 0.8301186943620178 0.9308176100628931 0.15578635014836795 0.029350104821802937
8 0.5808605341246291 0.9308176100628931 0.14094955489614244 0.033542976939203356
6 0.3034124629080119 0.9339622641509434 0.17359050445103857 0.027253668763102725
9 0.10905044510385757 0.8176100628930818 0.03115727002967359 0.3689727463312369
3 0.8434718100890207 0.48218029350104824 0.14391691394658754 0.03773584905660377
4 0.7514836795252225 0.3857442348008386 0.037091988130563795 0.020964360587002098
4 0.5600890207715133 0.3857442348008386 0.10237388724035608 0.020964360587002098
4 0.8590504451038575 0.3857442348008386 0.026706231454005934 0.016771488469601678
5 0.6594955489614244 0.5859538784067087 0.28041543026706234 0.023060796645702306
5 0.6654302670623146 0.689727463312369 0.2952522255192878 0.020964360587002098
5 0.5689910979228486 0.7421383647798742 0.10237388724035608 0.020964360587002098
