7 0.31 0.26104417670682734 0.25142857142857145 0.020080321285140562
2 0.6285714285714286 0.47289156626506024 0.19714285714285715 0.02208835341365462
1 0.88 0.8393574297188755 0.014285714285714285 0.020080321285140562
0 0.8235714285714286 0.9437751004016064 0.17857142857142858 0.0321285140562249
8 0.5671428571428572 0.9447791164658634 0.15142857142857144 0.02610441767068273
6 0.25142857142857145 0.9357429718875502 0.13714285714285715 0.028112449799196786
9 0.08928571428571429 0.7700803212851406 0.03 0.3514056224899598
3 0.8485714285714285 0.47690763052208834 0.11142857142857143 0.02610441767068273
4 0.645 0.3684738955823293 0.22428571428571428 0.02208835341365462
5 0.655 0.5783132530120482 0.2557142857142857 0.020080321285140562
5 0.67 0.6827309236947792 0.28285714285714286 0.020080321285140562
5 0.6028571428571429 0.7299196787148594 0.13714285714285715 0.02208835341365462
