7 0.32985074626865674 0.25583864118895966 0.31044776119402984 0.02335456475583864
2 0.6343283582089553 0.45116772823779194 0.22686567164179106 0.027600849256900213
1 0.8902985074626866 0.807855626326964 0.010447761194029851 0.01910828025477707
0 0.8201492537313433 0.916135881104034 0.15970149253731344 0.027600849256900213
8 0.5873134328358209 0.916135881104034 0.14477611940298507 0.027600849256900213
6 0.30970149253731344 0.9129511677282378 0.17164179104477612 0.029723991507430998
9 0.11119402985074626 0.8110403397027601 0.03134328358208955 0.37791932059447986
3 0.8507462686567164 0.4564755838641189 0.14328358208955225 0.029723991507430998
4 0.5940298507462687 0.3535031847133758 0.12835820895522387 0.02335456475583864
4 0.7656716417910447 0.35562632696390656 0.03582089552238806 0.014861995753715499
4 0.9082089552238806 0.35562632696390656 0.022388059701492536 0.014861995753715499
5 0.6604477611940298 0.5498938428874734 0.26417910447761195 0.021231422505307854
5 0.6686567164179105 0.6326963906581741 0.28059701492537314 0.025477707006369428
5 0.582089552238806 0.6698513800424628 0.11343283582089553 0.02335456475583864
