7 0.30450132391879964 0.2746394230769231 0.24889673433362755 0.015625
2 0.6090026478375993 0.46694711538461536 0.18181818181818182 0.020432692307692308
1 0.8627537511032657 0.8016826923076923 0.02736098852603707 0.019230769230769232
0 0.7811120917917035 0.8990384615384616 0.14651368049426303 0.026442307692307692
8 0.5458958517210944 0.90625 0.1209179170344219 0.028846153846153848
6 0.25684024713150927 0.9026442307692307 0.15180935569285084 0.021634615384615384
9 0.0851721094439541 0.7686298076923077 0.02912621359223301 0.3137019230769231
3 0.824801412180053 0.4639423076923077 0.11209179170344219 0.019230769230769232
4 0.6381288614298323 0.3707932692307692 0.23654015887025595 0.02283653846153846
5 0.6359223300970874 0.5643028846153846 0.23389232127096204 0.018028846153846152
5 0.556045895851721 0.6099759615384616 0.07237422771403354 0.020432692307692308
5 0.6500441306266549 0.6604567307692307 0.25507502206531335 0.018028846153846152
5 0.5679611650485437 0.7091346153846154 0.09796999117387467 0.019230769230769232
