7 0.31812865497076026 0.2753108348134991 0.30409356725146197 0.021314387211367674
2 0.5953216374269006 0.4689165186500888 0.17543859649122806 0.02486678507992895
1 0.8736842105263158 0.8117229129662522 0.00935672514619883 0.017761989342806393
0 0.7847953216374269 0.9209591474245116 0.1239766081871345 0.02664298401420959
8 0.572514619883041 0.9191829484902309 0.14619883040935672 0.03019538188277087
6 0.2894736842105263 0.9227353463587922 0.14853801169590644 0.023090586145648313
9 0.09415204678362574 0.7868561278863233 0.026900584795321637 0.3268206039076377
3 0.8228070175438597 0.46625222024866786 0.12514619883040937 0.02664298401420959
4 0.7538011695906432 0.36767317939609234 0.04327485380116959 0.017761989342806393
4 0.8859649122807017 0.36767317939609234 0.022222222222222223 0.017761989342806393
4 0.5619883040935673 0.36678507992895204 0.10175438596491228 0.019538188277087035
5 0.6380116959064327 0.5612788632326821 0.256140350877193 0.021314387211367674
5 0.632748538011696 0.6412078152753108 0.2432748538011696 0.021314387211367674
5 0.5742690058479533 0.6820603907637656 0.1239766081871345 0.021314387211367674
