7 0.3253588516746411 0.2682060390763766 0.3157894736842105 0.021314387211367674
2 0.6124401913875598 0.45204262877442275 0.19856459330143542 0.02664298401420959
1 0.8881578947368421 0.7930728241563055 0.01076555023923445 0.019538188277087035
0 0.8074162679425837 0.9058614564831261 0.12679425837320574 0.028419182948490232
8 0.5699760765550239 0.9067495559502664 0.12799043062200957 0.02664298401420959
6 0.3062200956937799 0.9094138543516874 0.1674641148325359 0.02486678507992895
9 0.10107655502392345 0.7619893428063943 0.04425837320574163 0.3552397868561279
3 0.840311004784689 0.44760213143872113 0.12799043062200957 0.02486678507992895
4 0.7643540669856459 0.35346358792184723 0.045454545454545456 0.017761989342806393
4 0.8977272727272727 0.35079928952042627 0.02033492822966507 0.015985790408525755
4 0.5783492822966507 0.3561278863232682 0.11842105263157894 0.023090586145648313
5 0.6543062200956937 0.5488454706927176 0.2631578947368421 0.017761989342806393
5 0.5633971291866029 0.5896980461811723 0.08373205741626795 0.017761989342806393
5 0.6794258373205742 0.6269982238010657 0.31100478468899523 0.021314387211367674
5 0.5891148325358851 0.6696269982238011 0.1303827751196172 0.021314387211367674
