7 0.33455882352941174 0.2627118644067797 0.3338235294117647 0.0211864406779661
2 0.6022058823529411 0.451271186440678 0.20147058823529412 0.025423728813559324
1 0.8661764705882353 0.7966101694915254 0.011764705882352941 0.0211864406779661
0 0.8007352941176471 0.9046610169491526 0.15735294117647058 0.029661016949152543
8 0.5639705882352941 0.9120762711864406 0.13970588235294118 0.036016949152542374
6 0.29044117647058826 0.9120762711864406 0.15441176470588236 0.023305084745762712
9 0.1036764705882353 0.7786016949152542 0.030882352941176472 0.3707627118644068
3 0.8316176470588236 0.4491525423728814 0.1426470588235294 0.029661016949152543
4 0.5632352941176471 0.3559322033898305 0.11176470588235295 0.029661016949152543
4 0.7441176470588236 0.350635593220339 0.03529411764705882 0.019067796610169493
4 0.8830882352941176 0.350635593220339 0.022058823529411766 0.014830508474576272
5 0.6713235294117647 0.5444915254237288 0.3220588235294118 0.025423728813559324
5 0.6536764705882353 0.6271186440677966 0.2926470588235294 0.0211864406779661
5 0.5683823529411764 0.6684322033898306 0.08970588235294118 0.019067796610169493
