7 0.37214285714285716 0.2686868686868687 0.37 0.020202020202020204
2 0.6235714285714286 0.4707070707070707 0.1957142857142857 0.024242424242424242
1 0.8571428571428571 0.8191919191919191 0.011428571428571429 0.01818181818181818
0 0.785 0.9202020202020202 0.15285714285714286 0.026262626262626262
8 0.5521428571428572 0.9131313131313131 0.1357142857142857 0.028282828282828285
6 0.25642857142857145 0.9050505050505051 0.15285714285714286 0.024242424242424242
9 0.085 0.7494949494949495 0.032857142857142856 0.3717171717171717
3 0.835 0.47575757575757577 0.13857142857142857 0.030303030303030304
4 0.6435714285714286 0.37272727272727274 0.24142857142857144 0.022222222222222223
5 0.6292857142857143 0.5666666666666667 0.21571428571428572 0.01818181818181818
5 0.5628571428571428 0.6161616161616161 0.08285714285714285 0.020202020202020204
5 0.6328571428571429 0.6646464646464646 0.2257142857142857 0.020202020202020204
5 0.585 0.7141414141414142 0.12714285714285714 0.01818181818181818
