7 0.3640142517814727 0.2535211267605634 0.37410926365795727 0.02112676056338028
2 0.6241092636579573 0.44454225352112675 0.20783847980997625 0.02640845070422535
1 0.8871733966745843 0.7825704225352113 0.009501187648456057 0.01936619718309859
0 0.7992874109263658 0.891725352112676 0.12826603325415678 0.02640845070422535
8 0.5700712589073634 0.8943661971830986 0.12826603325415678 0.02464788732394366
6 0.28859857482185275 0.8987676056338029 0.14014251781472684 0.022887323943661973
9 0.10629453681710213 0.7764084507042254 0.027315914489311165 0.323943661971831
3 0.838479809976247 0.4454225352112676 0.12589073634204276 0.035211267605633804
4 0.7606888361045131 0.34330985915492956 0.032066508313539195 0.017605633802816902
4 0.9014251781472684 0.3415492957746479 0.021377672209026127 0.017605633802816902
4 0.5766033254156769 0.34330985915492956 0.10332541567695962 0.028169014084507043
5 0.6728028503562945 0.5404929577464789 0.3004750593824228 0.02112676056338028
5 0.5855106888361045 0.5818661971830986 0.12114014251781473 0.022887323943661973
5 0.6923990498812351 0.6197183098591549 0.33729216152019004 0.02464788732394366
5 0.5451306413301663 0.6584507042253521 0.047505938242280284 0.017605633802816902
