7 0.32071428571428573 0.2746331236897275 0.2671428571428571 0.020964360587002098
2 0.6192857142857143 0.4863731656184486 0.19285714285714287 0.025157232704402517
1 0.8592857142857143 0.8448637316561844 0.01 0.016771488469601678
0 0.7814285714285715 0.9685534591194969 0.16 0.06708595387840671
8 0.5592857142857143 0.9433962264150944 0.15285714285714286 0.029350104821802937
6 0.2592857142857143 0.9381551362683438 0.15 0.031446540880503145
9 0.10142857142857142 0.750524109014675 0.03142857142857143 0.36477987421383645
3 0.8321428571428572 0.49056603773584906 0.12428571428571429 0.025157232704402517
4 0.6378571428571429 0.38469601677148846 0.22428571428571428 0.023060796645702306
5 0.6464285714285715 0.5880503144654088 0.25285714285714284 0.023060796645702306
5 0.6085714285714285 0.6876310272536688 0.18 0.020964360587002098
5 0.5514285714285714 0.7379454926624738 0.06571428571428571 0.020964360587002098
