7 0.3508902077151335 0.2553418803418803 0.3545994065281899 0.027777777777777776
2 0.6164688427299704 0.4497863247863248 0.2032640949554896 0.023504273504273504
1 0.8879821958456974 0.8087606837606838 0.010385756676557863 0.014957264957264958
0 0.8256676557863502 0.9177350427350427 0.1884272997032641 0.03632478632478633
8 0.577893175074184 0.9145299145299145 0.15875370919881307 0.029914529914529916
6 0.28857566765578635 0.9049145299145299 0.15875370919881307 0.023504273504273504
9 0.10014836795252226 0.7863247863247863 0.028189910979228485 0.33760683760683763
3 0.849406528189911 0.45405982905982906 0.15875370919881307 0.03205128205128205
4 0.5882789317507419 0.3450854700854701 0.129080118694362 0.023504273504273504
4 0.7640949554896143 0.3504273504273504 0.04154302670623145 0.021367521367521368
4 0.900593471810089 0.34935897435897434 0.02967359050445104 0.019230769230769232
5 0.6528189910979229 0.5502136752136753 0.26409495548961426 0.019230769230769232
5 0.5808605341246291 0.5897435897435898 0.129080118694362 0.02564102564102564
5 0.7129080118694362 0.6292735042735043 0.39020771513353114 0.023504273504273504
5 0.586053412462908 0.6709401709401709 0.10682492581602374 0.02564102564102564
