7 0.2591715976331361 0.2620320855614973 0.2106508875739645 0.017825311942959002
2 0.591715976331361 0.45276292335115864 0.17988165680473372 0.024955436720142603
1 0.8775147928994083 0.7959001782531194 0.010650887573964497 0.0196078431372549
0 0.7923076923076923 0.9064171122994652 0.13846153846153847 0.030303030303030304
8 0.5644970414201184 0.9046345811051694 0.14911242603550295 0.030303030303030304
6 0.2869822485207101 0.9073083778966132 0.1668639053254438 0.024955436720142603
9 0.10236686390532544 0.7754010695187166 0.029585798816568046 0.3172905525846702
3 0.8183431952662722 0.44919786096256686 0.11479289940828402 0.024955436720142603
4 0.7538461538461538 0.3511586452762923 0.03550295857988166 0.0213903743315508
4 0.8869822485207101 0.3493761140819964 0.022485207100591716 0.017825311942959002
4 0.5644970414201184 0.3520499108734403 0.1136094674556213 0.023172905525846704
5 0.6497041420118344 0.5490196078431373 0.2816568047337278 0.0213903743315508
5 0.5840236686390533 0.589126559714795 0.15266272189349112 0.023172905525846704
5 0.6609467455621302 0.6274509803921569 0.31124260355029587 0.0213903743315508
