7 0.3124274099883856 0.27925531914893614 0.29732868757259 0.02304964539007092
2 0.6068524970963995 0.4716312056737589 0.1916376306620209 0.024822695035460994
1 0.8768873403019745 0.8262411347517731 0.011614401858304297 0.014184397163120567
0 0.8008130081300813 0.9450354609929078 0.13356562137049943 0.03546099290780142
8 0.570267131242741 0.9379432624113475 0.14634146341463414 0.028368794326241134
6 0.2862950058072009 0.9361702127659575 0.16144018583042974 0.024822695035460994
9 0.11091753774680604 0.15691489361702127 0.22415795586527293 0.040780141843971635
3 0.829849012775842 0.4787234042553192 0.12195121951219512 0.031914893617021274
4 0.7624854819976771 0.3776595744680851 0.04529616724738676 0.01773049645390071
4 0.8983739837398373 0.37854609929078015 0.022067363530778164 0.01950354609929078
4 0.5760743321718932 0.37943262411347517 0.1207897793263647 0.031914893617021274
5 0.68931475029036 0.5718085106382979 0.35656213704994194 0.01950354609929078
5 0.6736353077816493 0.6551418439716312 0.3205574912891986 0.02304964539007092
5 0.5609756097560976 0.6932624113475178 0.09523809523809523 0.024822695035460994
