7 0.3197004608294931 0.26943462897526504 0.3122119815668203 0.022968197879858657
2 0.5967741935483871 0.46466431095406363 0.1728110599078341 0.024734982332155476
1 0.875 0.8180212014134276 0.010368663594470046 0.014134275618374558
0 0.7828341013824884 0.9293286219081273 0.12096774193548387 0.024734982332155476
8 0.5564516129032258 0.9275618374558304 0.1359447004608295 0.03180212014134275
6 0.28398617511520735 0.9169611307420494 0.16013824884792627 0.024734982332155476
9 0.10656682027649769 0.7765017667844523 0.02880184331797235 0.3551236749116608
3 0.8277649769585254 0.46819787985865724 0.12327188940092165 0.024734982332155476
4 0.5679723502304147 0.3666077738515901 0.11290322580645161 0.022968197879858657
4 0.7534562211981567 0.3710247349823322 0.03686635944700461 0.02120141342756184
4 0.8899769585253456 0.37190812720848054 0.019585253456221197 0.015901060070671377
5 0.6641705069124424 0.5618374558303887 0.3076036866359447 0.02120141342756184
5 0.673963133640553 0.6448763250883393 0.315668202764977 0.02120141342756184
