7 0.3077844311377245 0.2703180212014134 0.3137724550898204 0.02120141342756184
2 0.6167664670658682 0.4549469964664311 0.22994011976047904 0.030035335689045935
1 0.881437125748503 0.7950530035335689 0.02155688622754491 0.0176678445229682
0 0.7952095808383234 0.9037102473498233 0.13892215568862276 0.026501766784452298
8 0.5532934131736527 0.907243816254417 0.12934131736526946 0.026501766784452298
6 0.27365269461077846 0.9125441696113075 0.15449101796407186 0.022968197879858657
9 0.08023952095808383 0.773851590106007 0.02874251497005988 0.33568904593639576
3 0.8239520958083832 0.45229681978798586 0.12694610778443113 0.024734982332155476
4 0.5604790419161677 0.36130742049469966 0.11497005988023952 0.022968197879858657
4 0.7508982035928143 0.357773851590106 0.03592814371257485 0.019434628975265017
4 0.8880239520958084 0.3542402826855124 0.022754491017964073 0.019434628975265017
5 0.6568862275449102 0.549469964664311 0.3005988023952096 0.02120141342756184
5 0.644311377245509 0.6298586572438163 0.28023952095808385 0.022968197879858657
5 0.5502994011976048 0.6722614840989399 0.09221556886227544 0.019434628975265017
