7 0.30346385542168675 0.2632696390658174 0.29668674698795183 0.021231422505307854
2 0.6189759036144579 0.4575371549893843 0.22590361445783133 0.027600849256900213
1 0.8765060240963856 0.8142250530785563 0.009036144578313253 0.014861995753715499
0 0.7951807228915663 0.9235668789808917 0.14759036144578314 0.029723991507430998
8 0.5587349397590361 0.921443736730361 0.14759036144578314 0.025477707006369428
6 0.28012048192771083 0.9203821656050956 0.15963855421686746 0.02335456475583864
9 0.09487951807228916 0.7484076433121019 0.030120481927710843 0.35456475583864117
3 0.8381024096385542 0.4585987261146497 0.1460843373493976 0.025477707006369428
4 0.7530120481927711 0.3630573248407643 0.03313253012048193 0.016985138004246284
4 0.8930722891566265 0.3619957537154989 0.024096385542168676 0.014861995753715499
4 0.5625 0.35881104033970274 0.10692771084337349 0.021231422505307854
5 0.6362951807228916 0.5562632696390658 0.2545180722891566 0.021231422505307854
5 0.6649096385542169 0.6401273885350318 0.3147590361445783 0.02335456475583864
5 0.5775602409638554 0.6772823779193206 0.13403614457831325 0.021231422505307854
