7 0.3328424153166421 0.2777777777777778 0.32106038291605304 0.0205761316872428
2 0.6229749631811488 0.46502057613168724 0.22091310751104565 0.024691358024691357
1 0.8762886597938144 0.8065843621399177 0.011782032400589101 0.0205761316872428
0 0.7967599410898379 0.9146090534979424 0.12665684830633284 0.02263374485596708
8 0.5736377025036818 0.9146090534979424 0.14285714285714285 0.030864197530864196
6 0.29823269513991163 0.9176954732510288 0.15758468335787923 0.03292181069958848
9 0.10677466863033873 0.757201646090535 0.030927835051546393 0.35802469135802467
3 0.8387334315169367 0.4711934156378601 0.14285714285714285 0.037037037037037035
4 0.7562592047128129 0.3683127572016461 0.036818851251840944 0.0205761316872428
4 0.5773195876288659 0.3683127572016461 0.11487481590574374 0.0205761316872428
4 0.8910162002945509 0.3662551440329218 0.026509572901325478 0.01646090534979424
5 0.6377025036818851 0.5617283950617284 0.2503681885125184 0.0205761316872428
5 0.6325478645066274 0.6409465020576132 0.23122238586156113 0.02263374485596708
5 0.5883652430044183 0.676954732510288 0.14580265095729014 0.0205761316872428
