7 0.3110294117647059 0.2668067226890756 0.27794117647058825 0.02100840336134454
2 0.6110294117647059 0.46113445378151263 0.225 0.03991596638655462
1 0.8602941176470589 0.8203781512605042 0.011764705882352941 0.018907563025210083
0 0.8102941176470588 0.9149159663865546 0.1588235294117647 0.03571428571428571
8 0.5713235294117647 0.9096638655462185 0.1426470588235294 0.025210084033613446
6 0.3058823529411765 0.9086134453781513 0.17058823529411765 0.0273109243697479
9 0.11176470588235295 0.819327731092437 0.03529411764705882 0.28991596638655465
3 0.8272058823529411 0.4653361344537815 0.1426470588235294 0.031512605042016806
4 0.625 0.36554621848739494 0.24705882352941178 0.025210084033613446
5 0.6544117647058824 0.5588235294117647 0.28823529411764703 0.03361344537815126
5 0.5661764705882353 0.6113445378151261 0.11176470588235295 0.025210084033613446
5 0.6794117647058824 0.6712184873949579 0.3352941176470588 0.023109243697478993
