7 0.3720414201183432 0.26021505376344084 0.39497041420118345 0.025806451612903226
2 0.613905325443787 0.46236559139784944 0.20414201183431951 0.034408602150537634
1 0.882396449704142 0.8161290322580645 0.010355029585798817 0.015053763440860216
0 0.7995562130177515 0.9279569892473118 0.14349112426035504 0.02795698924731183
8 0.5791420118343196 0.9193548387096774 0.14349112426035504 0.04086021505376344
6 0.29659763313609466 0.9258064516129032 0.15828402366863906 0.023655913978494623
9 0.11982248520710059 0.7838709677419354 0.03550295857988166 0.2989247311827957
3 0.8409763313609467 0.46021505376344085 0.14349112426035504 0.034408602150537634
4 0.7559171597633136 0.3580645161290323 0.03550295857988166 0.015053763440860216
4 0.8942307692307693 0.35698924731182796 0.02514792899408284 0.017204301075268817
4 0.5739644970414202 0.3602150537634409 0.11538461538461539 0.02795698924731183
5 0.6501479289940828 0.5580645161290323 0.2618343195266272 0.01935483870967742
5 0.5724852071005917 0.5978494623655914 0.11242603550295859 0.025806451612903226
5 0.647189349112426 0.6408602150537634 0.26479289940828404 0.021505376344086023
5 0.5680473372781065 0.6817204301075269 0.09763313609467456 0.025806451612903226
