7 0.3215339233038348 0.2785862785862786 0.3185840707964602 0.02079002079002079
2 0.6047197640117994 0.4656964656964657 0.20058997050147492 0.02494802494802495
1 0.8702064896755162 0.8097713097713097 0.011799410029498525 0.018711018711018712
0 0.801622418879056 0.9178794178794178 0.15781710914454278 0.031185031185031187
8 0.5553097345132744 0.922037422037422 0.12831858407079647 0.02702702702702703
6 0.2861356932153392 0.922037422037422 0.15634218289085547 0.02286902286902287
9 0.10619469026548672 0.7869022869022869 0.029498525073746312 0.34303534303534305
3 0.8281710914454278 0.46465696465696466 0.140117994100295 0.02702702702702703
4 0.75 0.367983367983368 0.04277286135693215 0.02079002079002079
4 0.883480825958702 0.36694386694386694 0.02359882005899705 0.018711018711018712
4 0.5589970501474927 0.36694386694386694 0.10324483775811209 0.02286902286902287
5 0.661504424778761 0.5613305613305614 0.3053097345132743 0.02494802494802495
5 0.6622418879056047 0.6403326403326404 0.30678466076696165 0.02494802494802495
