7 0.2753479125248509 0.2796143250688705 0.23260437375745527 0.024793388429752067
2 0.5974155069582505 0.47107438016528924 0.19681908548707752 0.027548209366391185
1 0.8638170974155069 0.8181818181818182 0.009940357852882704 0.02203856749311295
0 0.7922465208747514 0.9201101928374655 0.15705765407554673 0.027548209366391185
8 0.5606361829025845 0.9228650137741047 0.1550695825049702 0.03305785123966942
6 0.28429423459244535 0.9256198347107438 0.1709741550695825 0.027548209366391185
9 0.09443339960238568 0.8236914600550964 0.02982107355864811 0.3581267217630854
3 0.8210735586481114 0.4696969696969697 0.13518886679920478 0.024793388429752067
4 0.5636182902584493 0.3760330578512397 0.12127236580516898 0.024793388429752067
4 0.7475149105367793 0.3787878787878788 0.039761431411530816 0.01928374655647383
4 0.8866799204771372 0.3760330578512397 0.027833001988071572 0.01928374655647383
5 0.6361829025844931 0.5702479338842975 0.2664015904572565 0.02203856749311295
5 0.668986083499006 0.6460055096418733 0.3399602385685885 0.024793388429752067
