7 0.3247800586510264 0.2547568710359408 0.28885630498533726 0.023255813953488372
2 0.6180351906158358 0.44714587737843553 0.20087976539589442 0.023255813953488372
1 0.874633431085044 0.8044397463002114 0.013196480938416423 0.019027484143763214
0 0.7961876832844574 0.9133192389006343 0.1436950146627566 0.02536997885835095
8 0.5733137829912024 0.904862579281184 0.14076246334310852 0.03805496828752643
6 0.3086510263929619 0.904862579281184 0.1744868035190616 0.02536997885835095
9 0.10410557184750734 0.7463002114164905 0.02932551319648094 0.346723044397463
3 0.841642228739003 0.45348837209302323 0.15542521994134897 0.03171247357293869
4 0.5762463343108505 0.3488372093023256 0.11436950146627566 0.021141649048625793
4 0.7587976539589443 0.35412262156448204 0.036656891495601175 0.014799154334038054
4 0.8951612903225806 0.35412262156448204 0.024926686217008796 0.019027484143763214
5 0.6825513196480938 0.5454545454545454 0.32111436950146627 0.021141649048625793
5 0.5557184750733137 0.5845665961945031 0.06744868035190615 0.019027484143763214
5 0.6480938416422287 0.627906976744186 0.25806451612903225 0.021141649048625793
