7 0.2791762013729977 0.25989208633093525 0.2128146453089245 0.019784172661870502
2 0.6178489702517163 0.4550359712230216 0.2036613272311213 0.02877697841726619
1 0.8878718535469108 0.8120503597122302 0.011441647597254004 0.019784172661870502
0 0.8003432494279176 0.9217625899280576 0.13157894736842105 0.02697841726618705
8 0.5778032036613272 0.920863309352518 0.14416475972540047 0.02877697841726619
6 0.3026315789473684 0.9226618705035972 0.15903890160183065 0.025179856115107913
9 0.10297482837528604 0.783273381294964 0.034324942791762014 0.36151079136690645
3 0.8386727688787186 0.45323741007194246 0.13043478260869565 0.02877697841726619
4 0.7505720823798627 0.35251798561151076 0.029748283752860413 0.017985611510791366
4 0.897025171624714 0.3516187050359712 0.02288329519450801 0.019784172661870502
4 0.5795194508009154 0.3498201438848921 0.12013729977116705 0.023381294964028777
5 0.6670480549199085 0.5512589928057554 0.2951945080091533 0.023381294964028777
5 0.5549199084668193 0.5926258992805755 0.07093821510297482 0.023381294964028777
5 0.6372997711670481 0.637589928057554 0.23569794050343248 0.019784172661870502
5 0.5652173913043478 0.6780575539568345 0.08237986270022883 0.02158273381294964
