7 0.35214285714285715 0.29453441295546556 0.3271428571428571 0.022267206477732792
2 0.6192857142857143 0.4949392712550607 0.1757142857142857 0.022267206477732792
1 0.8785714285714286 0.8431174089068826 0.011428571428571429 0.018218623481781375
0 0.8007142857142857 0.9473684210526315 0.15285714285714286 0.02834008097165992
8 0.5721428571428572 0.9463562753036437 0.15 0.03441295546558704
6 0.25285714285714284 0.9402834008097166 0.13714285714285715 0.022267206477732792
9 0.08571428571428572 0.7965587044534413 0.03428571428571429 0.2975708502024291
3 0.8307142857142857 0.4949392712550607 0.11285714285714285 0.022267206477732792
4 0.6335714285714286 0.39979757085020245 0.20142857142857143 0.022267206477732792
5 0.6378571428571429 0.5931174089068826 0.21 0.020242914979757085
5 0.5592857142857143 0.6447368421052632 0.06142857142857143 0.018218623481781375
5 0.69 0.6933198380566802 0.3171428571428571 0.018218623481781375
5 0.5742857142857143 0.7419028340080972 0.06 0.018218623481781375
