7 0.28875739644970416 0.2620320855614973 0.2698224852071006 0.017825311942959002
2 0.5911242603550296 0.45276292335115864 0.178698224852071 0.024955436720142603
1 0.8828402366863906 0.7950089126559715 0.023668639053254437 0.017825311942959002
0 0.7905325443786982 0.9055258467023173 0.13727810650887573 0.0285204991087344
8 0.5627218934911242 0.9037433155080213 0.14792899408284024 0.0285204991087344
6 0.28579881656804734 0.9073083778966132 0.1668639053254438 0.024955436720142603
9 0.10532544378698225 0.7754010695187166 0.0378698224852071 0.32085561497326204
3 0.8165680473372781 0.4474153297682709 0.1136094674556213 0.0213903743315508
4 0.7532544378698225 0.3511586452762923 0.036686390532544376 0.0213903743315508
4 0.8852071005917159 0.3484848484848485 0.023668639053254437 0.016042780748663103
4 0.5644970414201184 0.3520499108734403 0.11124260355029586 0.023172905525846704
5 0.6502958579881657 0.5490196078431373 0.285207100591716 0.0213903743315508
5 0.5508875739644971 0.589126559714795 0.08875739644970414 0.023172905525846704
5 0.6526627218934912 0.6274509803921569 0.29940828402366865 0.0213903743315508
