7 0.3532934131736527 0.25961538461538464 0.38622754491017963 0.023504273504273504
2 0.6279940119760479 0.4583333333333333 0.22604790419161677 0.03205128205128205
1 0.8869760479041916 0.8162393162393162 0.010479041916167664 0.021367521367521368
0 0.813622754491018 0.9230769230769231 0.1601796407185629 0.029914529914529916
8 0.5778443113772455 0.9220085470085471 0.15568862275449102 0.027777777777777776
6 0.29790419161676646 0.9177350427350427 0.17664670658682635 0.027777777777777776
9 0.11077844311377245 0.7873931623931624 0.03592814371257485 0.3141025641025641
3 0.844311377245509 0.46047008547008544 0.1467065868263473 0.027777777777777776
4 0.5748502994011976 0.35683760683760685 0.11676646706586827 0.02564102564102564
4 0.7589820359281437 0.3611111111111111 0.03293413173652695 0.017094017094017096
4 0.9026946107784432 0.358974358974359 0.029940119760479042 0.017094017094017096
5 0.7035928143712575 0.5534188034188035 0.3712574850299401 0.021367521367521368
5 0.6609281437125748 0.6378205128205128 0.29191616766467066 0.023504273504273504
5 0.5688622754491018 0.6730769230769231 0.10479041916167664 0.021367521367521368
