7 0.375 0.28451882845188287 0.3842857142857143 0.02510460251046025
2 0.6085714285714285 0.4696652719665272 0.21142857142857144 0.027196652719665274
1 0.8764285714285714 0.8263598326359832 0.027142857142857142 0.02092050209205021
0 0.8221428571428572 0.9236401673640168 0.15285714285714286 0.03138075313807531
8 0.5807142857142857 0.9215481171548117 0.13857142857142857 0.027196652719665274
6 0.3057142857142857 0.9236401673640168 0.16857142857142857 0.027196652719665274
9 0.08857142857142856 0.7824267782426778 0.02857142857142857 0.34309623430962344
3 0.8385714285714285 0.4686192468619247 0.13714285714285715 0.02510460251046025
4 0.6207142857142857 0.36715481171548114 0.23857142857142857 0.02301255230125523
5 0.6464285714285715 0.5690376569037657 0.2957142857142857 0.02092050209205021
5 0.6557142857142857 0.6715481171548117 0.31142857142857144 0.02510460251046025
5 0.5464285714285714 0.7207112970711297 0.09 0.02301255230125523
