7 0.3168257756563246 0.24358974358974358 0.2756563245823389 0.022222222222222223
2 0.6247016706443914 0.441025641025641 0.23031026252983294 0.03076923076923077
1 0.8633651551312649 0.8051282051282052 0.013126491646778043 0.020512820512820513
0 0.8156324582338902 0.8957264957264958 0.1515513126491647 0.03076923076923077
8 0.5894988066825776 0.8957264957264958 0.162291169451074 0.03076923076923077
6 0.2977326968973747 0.8931623931623932 0.1658711217183771 0.02564102564102564
9 0.10202863961813842 0.8222222222222222 0.027446300715990454 0.35555555555555557
3 0.8424821002386634 0.44358974358974357 0.15274463007159905 0.02564102564102564
4 0.6151551312649165 0.3418803418803419 0.2064439140811456 0.020512820512820513
5 0.704653937947494 0.5461538461538461 0.3711217183770883 0.022222222222222223
5 0.568019093078759 0.5923076923076923 0.10501193317422435 0.022222222222222223
5 0.6640811455847255 0.6538461538461539 0.2947494033412888 0.022222222222222223
5 0.5393794749403341 0.705982905982906 0.05250596658711217 0.020512820512820513
