7 0.3250497017892644 0.27823691460055094 0.3320079522862823 0.027548209366391185
2 0.5924453280318092 0.46143250688705234 0.1908548707753479 0.03581267217630854
1 0.8638170974155069 0.8154269972451791 0.013916500994035786 0.01652892561983471
0 0.7922465208747514 0.9201101928374655 0.15308151093439365 0.03305785123966942
8 0.5596421471172962 0.9214876033057852 0.15308151093439365 0.03581267217630854
6 0.28429423459244535 0.9214876033057852 0.16699801192842942 0.024793388429752067
9 0.09343936381709742 0.8209366391184573 0.027833001988071572 0.3581267217630854
3 0.8210735586481114 0.4641873278236915 0.13518886679920478 0.03581267217630854
4 0.5636182902584493 0.37327823691460055 0.12127236580516898 0.024793388429752067
4 0.7465208747514911 0.37327823691460055 0.03777335984095427 0.01928374655647383
4 0.8866799204771372 0.37327823691460055 0.027833001988071572 0.01928374655647383
5 0.6918489065606361 0.5661157024793388 0.37773359840954274 0.024793388429752067
5 0.6719681908548708 0.6446280991735537 0.34592445328031807 0.02203856749311295
