7 0.3107142857142857 0.26931106471816285 0.2957142857142857 0.020876826722338204
2 0.5757142857142857 0.4519832985386221 0.19428571428571428 0.027139874739039668
1 0.8528571428571429 0.8037578288100209 0.011428571428571429 0.020876826722338204
0 0.7935714285714286 0.9029227557411273 0.1357142857142857 0.027139874739039668
8 0.5578571428571428 0.9029227557411273 0.1357142857142857 0.027139874739039668
6 0.2735714285714286 0.9050104384133612 0.15285714285714286 0.022964509394572025
9 0.095 0.7505219206680585 0.032857142857142856 0.40292275574112735
3 0.8114285714285714 0.4519832985386221 0.13714285714285715 0.027139874739039668
4 0.5792857142857143 0.348643006263048 0.20142857142857143 0.020876826722338204
5 0.6485714285714286 0.5490605427974948 0.33714285714285713 0.020876826722338204
5 0.5207142857142857 0.5991649269311065 0.08142857142857143 0.020876826722338204
5 0.665 0.6492693110647182 0.37285714285714283 0.025052192066805846
5 0.54 0.6993736951983298 0.12571428571428572 0.020876826722338204
