7 0.2906178489702517 0.25989208633093525 0.23569794050343248 0.019784172661870502
2 0.6172768878718535 0.4550359712230216 0.2048054919908467 0.02877697841726619
1 0.8872997711670481 0.8111510791366906 0.012585812356979404 0.02158273381294964
0 0.799771167048055 0.9217625899280576 0.13043478260869565 0.02697841726618705
8 0.5778032036613272 0.920863309352518 0.14416475972540047 0.02877697841726619
6 0.3026315789473684 0.9226618705035972 0.15903890160183065 0.025179856115107913
9 0.10011441647597254 0.7787769784172662 0.028604118993135013 0.3669064748201439
3 0.8409610983981693 0.45323741007194246 0.13272311212814644 0.02877697841726619
4 0.7517162471395881 0.35251798561151076 0.032036613272311214 0.017985611510791366
4 0.8975972540045767 0.3516187050359712 0.02402745995423341 0.019784172661870502
4 0.5795194508009154 0.3498201438848921 0.12013729977116705 0.023381294964028777
5 0.6670480549199085 0.5512589928057554 0.2974828375286041 0.023381294964028777
5 0.5623569794050344 0.5926258992805755 0.08581235697940504 0.023381294964028777
5 0.6561784897025171 0.637589928057554 0.2734553775743707 0.019784172661870502
5 0.5732265446224256 0.6780575539568345 0.09382151029748284 0.02158273381294964
