7 0.34824046920821117 0.25158562367864695 0.3357771260997067 0.021141649048625793
2 0.6180351906158358 0.4439746300211416 0.20087976539589442 0.02536997885835095
1 0.874633431085044 0.8033826638477801 0.010263929618768328 0.021141649048625793
0 0.7961876832844574 0.912262156448203 0.14076246334310852 0.02748414376321353
8 0.5740469208211144 0.9080338266384778 0.14222873900293256 0.02748414376321353
6 0.3086510263929619 0.9080338266384778 0.17155425219941348 0.035940803382663845
9 0.10410557184750734 0.7431289640591966 0.02932551319648094 0.3488372093023256
3 0.842375366568915 0.4492600422832981 0.15689149560117302 0.02748414376321353
4 0.5747800586510264 0.34249471458773784 0.11436950146627566 0.02959830866807611
4 0.7580645161290323 0.35200845665961944 0.03519061583577713 0.019027484143763214
4 0.8966275659824047 0.35200845665961944 0.021994134897360705 0.014799154334038054
5 0.6832844574780058 0.5465116279069767 0.31378299120234604 0.02748414376321353
5 0.5505865102639296 0.5824524312896406 0.054252199413489736 0.019027484143763214
5 0.6862170087976539 0.6257928118393234 0.3343108504398827 0.021141649048625793
