7 0.2962962962962963 0.26956521739130435 0.2777777777777778 0.017391304347826087
2 0.6186342592592593 0.46 0.22106481481481483 0.02608695652173913
1 0.8778935185185185 0.8078260869565217 0.010416666666666666 0.019130434782608695
0 0.7951388888888888 0.9173913043478261 0.13425925925925927 0.029565217391304348
8 0.5711805555555556 0.9139130434782609 0.14699074074074073 0.029565217391304348
6 0.2864583333333333 0.9139130434782609 0.16087962962962962 0.03304347826086956
9 0.10185185185185185 0.7817391304347826 0.037037037037037035 0.3634782608695652
3 0.8356481481481481 0.4643478260869565 0.14583333333333334 0.02782608695652174
4 0.5625 0.3634782608695652 0.1111111111111111 0.020869565217391306
4 0.7534722222222222 0.3652173913043478 0.037037037037037035 0.020869565217391306
4 0.8923611111111112 0.3660869565217391 0.02546296296296296 0.019130434782608695
5 0.6782407407407407 0.5608695652173913 0.3333333333333333 0.029565217391304348
5 0.5561342592592593 0.5991304347826087 0.08680555555555555 0.019130434782608695
5 0.6637731481481481 0.6391304347826087 0.29976851851851855 0.022608695652173914
5 0.5509259259259259 0.6765217391304348 0.0763888888888889 0.020869565217391306
