7 0.33714285714285713 0.2834008097165992 0.3 0.020242914979757085
2 0.6192857142857143 0.48279352226720645 0.1757142857142857 0.022267206477732792
1 0.8778571428571429 0.8350202429149798 0.01 0.018218623481781375
0 0.8021428571428572 0.9362348178137652 0.15285714285714286 0.030364372469635626
8 0.5678571428571428 0.930161943319838 0.13857142857142857 0.030364372469635626
6 0.24857142857142858 0.9271255060728745 0.13714285714285715 0.020242914979757085
9 0.08357142857142857 0.7884615384615384 0.027142857142857142 0.31781376518218624
3 0.8392857142857143 0.4848178137651822 0.12428571428571429 0.02631578947368421
4 0.6285714285714286 0.3866396761133603 0.20285714285714285 0.020242914979757085
5 0.6492857142857142 0.582995951417004 0.24142857142857144 0.020242914979757085
5 0.5557142857142857 0.631578947368421 0.054285714285714284 0.016194331983805668
5 0.6807142857142857 0.6811740890688259 0.31 0.022267206477732792
5 0.5707142857142857 0.7307692307692307 0.08428571428571428 0.020242914979757085
