7 0.3250296559905101 0.27595628415300544 0.32265717674970346 0.023679417122040074
2 0.594306049822064 0.4672131147540984 0.17793594306049823 0.023679417122040074
1 0.8701067615658363 0.825136612021858 0.013048635824436536 0.018214936247723135
0 0.7864768683274022 0.9335154826958105 0.13523131672597866 0.0273224043715847
8 0.5492289442467378 0.9344262295081968 0.11387900355871886 0.02185792349726776
6 0.28410438908659547 0.9353369763205829 0.1506524317912218 0.023679417122040074
9 0.10023724792408066 0.773224043715847 0.027283511269276393 0.3333333333333333
3 0.8345195729537367 0.46265938069216755 0.1506524317912218 0.029143897996357013
4 0.5670225385527876 0.36429872495446264 0.11387900355871886 0.025500910746812388
4 0.7574139976275207 0.366120218579235 0.051008303677342826 0.02185792349726776
4 0.891459074733096 0.36429872495446264 0.02491103202846975 0.02185792349726776
5 0.6482799525504152 0.5628415300546448 0.2835112692763938 0.02185792349726776
5 0.638196915776987 0.6457194899817851 0.2586002372479241 0.023679417122040074
5 0.5432977461447213 0.6876138433515483 0.07591933570581258 0.023679417122040074
