7 0.36642857142857144 0.29453441295546556 0.3557142857142857 0.022267206477732792
2 0.6192857142857143 0.4908906882591093 0.17285714285714285 0.03441295546558704
1 0.8785714285714286 0.8431174089068826 0.011428571428571429 0.018218623481781375
0 0.8 0.9473684210526315 0.15428571428571428 0.02834008097165992
8 0.57 0.9473684210526315 0.15142857142857144 0.032388663967611336
6 0.25142857142857145 0.9402834008097166 0.13714285714285715 0.022267206477732792
9 0.08571428571428572 0.7965587044534413 0.03428571428571429 0.3016194331983806
3 0.8307142857142857 0.4949392712550607 0.11 0.022267206477732792
4 0.6342857142857142 0.39878542510121456 0.2 0.020242914979757085
5 0.6371428571428571 0.5931174089068826 0.21428571428571427 0.020242914979757085
5 0.5714285714285714 0.6447368421052632 0.08857142857142856 0.018218623481781375
5 0.6642857142857143 0.6933198380566802 0.26857142857142857 0.018218623481781375
5 0.5871428571428572 0.7419028340080972 0.08857142857142856 0.018218623481781375
