7 0.2865671641791045 0.26963906581740976 0.23582089552238805 0.025477707006369428
2 0.6156716417910447 0.4607218683651805 0.2044776119402985 0.025477707006369428
1 0.8850746268656716 0.8174097664543525 0.011940298507462687 0.016985138004246284
0 0.8052238805970149 0.9246284501061571 0.14477611940298507 0.027600849256900213
8 0.5880597014925373 0.9256900212314225 0.1761194029850746 0.03397027600849257
6 0.2917910447761194 0.9246284501061571 0.15671641791044777 0.02335456475583864
9 0.09179104477611941 0.807855626326964 0.025373134328358207 0.2908704883227176
3 0.8402985074626865 0.46178343949044587 0.14328358208955225 0.027600849256900213
4 0.7559701492537313 0.3630573248407643 0.034328358208955224 0.016985138004246284
4 0.5746268656716418 0.3609341825902335 0.11641791044776119 0.021231422505307854
4 0.8947761194029851 0.3641188959660297 0.022388059701492536 0.01910828025477707
5 0.6358208955223881 0.559447983014862 0.23582089552238805 0.01910828025477707
5 0.5477611940298508 0.5987261146496815 0.0626865671641791 0.016985138004246284
5 0.658955223880597 0.6411889596602972 0.29402985074626864 0.021231422505307854
