7 0.2869458128078818 0.2760511882998172 0.2512315270935961 0.021937842778793418
2 0.604679802955665 0.463436928702011 0.2019704433497537 0.027422303473491772
1 0.8768472906403941 0.8053016453382084 0.012315270935960592 0.02010968921389397
0 0.8183497536945813 0.8957952468007313 0.1564039408866995 0.029250457038391225
8 0.5782019704433498 0.8957952468007313 0.1564039408866995 0.029250457038391225
6 0.2814039408866995 0.9021937842778793 0.17364532019704434 0.03473491773308958
9 0.08990147783251232 0.7870201096892139 0.03694581280788178 0.3272394881170018
3 0.8312807881773399 0.4606946983546618 0.1330049261083744 0.025594149908592323
4 0.6219211822660099 0.36654478976234006 0.23399014778325122 0.02376599634369287
5 0.6674876847290641 0.5612431444241316 0.3251231527093596 0.021937842778793418
5 0.6951970443349754 0.659963436928702 0.3657635467980296 0.021937842778793418
5 0.5486453201970444 0.7157221206581352 0.08004926108374384 0.02010968921389397
