7 0.32284040995607616 0.28512396694214875 0.28550512445095166 0.02066115702479339
2 0.6193265007320644 0.47830578512396693 0.2020497803806735 0.030991735537190084
1 0.8828696925329429 0.8202479338842975 0.01171303074670571 0.01652892561983471
0 0.7964860907759883 0.9266528925619835 0.12884333821376281 0.022727272727272728
8 0.5724743777452416 0.9276859504132231 0.1259150805270864 0.024793388429752067
6 0.29428989751098095 0.9266528925619835 0.15519765739385066 0.022727272727272728
9 0.11566617862371889 0.7985537190082644 0.029282576866764276 0.3409090909090909
3 0.842606149341142 0.4793388429752066 0.14202049780380674 0.028925619834710745
4 0.7620790629575402 0.381198347107438 0.0424597364568082 0.01859504132231405
4 0.5739385065885798 0.37913223140495866 0.09956076134699854 0.01859504132231405
4 0.8997071742313324 0.381198347107438 0.021961932650073207 0.014462809917355372
5 0.6522693997071742 0.5723140495867769 0.25329428989751096 0.01652892561983471
5 0.5797950219619327 0.6115702479338843 0.11420204978038068 0.02066115702479339
5 0.6456808199121523 0.6518595041322314 0.24597364568081992 0.01859504132231405
5 0.5739385065885798 0.6900826446280992 0.10248901903367497 0.02066115702479339
