7 0.3076923076923077 0.23721881390593047 0.29289940828402367 0.02044989775051125
2 0.602810650887574 0.42433537832310836 0.20266272189349113 0.026584867075664622
1 0.8690828402366864 0.7627811860940695 0.013313609467455622 0.016359918200409
0 0.7921597633136095 0.8701431492842536 0.15532544378698224 0.026584867075664622
8 0.5665680473372781 0.869120654396728 0.14201183431952663 0.024539877300613498
6 0.28476331360946744 0.8578732106339468 0.17899408284023668 0.034764826175869123
9 0.09911242603550297 0.7147239263803681 0.029585798816568046 0.34151329243353784
3 0.8291420118343196 0.4274028629856851 0.14349112426035504 0.024539877300613498
4 0.5739644970414202 0.3282208588957055 0.12721893491124261 0.022494887525562373
4 0.7566568047337278 0.3292433537832311 0.057692307692307696 0.02044989775051125
4 0.886094674556213 0.3312883435582822 0.023668639053254437 0.016359918200409
5 0.6449704142011834 0.5194274028629857 0.2781065088757396 0.02044989775051125
5 0.525887573964497 0.5572597137014315 0.04585798816568047 0.018404907975460124
5 0.639792899408284 0.5950920245398773 0.27662721893491127 0.02044989775051125
5 0.5599112426035503 0.6329243353783232 0.11094674556213018 0.022494887525562373
