7 0.32270029673590506 0.2914046121593291 0.31008902077151335 0.020964360587002098
2 0.6097922848664689 0.48427672955974843 0.20178041543026706 0.025157232704402517
1 0.8798219584569733 0.8375262054507338 0.02373887240356083 0.018867924528301886
0 0.8293768545994066 0.9308176100628931 0.1572700296735905 0.029350104821802937
8 0.5808605341246291 0.9318658280922432 0.14391691394658754 0.031446540880503145
6 0.30192878338278933 0.9329140461215933 0.17359050445103857 0.025157232704402517
9 0.13056379821958458 0.1519916142557652 0.26409495548961426 0.0440251572327044
3 0.8405044510385756 0.48218029350104824 0.14391691394658754 0.03773584905660377
4 0.7492581602373887 0.3857442348008386 0.03560830860534125 0.016771488469601678
4 0.5593471810089021 0.3836477987421384 0.10385756676557864 0.020964360587002098
4 0.8568249258160238 0.3867924528301887 0.025222551928783383 0.018867924528301886
5 0.6795252225519288 0.5849056603773585 0.32344213649851633 0.020964360587002098
5 0.6580118694362018 0.689727463312369 0.28041543026706234 0.020964360587002098
5 0.5682492581602374 0.7421383647798742 0.10089020771513353 0.020964360587002098
