7 0.3342857142857143 0.25675675675675674 0.26571428571428574 0.018711018711018712
2 0.6292857142857143 0.4594594594594595 0.1757142857142857 0.04158004158004158
1 0.8928571428571429 0.8191268191268192 0.014285714285714285 0.02079002079002079
0 0.8078571428571428 0.9303534303534303 0.13857142857142857 0.031185031185031187
8 0.5771428571428572 0.9230769230769231 0.14 0.02494802494802495
6 0.2742857142857143 0.91995841995842 0.1657142857142857 0.02702702702702703
9 0.08714285714285715 0.7432432432432432 0.03428571428571429 0.3970893970893971
3 0.8592857142857143 0.46673596673596673 0.1357142857142857 0.02702702702702703
4 0.6314285714285715 0.3575883575883576 0.18 0.02079002079002079
5 0.6971428571428572 0.5613305613305614 0.31142857142857144 0.02079002079002079
5 0.6878571428571428 0.6652806652806653 0.2985714285714286 0.02079002079002079
5 0.5735714285714286 0.7141372141372141 0.06142857142857143 0.018711018711018712
