7 0.3553223388305847 0.2591792656587473 0.3748125937031484 0.02159827213822894
2 0.6199400299850075 0.4524838012958963 0.20539730134932535 0.028077753779697623
1 0.8793103448275862 0.8196544276457883 0.010494752623688156 0.019438444924406047
0 0.8020989505247377 0.9244060475161987 0.14392803598200898 0.03455723542116631
8 0.5742128935532234 0.9254859611231101 0.14392803598200898 0.032397408207343416
6 0.2871064467766117 0.9190064794816415 0.16041979010494753 0.023758099352051837
9 0.10419790104947527 0.8250539956803455 0.02848575712143928 0.34989200863930886
3 0.848575712143928 0.46436285097192226 0.1469265367316342 0.03023758099352052
4 0.5749625187406296 0.35853131749460043 0.10344827586206896 0.02591792656587473
4 0.7691154422788605 0.3596112311015119 0.035982008995502246 0.01511879049676026
4 0.9017991004497751 0.3617710583153348 0.022488755622188907 0.01511879049676026
5 0.6461769115442278 0.5561555075593952 0.2608695652173913 0.019438444924406047
5 0.553223388305847 0.5982721382289417 0.07196401799100449 0.02159827213822894
5 0.684407796101949 0.6414686825053996 0.3343328335832084 0.02591792656587473
5 0.5629685157421289 0.6879049676025918 0.08545727136431784 0.032397408207343416
