7 0.3078635014836795 0.27145922746781115 0.2922848664688427 0.023605150214592276
2 0.6060830860534124 0.4645922746781116 0.20029673590504452 0.023605150214592276
1 0.8679525222551929 0.8197424892703863 0.011869436201780416 0.02145922746781116
0 0.7989614243323442 0.9377682403433476 0.14391691394658754 0.03862660944206009
8 0.5600890207715133 0.9366952789699571 0.129080118694362 0.027896995708154508
6 0.28560830860534125 0.9388412017167382 0.15875370919881307 0.023605150214592276
9 0.08605341246290801 0.8154506437768241 0.026706231454005934 0.30042918454935624
3 0.8271513353115727 0.463519313304721 0.129080118694362 0.02575107296137339
4 0.564540059347181 0.3648068669527897 0.1142433234421365 0.02145922746781116
4 0.7522255192878339 0.36587982832618027 0.03857566765578635 0.019313304721030045
4 0.8879821958456974 0.361587982832618 0.02225519287833828 0.019313304721030045
5 0.6350148367952523 0.5633047210300429 0.24925816023738873 0.019313304721030045
5 0.6454005934718101 0.6459227467811158 0.27002967359050445 0.02575107296137339
