7 0.3575909661229611 0.27079646017699116 0.3739021329987453 0.021238938053097345
2 0.5984943538268507 0.46017699115044247 0.18820577164366373 0.024778761061946902
1 0.8732747804265998 0.8053097345132744 0.027603513174404015 0.021238938053097345
0 0.8061480552070264 0.9026548672566371 0.1468005018820577 0.02831858407079646
8 0.5809284818067754 0.9026548672566371 0.15809284818067754 0.02831858407079646
6 0.29924717691342534 0.9053097345132743 0.191969887076537 0.02654867256637168
9 0.10225846925972397 0.7823008849557522 0.028858218318695106 0.3398230088495575
3 0.828732747804266 0.45663716814159294 0.14429109159347553 0.02831858407079646
4 0.5664993726474279 0.36460176991150445 0.1191969887076537 0.024778761061946902
4 0.740276035131744 0.36194690265486723 0.04265997490589712 0.01592920353982301
4 0.8538268506900878 0.35929203539823007 0.026348808030112924 0.017699115044247787
5 0.6831869510664994 0.5566371681415929 0.342534504391468 0.03008849557522124
5 0.64366373902133 0.6637168141592921 0.27352572145545795 0.021238938053097345
5 0.5890840652446675 0.7176991150442478 0.15934755332496864 0.023008849557522124
