7 0.3713054187192118 0.2760511882998172 0.41502463054187194 0.021937842778793418
2 0.6028325123152709 0.4625228519195612 0.20073891625615764 0.025594149908592323
1 0.8768472906403941 0.8043875685557587 0.012315270935960592 0.021937842778793418
0 0.8183497536945813 0.8957952468007313 0.1564039408866995 0.029250457038391225
8 0.5775862068965517 0.896709323583181 0.15517241379310345 0.031078610603290677
6 0.2832512315270936 0.8976234003656307 0.16995073891625614 0.025594149908592323
9 0.09298029556650246 0.7888482632541134 0.03078817733990148 0.3235831809872029
3 0.8306650246305419 0.4616087751371115 0.13177339901477833 0.027422303473491772
4 0.6225369458128078 0.36654478976234006 0.23275862068965517 0.02376599634369287
5 0.645320197044335 0.5612431444241316 0.27832512315270935 0.021937842778793418
5 0.6576354679802956 0.659963436928702 0.29310344827586204 0.021937842778793418
5 0.541256157635468 0.7157221206581352 0.06527093596059114 0.02010968921389397
