7 0.28402366863905326 0.2591397849462366 0.22485207100591717 0.01935483870967742
2 0.613905325443787 0.4612903225806452 0.20414201183431951 0.03225806451612903
1 0.882396449704142 0.8150537634408602 0.010355029585798817 0.017204301075268817
0 0.7995562130177515 0.9279569892473118 0.14349112426035504 0.02795698924731183
8 0.5784023668639053 0.921505376344086 0.14201183431952663 0.04086021505376344
6 0.2973372781065089 0.9258064516129032 0.15680473372781065 0.023655913978494623
9 0.11908284023668639 0.7860215053763441 0.034023668639053255 0.2989247311827957
3 0.8409763313609467 0.4612903225806452 0.14349112426035504 0.03225806451612903
4 0.7559171597633136 0.3580645161290323 0.03550295857988166 0.015053763440860216
4 0.8942307692307693 0.3580645161290323 0.022189349112426034 0.015053763440860216
4 0.5732248520710059 0.35913978494623655 0.11390532544378698 0.025806451612903226
5 0.6501479289940828 0.5580645161290323 0.2618343195266272 0.01935483870967742
5 0.5658284023668639 0.5978494623655914 0.09319526627218935 0.025806451612903226
5 0.6486686390532544 0.6387096774193548 0.2618343195266272 0.025806451612903226
5 0.5673076923076923 0.6817204301075269 0.09615384615384616 0.025806451612903226
