7 0.33528722157092616 0.2881818181818182 0.2954279015240328 0.02
2 0.6307151230949589 0.47909090909090907 0.20867526377491208 0.02727272727272727
1 0.8856975381008206 0.8309090909090909 0.012895662368112544 0.02181818181818182
0 0.8012895662368112 0.9418181818181818 0.123094958968347 0.025454545454545455
8 0.5896834701055099 0.9427272727272727 0.1477139507620164 0.03090909090909091
6 0.32004689331770225 0.94 0.17819460726846426 0.03636363636363636
9 0.11430246189917936 0.8163636363636364 0.026963657678780773 0.3709090909090909
3 0.8429073856975381 0.4763636363636364 0.12661195779601406 0.025454545454545455
4 0.7719812426729191 0.38 0.04337631887456037 0.01818181818181818
4 0.5902696365767878 0.38 0.11137162954279015 0.02181818181818182
4 0.9044548651817116 0.37727272727272726 0.0246189917936694 0.02
5 0.6699882766705745 0.5781818181818181 0.2825322391559203 0.02181818181818182
5 0.5668229777256741 0.62 0.0738569753810082 0.02181818181818182
5 0.6611957796014069 0.66 0.264947245017585 0.02181818181818182
5 0.5838218053927315 0.7 0.11254396248534584 0.02181818181818182
