7 0.33907185628742514 0.26175213675213677 0.34281437125748504 0.023504273504273504
2 0.6264970059880239 0.46047008547008544 0.22604790419161677 0.03205128205128205
1 0.8937125748502994 0.8183760683760684 0.02694610778443114 0.021367521367521368
0 0.8106287425149701 0.9252136752136753 0.15718562874251496 0.029914529914529916
8 0.5770958083832335 0.9241452991452992 0.15718562874251496 0.027777777777777776
6 0.2964071856287425 0.9209401709401709 0.17664670658682635 0.029914529914529916
9 0.1092814371257485 0.7895299145299145 0.03592814371257485 0.31837606837606836
3 0.8420658682634731 0.46260683760683763 0.14221556886227546 0.027777777777777776
4 0.5718562874251497 0.3579059829059829 0.11676646706586827 0.023504273504273504
4 0.7574850299401198 0.36324786324786323 0.03293413173652695 0.017094017094017096
4 0.9011976047904192 0.3611111111111111 0.02694610778443114 0.021367521367521368
5 0.6706586826347305 0.5512820512820513 0.31137724550898205 0.029914529914529916
5 0.6609281437125748 0.6399572649572649 0.29191616766467066 0.023504273504273504
5 0.5449101796407185 0.6752136752136753 0.05688622754491018 0.021367521367521368
