7 0.3153618906942393 0.27906976744186046 0.31166912850812406 0.042283298097251586
2 0.5974889217134417 0.4693446088794926 0.19940915805022155 0.02536997885835095
1 0.8670605612998523 0.8171247357293869 0.011816838995568686 0.019027484143763214
0 0.7939438700147711 0.9291754756871036 0.1432791728212703 0.02748414376321353
8 0.5590841949778435 0.9291754756871036 0.14032496307237813 0.02748414376321353
6 0.28064992614475626 0.9302325581395349 0.17429837518463812 0.02536997885835095
9 0.09970457902511078 0.8308668076109936 0.028064992614475627 0.3382663847780127
3 0.8257016248153619 0.46617336152219874 0.14180206794682423 0.02748414376321353
4 0.880354505169867 0.36152219873150104 0.029542097488921712 0.021141649048625793
4 0.7348596750369276 0.3657505285412262 0.0310192023633678 0.016913319238900635
4 0.5627769571639586 0.3689217758985201 0.12703101920236337 0.023255813953488372
5 0.6654357459379616 0.5634249471458774 0.3205317577548006 0.023255813953488372
5 0.6322008862629247 0.642706131078224 0.25997045790251105 0.02536997885835095
5 0.5561299852289513 0.6892177589852009 0.09896602658788774 0.021141649048625793
