7 0.31785714285714284 0.28784860557768926 0.2814285714285714 0.029880478087649404
2 0.6192857142857143 0.48306772908366535 0.1957142857142857 0.021912350597609563
1 0.865 0.8386454183266933 0.012857142857142857 0.0199203187250996
0 0.7771428571428571 0.9392430278884463 0.13714285714285715 0.025896414342629483
8 0.5614285714285714 0.9322709163346613 0.15142857142857144 0.0398406374501992
6 0.2714285714285714 0.9332669322709163 0.18285714285714286 0.025896414342629483
9 0.08714285714285715 0.7758964143426295 0.02857142857142857 0.3286852589641434
3 0.85 0.4860557768924303 0.15142857142857144 0.027888446215139442
4 0.6385714285714286 0.3834661354581673 0.2257142857142857 0.021912350597609563
5 0.6757142857142857 0.5856573705179283 0.3142857142857143 0.0199203187250996
5 0.5528571428571428 0.6384462151394422 0.06571428571428571 0.017928286852589643
5 0.6828571428571428 0.6902390438247012 0.32857142857142857 0.029880478087649404
5 0.5571428571428572 0.7370517928286853 0.07142857142857142 0.0199203187250996
