7 0.3464285714285714 0.2752016129032258 0.30428571428571427 0.018145161290322582
2 0.6121428571428571 0.47076612903225806 0.15571428571428572 0.02620967741935484
1 0.8807142857142857 0.8225806451612904 0.027142857142857142 0.020161290322580645
0 0.7921428571428571 0.9223790322580645 0.13857142857142857 0.02620967741935484
8 0.5678571428571428 0.9223790322580645 0.13857142857142857 0.02620967741935484
6 0.26785714285714285 0.9122983870967742 0.15285714285714286 0.02217741935483871
9 0.09571428571428571 0.7963709677419355 0.02857142857142857 0.3346774193548387
3 0.8357142857142857 0.47580645161290325 0.10857142857142857 0.024193548387096774
4 0.6414285714285715 0.37600806451612906 0.21714285714285714 0.02217741935483871
5 0.655 0.5725806451612904 0.2557142857142857 0.020161290322580645
5 0.5885714285714285 0.6189516129032258 0.12 0.024193548387096774
5 0.675 0.6693548387096774 0.2814285714285714 0.020161290322580645
5 0.5642857142857143 0.719758064516129 0.06857142857142857 0.020161290322580645
