7 0.29860302677532014 0.27906976744186046 0.26658905704307334 0.02146690518783542
2 0.6129220023282888 0.47048300536672627 0.20838183934807916 0.028622540250447227
1 0.8713620488940629 0.8193202146690519 0.010477299185098952 0.017889087656529516
0 0.7968568102444703 0.9293381037567084 0.1478463329452852 0.026833631484794274
8 0.5582072176949942 0.9275491949910555 0.12223515715948778 0.026833631484794274
6 0.2910360884749709 0.924865831842576 0.16065192083818394 0.025044722719141325
9 0.0989522700814901 0.7674418604651163 0.027939464493597205 0.3434704830053667
3 0.8218859138533178 0.47227191413237923 0.12572759022118743 0.028622540250447227
4 0.5669383003492433 0.3694096601073345 0.11175785797438882 0.023255813953488372
4 0.7479627473806753 0.3756708407871199 0.03143189755529686 0.017889087656529516
4 0.8847497089639115 0.3738819320214669 0.023282887077997673 0.02146690518783542
5 0.6641443538998836 0.5652951699463328 0.3061699650756694 0.025044722719141325
5 0.6356228172293364 0.6493738819320215 0.25378346915017463 0.02146690518783542
5 0.5442374854481956 0.6869409660107334 0.06635622817229336 0.02146690518783542
