7 0.3157142857142857 0.27474747474747474 0.2542857142857143 0.028282828282828285
2 0.6228571428571429 0.4717171717171717 0.19714285714285715 0.022222222222222223
1 0.8578571428571429 0.8212121212121212 0.01 0.014141414141414142
0 0.7835714285714286 0.9222222222222223 0.15285714285714286 0.026262626262626262
8 0.5535714285714286 0.9141414141414141 0.13857142857142857 0.030303030303030304
6 0.25642857142857145 0.907070707070707 0.15285714285714286 0.024242424242424242
9 0.085 0.7494949494949495 0.032857142857142856 0.36767676767676766
3 0.835 0.4777777777777778 0.13857142857142857 0.030303030303030304
4 0.6357142857142857 0.3747474747474748 0.2257142857142857 0.022222222222222223
5 0.6285714285714286 0.5676767676767677 0.21428571428571427 0.020202020202020204
5 0.5492857142857143 0.6181818181818182 0.055714285714285716 0.020202020202020204
5 0.6321428571428571 0.6666666666666666 0.22714285714285715 0.020202020202020204
5 0.585 0.7161616161616161 0.12714285714285714 0.01818181818181818
