7 0.3414285714285714 0.27281947261663286 0.3142857142857143 0.02231237322515213
2 0.6307142857142857 0.4726166328600406 0.21285714285714286 0.02434077079107505
1 0.8535714285714285 0.8225152129817445 0.01 0.018255578093306288
0 0.7878571428571428 0.920892494929006 0.15285714285714286 0.028397565922920892
8 0.5592857142857143 0.9178498985801217 0.15 0.030425963488843813
6 0.2621428571428571 0.90973630831643 0.17 0.02636916835699797
9 0.08357142857142857 0.7657200811359026 0.03 0.3509127789046653
3 0.8257142857142857 0.48073022312373226 0.12285714285714286 0.032454361054766734
4 0.6257142857142857 0.37322515212981744 0.20285714285714285 0.02028397565922921
5 0.6221428571428571 0.5699797160243407 0.2042857142857143 0.02434077079107505
5 0.5528571428571428 0.6186612576064908 0.06857142857142857 0.02028397565922921
5 0.6264285714285714 0.6673427991886409 0.21285714285714286 0.02028397565922921
5 0.55 0.7190669371196755 0.06285714285714286 0.018255578093306288
