7 0.358294930875576 0.26943462897526504 0.3870967741935484 0.022968197879858657
2 0.5973502304147466 0.46466431095406363 0.173963133640553 0.024734982332155476
1 0.881336405529954 0.8180212014134276 0.020737327188940093 0.0176678445229682
0 0.7845622119815668 0.9293286219081273 0.12442396313364056 0.024734982332155476
8 0.5581797235023042 0.9249116607773852 0.13248847926267282 0.030035335689045935
6 0.28513824884792627 0.9169611307420494 0.16013824884792627 0.024734982332155476
9 0.11059907834101383 0.7756183745583038 0.03456221198156682 0.3568904593639576
3 0.8283410138248848 0.46819787985865724 0.12442396313364056 0.024734982332155476
4 0.5702764976958525 0.3666077738515901 0.11059907834101383 0.022968197879858657
4 0.7540322580645161 0.3710247349823322 0.03571428571428571 0.02120141342756184
4 0.8911290322580645 0.37190812720848054 0.019585253456221197 0.015901060070671377
5 0.6912442396313364 0.5618374558303887 0.35944700460829493 0.02120141342756184
5 0.668778801843318 0.6448763250883393 0.3029953917050691 0.02120141342756184
