7 0.344903988183161 0.279317697228145 0.32644017725258495 0.021321961620469083
2 0.6189069423929099 0.47547974413646055 0.20088626292466766 0.0255863539445629
1 0.8862629246676514 0.8336886993603412 0.011816838995568686 0.021321961620469083
0 0.8116691285081241 0.9402985074626866 0.1432791728212703 0.0255863539445629
8 0.5886262924667651 0.94136460554371 0.15805022156573117 0.031982942430703626
6 0.29542097488921715 0.9392324093816631 0.15657311669128507 0.023454157782515993
9 0.11152141802067947 0.7803837953091685 0.028064992614475627 0.3368869936034115
3 0.8471196454948301 0.47761194029850745 0.1432791728212703 0.0255863539445629
4 0.7621861152141802 0.3816631130063966 0.03249630723781388 0.017057569296375266
4 0.5753323485967504 0.3773987206823028 0.10487444608567208 0.021321961620469083
4 0.8988183161004432 0.3816631130063966 0.028064992614475627 0.017057569296375266
5 0.6669128508124077 0.5746268656716418 0.29098966026587886 0.019189765458422176
5 0.6935007385524372 0.6609808102345416 0.33825701624815363 0.0255863539445629
