7 0.32 0.2661795407098121 0.31142857142857144 0.022964509394572025
2 0.5764285714285714 0.4498956158663883 0.1957142857142857 0.027139874739039668
1 0.8528571428571429 0.8016701461377871 0.011428571428571429 0.020876826722338204
0 0.7942857142857143 0.9008350730688935 0.14 0.027139874739039668
8 0.5585714285714286 0.9008350730688935 0.13714285714285715 0.027139874739039668
6 0.27285714285714285 0.9029227557411273 0.15428571428571428 0.022964509394572025
9 0.095 0.7463465553235908 0.032857142857142856 0.3987473903966597
3 0.8078571428571428 0.4498956158663883 0.14714285714285713 0.027139874739039668
4 0.5792857142857143 0.3465553235908142 0.2042857142857143 0.020876826722338204
5 0.6292857142857143 0.5469728601252609 0.2985714285714286 0.020876826722338204
5 0.5157142857142857 0.5970772442588727 0.06857142857142857 0.020876826722338204
5 0.6142857142857143 0.6471816283924844 0.2714285714285714 0.025052192066805846
5 0.5178571428571429 0.697286012526096 0.08428571428571428 0.020876826722338204
