7 0.30714285714285716 0.27256637168141595 0.26904761904761904 0.021238938053097345
2 0.6053571428571428 0.46991150442477875 0.1773809523809524 0.023008849557522124
1 0.8803571428571428 0.8221238938053097 0.010714285714285714 0.019469026548672566
0 0.8077380952380953 0.9292035398230089 0.1488095238095238 0.02831858407079646
8 0.5779761904761904 0.9176991150442478 0.15119047619047618 0.04070796460176991
6 0.2869047619047619 0.9176991150442478 0.14047619047619048 0.023008849557522124
9 0.09821428571428571 0.7955752212389381 0.02738095238095238 0.3380530973451327
3 0.8339285714285715 0.4743362831858407 0.12738095238095237 0.02831858407079646
4 0.7666666666666667 0.3752212389380531 0.04523809523809524 0.017699115044247787
4 0.9005952380952381 0.3769911504424779 0.025 0.017699115044247787
4 0.5815476190476191 0.37079646017699114 0.125 0.023008849557522124
5 0.6422619047619048 0.5654867256637168 0.24642857142857144 0.023008849557522124
5 0.6571428571428571 0.647787610619469 0.2833333333333333 0.024778761061946902
5 0.5803571428571429 0.684070796460177 0.12261904761904761 0.023008849557522124
