7 0.28191489361702127 0.26433691756272404 0.2186761229314421 0.01971326164874552
2 0.6063829787234043 0.4551971326164875 0.17966903073286053 0.025089605734767026
1 0.8882978723404256 0.803763440860215 0.013002364066193853 0.023297491039426525
0 0.8108747044917257 0.9130824372759857 0.13711583924349882 0.026881720430107527
8 0.5756501182033097 0.9139784946236559 0.12293144208037825 0.025089605734767026
6 0.3055555555555556 0.9139784946236559 0.16430260047281323 0.025089605734767026
9 0.1111111111111111 0.8198924731182796 0.028368794326241134 0.3602150537634409
3 0.8451536643026005 0.45161290322580644 0.13947990543735225 0.02867383512544803
4 0.5780141843971631 0.35663082437275984 0.11347517730496454 0.021505376344086023
4 0.7606382978723404 0.35663082437275984 0.031914893617021274 0.017921146953405017
4 0.9001182033096927 0.35663082437275984 0.022458628841607566 0.017921146953405017
5 0.6501182033096927 0.5510752688172043 0.26004728132387706 0.01971326164874552
5 0.6637115839243499 0.6344086021505376 0.28250591016548465 0.021505376344086023
