7 0.38107098381070986 0.2619047619047619 0.43337484433374845 0.021346469622331693
2 0.6170610211706102 0.4540229885057471 0.22042341220423411 0.027914614121510674
1 0.8735990037359901 0.8004926108374384 0.0112079701120797 0.0180623973727422
0 0.8063511830635118 0.9064039408866995 0.1581569115815691 0.026272577996715927
8 0.5797011207970112 0.9014778325123153 0.1581569115815691 0.029556650246305417
6 0.29950186799501866 0.9014778325123153 0.17310087173100872 0.022988505747126436
9 0.10273972602739725 0.819376026272578 0.028642590286425903 0.3021346469622332
3 0.8337484433374844 0.45648604269293924 0.1581569115815691 0.026272577996715927
4 0.574719800747198 0.3555008210180624 0.1307596513075965 0.021346469622331693
4 0.75093399750934 0.35960591133004927 0.039850560398505604 0.019704433497536946
4 0.8835616438356164 0.35960591133004927 0.026151930261519303 0.016420361247947456
5 0.6830635118306351 0.5492610837438424 0.33997509339975096 0.0180623973727422
5 0.5516811955168119 0.5870279146141215 0.07970112079701121 0.0180623973727422
5 0.6587795765877957 0.6297208538587848 0.29638854296388545 0.0180623973727422
5 0.5722291407222914 0.6683087027914614 0.11581569115815692 0.019704433497536946
