7 0.34335981838819524 0.26151315789473684 0.3076049943246311 0.019736842105263157
2 0.6072644721906924 0.4350328947368421 0.170261066969353 0.02138157894736842
1 0.8785471055618616 0.7557565789473685 0.009080590238365494 0.014802631578947368
0 0.8013620885357549 0.8585526315789473 0.13166855845629966 0.02631578947368421
8 0.5851305334846765 0.8511513157894737 0.14188422247446084 0.03782894736842105
6 0.31611804767309876 0.8585526315789473 0.15777525539160045 0.023026315789473683
9 0.12372304199772985 0.7294407894736842 0.02724177071509648 0.31743421052631576
3 0.825766174801362 0.43667763157894735 0.12145289443813848 0.024671052631578948
4 0.5788876276958003 0.34539473684210525 0.10896708286038592 0.019736842105263157
4 0.761066969353008 0.34375 0.039727582292849034 0.019736842105263157
4 0.8916004540295119 0.34375 0.02383654937570942 0.019736842105263157
5 0.6799091940976163 0.5254934210526315 0.31101021566401815 0.018092105263157895
5 0.5749148694665154 0.5592105263157895 0.09194097616345062 0.019736842105263157
5 0.6498297389330306 0.600328947368421 0.24858115777525538 0.019736842105263157
5 0.5777525539160046 0.6381578947368421 0.10896708286038592 0.019736842105263157
