7 0.32512953367875647 0.2959558823529412 0.2823834196891192 0.04779411764705882
2 0.633419689119171 0.47794117647058826 0.21502590673575128 0.03676470588235294
1 0.8613989637305699 0.8345588235294118 0.012953367875647668 0.029411764705882353
0 0.8367875647668394 0.4852941176470588 0.12953367875647667 0.022058823529411766
8 0.025906735751295335 1.119485294117647 0.05699481865284974 0.21691176470588236
6 0.24870466321243523 0.9301470588235294 0.13989637305699482 0.022058823529411766
9 0.12694300518134716 0.12683823529411764 0.25906735751295334 0.04044117647058824
3 0.025906735751295335 0.8014705882352942 0.05699481865284974 0.21323529411764705
4 0.633419689119171 0.3805147058823529 0.21502590673575128 0.01838235294117647
5 0.6515544041450777 0.5827205882352942 0.25647668393782386 0.01838235294117647
5 0.5569948186528497 0.6323529411764706 0.06217616580310881 0.022058823529411766
5 0.6748704663212435 0.6875 0.3082901554404145 0.022058823529411766
5 0.5531088082901554 0.7334558823529411 0.06476683937823834 0.01838235294117647
