7 0.3420138888888889 0.27943760984182775 0.34375 0.0210896309314587
2 0.6053240740740741 0.4780316344463972 0.18981481481481483 0.02460456942003515
1 0.8663194444444444 0.8260105448154658 0.017361111111111112 0.028119507908611598
0 0.7980324074074074 0.9332161687170475 0.14699074074074073 0.028119507908611598
8 0.5613425925925926 0.9305799648506151 0.13657407407407407 0.026362038664323375
6 0.2916666666666667 0.9191564147627417 0.1574074074074074 0.02460456942003515
9 0.11168981481481481 0.7829525483304042 0.03125 0.3532513181019332
3 0.8223379629629629 0.4850615114235501 0.12384259259259259 0.02460456942003515
4 0.5694444444444444 0.38137082601054484 0.11342592592592593 0.02460456942003515
4 0.75 0.38576449912126537 0.034722222222222224 0.019332161687170474
4 0.8929398148148148 0.3875219683655536 0.028935185185185185 0.022847100175746926
5 0.6394675925925926 0.5746924428822495 0.2534722222222222 0.0210896309314587
5 0.5711805555555556 0.6115992970123023 0.11226851851851852 0.0210896309314587
5 0.6880787037037037 0.6537785588752196 0.3414351851851852 0.0210896309314587
