7 0.3171428571428571 0.25571725571725573 0.22857142857142856 0.02079002079002079
2 0.63 0.4604989604989605 0.1742857142857143 0.02286902286902287
1 0.8928571428571429 0.818087318087318 0.011428571428571429 0.018711018711018712
0 0.8078571428571428 0.9303534303534303 0.13857142857142857 0.031185031185031187
8 0.5771428571428572 0.9230769230769231 0.14 0.02494802494802495
6 0.27714285714285714 0.91995841995842 0.1657142857142857 0.02702702702702703
9 0.08714285714285715 0.7432432432432432 0.03428571428571429 0.3970893970893971
3 0.8607142857142858 0.46673596673596673 0.13857142857142857 0.02702702702702703
4 0.6307142857142857 0.3575883575883576 0.18142857142857144 0.02079002079002079
5 0.695 0.5623700623700624 0.31 0.02286902286902287
5 0.7078571428571429 0.6663201663201663 0.3385714285714286 0.02286902286902287
5 0.5864285714285714 0.7151767151767152 0.08714285714285715 0.02079002079002079
