7 0.33880597014925373 0.25583864118895966 0.3253731343283582 0.02335456475583864
2 0.6328358208955224 0.45222929936305734 0.22388059701492538 0.029723991507430998
1 0.8902985074626866 0.807855626326964 0.010447761194029851 0.01910828025477707
0 0.8194029850746268 0.9171974522292994 0.16119402985074627 0.029723991507430998
8 0.5873134328358209 0.916135881104034 0.14477611940298507 0.027600849256900213
6 0.31044776119402984 0.9118895966029724 0.1761194029850746 0.027600849256900213
9 0.11119402985074626 0.8110403397027601 0.03134328358208955 0.37791932059447986
3 0.8477611940298507 0.4554140127388535 0.14328358208955225 0.027600849256900213
4 0.5917910447761194 0.3535031847133758 0.12985074626865672 0.02335456475583864
4 0.7656716417910447 0.35562632696390656 0.03582089552238806 0.014861995753715499
4 0.9111940298507463 0.35774946921443734 0.034328358208955224 0.02335456475583864
5 0.6828358208955224 0.5498938428874734 0.3119402985074627 0.021231422505307854
5 0.6694029850746268 0.6326963906581741 0.27611940298507465 0.025477707006369428
5 0.5664179104477612 0.6698513800424628 0.0791044776119403 0.02335456475583864
