7 0.31892697466467956 0.28361344537815125 0.35469448584202684 0.02100840336134454
2 0.5886736214605067 0.4737394957983193 0.20566318926974664 0.023109243697478993
1 0.8658718330849479 0.8214285714285714 0.026825633383010434 0.02100840336134454
0 0.7816691505216096 0.9327731092436975 0.14157973174366617 0.029411764705882353
8 0.5506706408345753 0.9285714285714286 0.14456035767511177 0.029411764705882353
6 0.27123695976154993 0.9254201680672269 0.15797317436661698 0.023109243697478993
9 0.09016393442622951 0.8308823529411765 0.028315946348733235 0.3382352941176471
3 0.8181818181818182 0.4726890756302521 0.14605067064083457 0.025210084033613446
4 0.5625931445603577 0.37289915966386555 0.12965722801788376 0.023109243697478993
4 0.7391952309985097 0.3760504201680672 0.038748137108792845 0.02100840336134454
4 0.8733233979135618 0.3707983193277311 0.02384500745156483 0.0273109243697479
5 0.6706408345752608 0.5735294117647058 0.36065573770491804 0.02100840336134454
5 0.643070044709389 0.6512605042016807 0.293591654247392 0.02100840336134454
5 0.5499254843517138 0.6890756302521008 0.10134128166915052 0.02100840336134454
