7 0.2571428571428571 0.267223382045929 0.18285714285714286 0.020876826722338204
2 0.5764285714285714 0.4488517745302714 0.1957142857142857 0.025052192066805846
1 0.8535714285714285 0.8016701461377871 0.01 0.020876826722338204
0 0.7964285714285714 0.9008350730688935 0.13857142857142857 0.027139874739039668
8 0.5607142857142857 0.9008350730688935 0.13857142857142857 0.027139874739039668
6 0.2742857142857143 0.9029227557411273 0.15428571428571428 0.022964509394572025
9 0.09214285714285714 0.7484342379958246 0.041428571428571426 0.40292275574112735
3 0.8128571428571428 0.4498956158663883 0.13714285714285715 0.027139874739039668
4 0.5871428571428572 0.3475991649269311 0.21714285714285714 0.022964509394572025
5 0.6442857142857142 0.5469728601252609 0.32857142857142857 0.020876826722338204
5 0.5085714285714286 0.5970772442588727 0.05714285714285714 0.020876826722338204
5 0.6664285714285715 0.6471816283924844 0.37285714285714283 0.025052192066805846
5 0.5278571428571428 0.697286012526096 0.09857142857142857 0.020876826722338204
