7 0.33601756954612005 0.28615702479338845 0.31478770131771594 0.01859504132231405
2 0.6200585651537335 0.4793388429752066 0.2005856515373353 0.03305785123966942
1 0.883601756954612 0.8212809917355371 0.010248901903367497 0.01859504132231405
0 0.7972181551976574 0.9266528925619835 0.1273792093704246 0.022727272727272728
8 0.5732064421669106 0.9276859504132231 0.1273792093704246 0.024793388429752067
6 0.29502196193265007 0.9266528925619835 0.15666178623718888 0.022727272727272728
9 0.11566617862371889 0.7985537190082644 0.029282576866764276 0.3409090909090909
3 0.842606149341142 0.4793388429752066 0.14202049780380674 0.028925619834710745
4 0.7569546120058566 0.381198347107438 0.032210834553440704 0.01859504132231405
4 0.575402635431918 0.378099173553719 0.10248901903367497 0.02066115702479339
4 0.8997071742313324 0.381198347107438 0.021961932650073207 0.014462809917355372
5 0.6515373352855052 0.5723140495867769 0.2547584187408492 0.01652892561983471
5 0.5505124450951684 0.6115702479338843 0.055636896046852125 0.02066115702479339
5 0.6522693997071742 0.6508264462809917 0.26207906295754024 0.02066115702479339
5 0.5732064421669106 0.6900826446280992 0.09809663250366032 0.02066115702479339
