7 0.3364285714285714 0.27281947261663286 0.31 0.030425963488843813
2 0.6042857142857143 0.46754563894523327 0.15714285714285714 0.02231237322515213
1 0.8678571428571429 0.8123732251521298 0.01 0.018255578093306288
0 0.7871428571428571 0.9107505070993914 0.14 0.02434077079107505
8 0.5642857142857143 0.9168356997971603 0.13714285714285715 0.028397565922920892
6 0.2542857142857143 0.9127789046653144 0.13714285714285715 0.02028397565922921
9 0.09571428571428571 0.7626774847870182 0.03142857142857143 0.35294117647058826
3 0.8307142857142857 0.46754563894523327 0.11 0.030425963488843813
4 0.6285714285714286 0.36815415821501013 0.20285714285714285 0.02231237322515213
5 0.66 0.5679513184584178 0.26571428571428574 0.02028397565922921
5 0.5842857142857143 0.6146044624746451 0.11142857142857143 0.02028397565922921
5 0.6821428571428572 0.6663286004056795 0.30428571428571427 0.02231237322515213
5 0.5557142857142857 0.716024340770791 0.054285714285714284 0.02028397565922921
10 0.5957142857142858 0.8113590263691683 0.12571428571428572 0.02434077079107505
