7 0.3333333333333333 0.25467775467775466 0.2874074074074074 0.018711018711018712
2 0.6296296296296297 0.45426195426195426 0.20148148148148148 0.02286902286902287
1 0.8614814814814815 0.8118503118503119 0.01037037037037037 0.014553014553014554
0 0.8 0.9074844074844075 0.14222222222222222 0.031185031185031187
8 0.5614814814814815 0.9022869022869023 0.14222222222222222 0.02494802494802495
6 0.3 0.896049896049896 0.17629629629629628 0.02494802494802495
9 0.09407407407407407 0.7453222453222453 0.03111111111111111 0.3596673596673597
3 0.8392592592592593 0.45634095634095634 0.1288888888888889 0.035343035343035345
4 0.6570370370370371 0.35654885654885654 0.2474074074074074 0.02286902286902287
5 0.6807407407407408 0.5550935550935551 0.30962962962962964 0.02079002079002079
5 0.582962962962963 0.6029106029106029 0.11703703703703704 0.02079002079002079
5 0.6644444444444444 0.6548856548856549 0.277037037037037 0.02079002079002079
