7 0.3242857142857143 0.2858565737051793 0.29428571428571426 0.029880478087649404
2 0.62 0.4810756972111554 0.19428571428571428 0.021912350597609563
1 0.8657142857142858 0.8366533864541833 0.014285714285714285 0.0199203187250996
0 0.78 0.9372509960159362 0.14 0.025896414342629483
8 0.5628571428571428 0.9352589641434262 0.15142857142857144 0.029880478087649404
6 0.27214285714285713 0.9312749003984063 0.18142857142857144 0.025896414342629483
9 0.08857142857142856 0.7749003984063745 0.02857142857142857 0.33067729083665337
3 0.85 0.48406374501992033 0.15428571428571428 0.027888446215139442
4 0.6407142857142857 0.38247011952191234 0.22428571428571428 0.02390438247011952
5 0.6778571428571428 0.5876494023904383 0.31 0.027888446215139442
5 0.55 0.6364541832669323 0.054285714285714284 0.017928286852589643
5 0.6757142857142857 0.6852589641434262 0.3142857142857143 0.02390438247011952
5 0.565 0.7350597609561753 0.08142857142857143 0.0199203187250996
