7 0.3410104011887073 0.2651356993736952 0.3224368499257058 0.020876826722338204
2 0.6315007429420505 0.4603340292275574 0.22585438335809807 0.027139874739039668
1 0.8803863298662704 0.8121085594989561 0.010401188707280832 0.020876826722338204
0 0.812035661218425 0.9196242171189979 0.1589895988112927 0.027139874739039668
8 0.5861812778603269 0.9164926931106472 0.1589895988112927 0.029227557411273485
6 0.30089153046062406 0.9081419624217119 0.17682020802377416 0.025052192066805846
9 0.09806835066864784 0.7818371607515657 0.029717682020802376 0.3444676409185804
3 0.8476968796433878 0.46764091858037576 0.14413075780089152 0.029227557411273485
4 0.5898959881129272 0.3663883089770355 0.1277860326894502 0.027139874739039668
4 0.7615156017830609 0.3663883089770355 0.031203566121842496 0.018789144050104383
4 0.9063893016344725 0.3705636743215031 0.02674591381872214 0.018789144050104383
5 0.6575037147102526 0.558455114822547 0.27191679049034173 0.022964509394572025
5 0.6790490341753344 0.6356993736951984 0.32392273402674593 0.022964509394572025
