7 0.30549199084668194 0.25989208633093525 0.2585812356979405 0.019784172661870502
2 0.618421052631579 0.4550359712230216 0.2048054919908467 0.02877697841726619
1 0.8890160183066361 0.8111510791366906 0.011441647597254004 0.02158273381294964
0 0.801487414187643 0.9217625899280576 0.13386727688787187 0.02697841726618705
8 0.5783752860411899 0.920863309352518 0.14302059496567507 0.02877697841726619
6 0.3037757437070938 0.9226618705035972 0.15903890160183065 0.025179856115107913
9 0.10411899313501144 0.7841726618705036 0.034324942791762014 0.3597122302158273
3 0.8415331807780321 0.45323741007194246 0.13386727688787187 0.02877697841726619
4 0.7517162471395881 0.35251798561151076 0.029748283752860413 0.017985611510791366
4 0.8975972540045767 0.3516187050359712 0.019450800915331808 0.019784172661870502
4 0.5795194508009154 0.3498201438848921 0.12242562929061784 0.023381294964028777
5 0.6687643020594966 0.5512589928057554 0.2963386727688787 0.023381294964028777
5 0.5560640732265446 0.5926258992805755 0.07093821510297482 0.023381294964028777
5 0.6504576659038902 0.637589928057554 0.2597254004576659 0.019784172661870502
5 0.566933638443936 0.6780575539568345 0.08123569794050343 0.02158273381294964
