7 0.33480825958702065 0.27824267782426776 0.3333333333333333 0.02092050209205021
2 0.6216814159292036 0.4696652719665272 0.22271386430678466 0.027196652719665274
1 0.8812684365781711 0.8169456066945606 0.01327433628318584 0.01882845188284519
0 0.8134218289085545 0.9257322175732218 0.15781710914454278 0.03138075313807531
8 0.5722713864306784 0.9246861924686193 0.14454277286135694 0.02510460251046025
6 0.30678466076696165 0.9257322175732218 0.1887905604719764 0.027196652719665274
9 0.09660766961651918 0.7761506276150628 0.028023598820058997 0.30962343096234307
3 0.8325958702064897 0.4696652719665272 0.1430678466076696 0.027196652719665274
4 0.5803834808259587 0.37552301255230125 0.12831858407079647 0.02301255230125523
4 0.7632743362831859 0.3713389121338912 0.05457227138643068 0.01882845188284519
4 0.8923303834808259 0.3702928870292887 0.02654867256637168 0.02092050209205021
5 0.665929203539823 0.5648535564853556 0.2994100294985251 0.02510460251046025
5 0.556047197640118 0.6056485355648535 0.07669616519174041 0.02301255230125523
5 0.6533923303834809 0.6401673640167364 0.28023598820059 0.029288702928870293
5 0.5641592920353983 0.6830543933054394 0.09587020648967552 0.02301255230125523
