7 0.3224679860302678 0.276386404293381 0.3189755529685681 0.026833631484794274
2 0.6117578579743889 0.47048300536672627 0.20838183934807916 0.028622540250447227
1 0.870197904540163 0.8202146690518783 0.010477299185098952 0.01967799642218247
0 0.7962747380675204 0.924865831842576 0.14668218859138532 0.03577817531305903
8 0.5576251455180442 0.9275491949910555 0.12339930151338765 0.026833631484794274
6 0.29161816065192087 0.924865831842576 0.16181606519208383 0.025044722719141325
9 0.09778812572759023 0.7674418604651163 0.027939464493597205 0.3434704830053667
3 0.8207217694994179 0.4731663685152057 0.12572759022118743 0.026833631484794274
4 0.5669383003492433 0.3694096601073345 0.11175785797438882 0.023255813953488372
4 0.7532013969732246 0.3756708407871199 0.04423748544819558 0.017889087656529516
4 0.8835855646100116 0.3738819320214669 0.025611175785797437 0.02146690518783542
5 0.6623981373690337 0.5670840787119857 0.3073341094295693 0.02146690518783542
5 0.6612339930151339 0.6493738819320215 0.3050058207217695 0.02146690518783542
5 0.570430733410943 0.6869409660107334 0.12339930151338765 0.02146690518783542
