7 0.32392273402674593 0.28661087866108786 0.32689450222882616 0.02092050209205021
2 0.6203566121842496 0.47489539748953974 0.22436849925705796 0.02510460251046025
1 0.8707280832095097 0.8232217573221757 0.014858841010401188 0.02301255230125523
0 0.7927191679049034 0.9299163179916318 0.14413075780089152 0.03138075313807531
8 0.563150074294205 0.9299163179916318 0.14561664190193166 0.0397489539748954
6 0.28306092124814264 0.9320083682008368 0.1589895988112927 0.02301255230125523
9 0.09658246656760773 0.8023012552301255 0.02674591381872214 0.3075313807531381
3 0.8313521545319466 0.47594142259414224 0.14413075780089152 0.027196652719665274
4 0.5683506686478454 0.38493723849372385 0.11441307578008915 0.029288702928870293
4 0.7511144130757801 0.3797071129707113 0.03714710252600297 0.01882845188284519
4 0.887815750371471 0.3776150627615063 0.022288261515601784 0.01882845188284519
5 0.6471025260029718 0.5711297071129707 0.27191679049034173 0.02092050209205021
5 0.5609212481426449 0.6077405857740585 0.1025260029717682 0.03138075313807531
5 0.6604754829123328 0.6527196652719666 0.29569093610698366 0.02092050209205021
10 0.5884101040118871 0.8138075313807531 0.1575037147102526 0.04184100418410042
