7 0.2895662368112544 0.2863636363636364 0.20398593200468934 0.02
2 0.6289566236811255 0.4772727272727273 0.20984759671746775 0.02727272727272727
1 0.8845252051582649 0.8290909090909091 0.012895662368112544 0.02181818181818182
0 0.8012895662368112 0.94 0.1254396248534584 0.025454545454545455
8 0.5879249706916765 0.9418181818181818 0.1488862837045721 0.02909090909090909
6 0.3194607268464244 0.9418181818181818 0.17702227432590856 0.02909090909090909
9 0.11313012895662368 0.8190909090909091 0.026963657678780773 0.3618181818181818
3 0.8423212192262602 0.47454545454545455 0.1254396248534584 0.025454545454545455
4 0.7708089097303634 0.3781818181818182 0.04572098475967175 0.01818181818181818
4 0.5879249706916765 0.3781818181818182 0.11137162954279015 0.02181818181818182
4 0.9032825322391559 0.37545454545454543 0.01992966002344666 0.02
5 0.6688159437280188 0.5763636363636364 0.2825322391559203 0.02181818181818182
5 0.5720984759671747 0.6181818181818182 0.08909730363423213 0.02181818181818182
5 0.6588511137162955 0.6581818181818182 0.26260257913247365 0.02181818181818182
5 0.5621336459554513 0.6981818181818182 0.06916764361078546 0.02181818181818182
