7 0.3062130177514793 0.23517382413087934 0.29289940828402367 0.02044989775051125
2 0.6013313609467456 0.4222903885480573 0.20266272189349113 0.026584867075664622
1 0.867603550295858 0.7607361963190185 0.013313609467455622 0.016359918200409
0 0.790680473372781 0.8680981595092024 0.15532544378698224 0.026584867075664622
8 0.5650887573964497 0.8670756646216768 0.14201183431952663 0.024539877300613498
6 0.28328402366863903 0.8558282208588958 0.17899408284023668 0.034764826175869123
9 0.09763313609467456 0.712678936605317 0.029585798816568046 0.34151329243353784
3 0.8276627218934911 0.42535787321063395 0.14349112426035504 0.024539877300613498
4 0.5724852071005917 0.3261758691206544 0.12721893491124261 0.022494887525562373
4 0.7551775147928994 0.32719836400818 0.057692307692307696 0.02044989775051125
4 0.8846153846153846 0.3292433537832311 0.023668639053254437 0.016359918200409
5 0.643491124260355 0.5173824130879345 0.2781065088757396 0.02044989775051125
5 0.5244082840236687 0.5552147239263804 0.04585798816568047 0.018404907975460124
5 0.6383136094674556 0.5930470347648262 0.27662721893491127 0.02044989775051125
5 0.5584319526627219 0.630879345603272 0.11094674556213018 0.022494887525562373
