7 0.3008274231678487 0.26433691756272404 0.2541371158392435 0.01971326164874552
2 0.6069739952718676 0.4551971326164875 0.17848699763593381 0.025089605734767026
1 0.8877068557919622 0.803763440860215 0.014184397163120567 0.023297491039426525
0 0.8096926713947991 0.9139784946236559 0.13947990543735225 0.02867383512544803
8 0.5750591016548463 0.9139784946236559 0.12647754137115838 0.025089605734767026
6 0.3049645390070922 0.9139784946236559 0.16548463356973994 0.025089605734767026
9 0.1111111111111111 0.8198924731182796 0.028368794326241134 0.3602150537634409
3 0.8451536643026005 0.45161290322580644 0.13947990543735225 0.02867383512544803
4 0.5780141843971631 0.35663082437275984 0.11347517730496454 0.021505376344086023
4 0.7612293144208038 0.35663082437275984 0.03309692671394799 0.017921146953405017
4 0.900709219858156 0.3557347670250896 0.02364066193853428 0.016129032258064516
5 0.6028368794326241 0.5519713261648745 0.16548463356973994 0.017921146953405017
5 0.6761229314420804 0.6344086021505376 0.30969267139479906 0.021505376344086023
