7 0.3687628161312372 0.285451197053407 0.4354066985645933 0.020257826887661142
2 0.638755980861244 0.48020257826887663 0.23444976076555024 0.024861878453038673
1 0.8967874231032126 0.8232044198895028 0.01367053998632946 0.020257826887661142
0 0.8373205741626795 0.927255985267035 0.16678058783321942 0.03130755064456722
8 0.5861244019138756 0.9313996316758748 0.15379357484620643 0.0285451197053407
6 0.2761449077238551 0.934622467771639 0.14627477785372522 0.020257826887661142
9 0.08475734791524266 0.7785451197053407 0.032809295967190705 0.35451197053406996
3 0.8550922761449077 0.48296500920810315 0.14080656185919344 0.024861878453038673
4 0.5864661654135338 0.3830570902394107 0.13260423786739575 0.022099447513812154
4 0.7669172932330827 0.38443830570902393 0.032809295967190705 0.01565377532228361
4 0.9186602870813397 0.3816758747697974 0.03007518796992481 0.02117863720073665
5 0.6869446343130554 0.5759668508287292 0.32946001367054 0.019337016574585635
5 0.5789473684210527 0.6127992633517495 0.11893369788106631 0.026703499079189688
5 0.6862611073137389 0.6533149171270718 0.3308270676691729 0.024861878453038673
5 0.5727956254272044 0.6942909760589319 0.09979494190020506 0.022099447513812154
