7 0.29094076655052264 0.27925531914893614 0.25435540069686413 0.02304964539007092
2 0.6074332171893148 0.4725177304964539 0.19047619047619047 0.02304964539007092
1 0.8780487804878049 0.8262411347517731 0.009291521486643438 0.01773049645390071
0 0.8008130081300813 0.9406028368794326 0.13588850174216027 0.026595744680851064
8 0.5708478513356562 0.9370567375886525 0.14750290360046459 0.026595744680851064
6 0.2862950058072009 0.9361702127659575 0.15911730545876887 0.024822695035460994
9 0.10394889663182347 0.8306737588652482 0.026713124274099883 0.3421985815602837
3 0.8310104529616724 0.475177304964539 0.12427409988385599 0.024822695035460994
4 0.7572590011614402 0.37677304964539005 0.032520325203252036 0.015957446808510637
4 0.8989547038327527 0.37854609929078015 0.023228803716608595 0.01950354609929078
4 0.5789779326364692 0.3803191489361702 0.12195121951219512 0.03368794326241135
5 0.6138211382113821 0.5718085106382979 0.20092915214866433 0.01950354609929078
5 0.6736353077816493 0.6551418439716312 0.313588850174216 0.02304964539007092
5 0.5534262485481998 0.6932624113475178 0.07781649245063879 0.024822695035460994
