7 0.30547337278106507 0.23517382413087934 0.2943786982248521 0.02044989775051125
2 0.6013313609467456 0.4212678936605317 0.20266272189349113 0.024539877300613498
1 0.8742603550295858 0.7607361963190185 0.026627218934911243 0.02044989775051125
0 0.7899408284023669 0.8670756646216768 0.15680473372781065 0.028629856850715747
8 0.5658284023668639 0.8680981595092024 0.14349112426035504 0.026584867075664622
6 0.2869822485207101 0.8609406952965235 0.16863905325443787 0.024539877300613498
9 0.09763313609467456 0.7116564417177914 0.029585798816568046 0.3394683026584867
3 0.8276627218934911 0.42535787321063395 0.14349112426035504 0.024539877300613498
4 0.5710059171597633 0.3261758691206544 0.12721893491124261 0.022494887525562373
4 0.7470414201183432 0.32719836400818 0.04142011834319527 0.02044989775051125
4 0.8846153846153846 0.33026584867075665 0.023668639053254437 0.018404907975460124
5 0.6442307692307693 0.5173824130879345 0.27958579881656803 0.02044989775051125
5 0.5369822485207101 0.5552147239263804 0.06804733727810651 0.018404907975460124
5 0.6257396449704142 0.5940695296523517 0.2514792899408284 0.018404907975460124
5 0.5658284023668639 0.630879345603272 0.128698224852071 0.022494887525562373
