7 0.3578034682080925 0.23655913978494625 0.34566473988439306 0.021505376344086023
2 0.63121387283237 0.4381720430107527 0.20578034682080926 0.034050179211469536
1 0.8965317919075144 0.7903225806451613 0.008092485549132947 0.014336917562724014
0 0.8190751445086705 0.9005376344086021 0.14450867052023122 0.026881720430107527
8 0.5780346820809249 0.9014336917562724 0.13410404624277455 0.02867383512544803
6 0.3046242774566474 0.8987455197132617 0.14913294797687862 0.023297491039426525
9 0.11213872832369942 0.7939068100358423 0.027745664739884393 0.34408602150537637
3 0.8473988439306358 0.4327956989247312 0.12485549132947976 0.023297491039426525
4 0.5855491329479768 0.3342293906810036 0.10057803468208093 0.01971326164874552
4 0.776878612716763 0.33512544802867383 0.04393063583815029 0.017921146953405017
4 0.9138728323699422 0.3342293906810036 0.021965317919075144 0.01971326164874552
5 0.6705202312138728 0.5331541218637993 0.2774566473988439 0.01971326164874552
5 0.5595375722543353 0.5734767025089605 0.048554913294797684 0.021505376344086023
5 0.6826589595375723 0.6137992831541219 0.2971098265895954 0.023297491039426525
5 0.577456647398844 0.6559139784946236 0.09132947976878612 0.017921146953405017
