7 0.37 0.2748478701825558 0.3657142857142857 0.02231237322515213
2 0.6321428571428571 0.4746450304259635 0.21571428571428572 0.02434077079107505
1 0.8564285714285714 0.8245436105476673 0.01 0.014198782961460446
0 0.7892857142857143 0.9239350912778904 0.15285714285714286 0.030425963488843813
8 0.5614285714285714 0.9188640973630832 0.15428571428571428 0.028397565922920892
6 0.2642857142857143 0.9117647058823529 0.16857142857142857 0.02636916835699797
9 0.085 0.768762677484787 0.03 0.3488843813387424
3 0.8271428571428572 0.4827586206896552 0.12571428571428572 0.032454361054766734
4 0.625 0.3752535496957404 0.20142857142857143 0.02028397565922921
5 0.6242857142857143 0.5720081135902637 0.20285714285714285 0.02434077079107505
5 0.5707142857142857 0.6206896551724138 0.09857142857142857 0.02028397565922921
5 0.6214285714285714 0.6693711967545639 0.19714285714285715 0.02028397565922921
5 0.5828571428571429 0.7210953346855984 0.12571428571428572 0.018255578093306288
