7 0.32680901542111507 0.2580071174377224 0.29537366548042704 0.017793594306049824
2 0.6162514827995255 0.44928825622775803 0.17912218268090155 0.026690391459074734
1 0.900355871886121 0.791814946619217 0.011862396204033215 0.021352313167259787
0 0.8196915776986952 0.8994661921708185 0.1376037959667853 0.026690391459074734
8 0.5759193357058126 0.9039145907473309 0.1269276393831554 0.028469750889679714
6 0.304270462633452 0.9048042704626335 0.16488730723606168 0.026690391459074734
9 0.11506524317912219 0.8033807829181495 0.03558718861209965 0.39679715302491103
3 0.8540925266903915 0.44661921708185054 0.1376037959667853 0.028469750889679714
4 0.9157769869513642 0.3505338078291815 0.02609727164887307 0.021352313167259787
4 0.7704626334519573 0.3505338078291815 0.03202846975088968 0.017793594306049824
4 0.5806642941874258 0.35320284697508897 0.10320284697508897 0.019572953736654804
5 0.7111506524317912 0.6263345195729537 0.3499406880189798 0.021352313167259787
5 0.6559905100830368 0.5444839857651246 0.24673784104389088 0.021352313167259787
