7 0.3204172876304024 0.2857142857142857 0.35469448584202684 0.02100840336134454
2 0.5901639344262295 0.47584033613445376 0.20566318926974664 0.023109243697478993
1 0.8673621460506706 0.8235294117647058 0.026825633383010434 0.02100840336134454
0 0.7831594634873323 0.9348739495798319 0.14157973174366617 0.029411764705882353
8 0.5521609538002981 0.930672268907563 0.14456035767511177 0.029411764705882353
6 0.2727272727272727 0.9275210084033614 0.15797317436661698 0.023109243697478993
9 0.09165424739195231 0.832983193277311 0.028315946348733235 0.3382352941176471
3 0.819672131147541 0.47478991596638653 0.14605067064083457 0.025210084033613446
4 0.5640834575260805 0.375 0.12965722801788376 0.023109243697478993
4 0.7406855439642325 0.37815126050420167 0.038748137108792845 0.02100840336134454
4 0.8748137108792846 0.37289915966386555 0.02384500745156483 0.0273109243697479
5 0.6721311475409836 0.5756302521008403 0.36065573770491804 0.02100840336134454
5 0.6445603576751118 0.6533613445378151 0.293591654247392 0.02100840336134454
5 0.5514157973174366 0.6911764705882353 0.10134128166915052 0.02100840336134454
