7 0.35479041916167664 0.25961538461538464 0.3772455089820359 0.023504273504273504
2 0.6264970059880239 0.4583333333333333 0.22604790419161677 0.03205128205128205
1 0.8862275449101796 0.8162393162393162 0.011976047904191617 0.021367521367521368
0 0.812125748502994 0.9230769230769231 0.1601796407185629 0.029914529914529916
8 0.5770958083832335 0.9220085470085471 0.1601796407185629 0.027777777777777776
6 0.2964071856287425 0.9177350427350427 0.17664670658682635 0.027777777777777776
9 0.1092814371257485 0.7863247863247863 0.03592814371257485 0.3162393162393162
3 0.843562874251497 0.46047008547008544 0.14221556886227546 0.027777777777777776
4 0.5741017964071856 0.3557692307692308 0.11526946107784432 0.023504273504273504
4 0.7634730538922155 0.3611111111111111 0.04491017964071856 0.017094017094017096
4 0.9011976047904192 0.36004273504273504 0.023952095808383235 0.019230769230769232
5 0.6781437125748503 0.5534188034188035 0.3263473053892216 0.021367521367521368
5 0.6609281437125748 0.6367521367521367 0.28892215568862273 0.02564102564102564
5 0.5673652694610778 0.6730769230769231 0.09880239520958084 0.021367521367521368
