7 0.34044117647058825 0.2668067226890756 0.3338235294117647 0.02100840336134454
2 0.6110294117647059 0.4653361344537815 0.21911764705882353 0.031512605042016806
1 0.8595588235294118 0.8214285714285714 0.010294117647058823 0.02100840336134454
0 0.8102941176470588 0.9149159663865546 0.1588235294117647 0.03571428571428571
8 0.5727941176470588 0.9096638655462185 0.1426470588235294 0.025210084033613446
6 0.3044117647058823 0.9086134453781513 0.17352941176470588 0.0273109243697479
9 0.10735294117647058 0.8161764705882353 0.026470588235294117 0.296218487394958
3 0.8272058823529411 0.4653361344537815 0.1426470588235294 0.031512605042016806
4 0.6257352941176471 0.3644957983193277 0.24558823529411763 0.023109243697478993
5 0.6544117647058824 0.5588235294117647 0.28823529411764703 0.03361344537815126
5 0.5661764705882353 0.6113445378151261 0.11176470588235295 0.025210084033613446
5 0.6801470588235294 0.6722689075630253 0.33676470588235297 0.025210084033613446
