7 0.3171182266009852 0.2742230347349177 0.3091133004926108 0.021937842778793418
2 0.604064039408867 0.4616087751371115 0.20320197044334976 0.027422303473491772
1 0.8768472906403941 0.8025594149908593 0.012315270935960592 0.021937842778793418
0 0.8189655172413793 0.8939670932358318 0.15517241379310345 0.029250457038391225
8 0.5782019704433498 0.8939670932358318 0.1564039408866995 0.029250457038391225
6 0.2814039408866995 0.9003656307129799 0.17364532019704434 0.03473491773308958
9 0.09298029556650246 0.7851919561243145 0.03078817733990148 0.3235831809872029
3 0.8325123152709359 0.4616087751371115 0.13054187192118227 0.031078610603290677
4 0.6286945812807881 0.3647166361974406 0.25 0.02376599634369287
5 0.6674876847290641 0.5594149908592322 0.3226600985221675 0.021937842778793418
5 0.6280788177339901 0.6581352833638026 0.23645320197044334 0.021937842778793418
5 0.5683497536945813 0.7138939670932358 0.11945812807881774 0.02010968921389397
