7 0.36097852028639615 0.24358974358974358 0.3711217183770883 0.022222222222222223
2 0.6235083532219571 0.441025641025641 0.22792362768496421 0.03076923076923077
1 0.8621718377088305 0.8051282051282052 0.013126491646778043 0.020512820512820513
0 0.8144391408114559 0.8965811965811966 0.1515513126491647 0.02905982905982906
8 0.5889021479713604 0.8957264957264958 0.16348448687350836 0.03076923076923077
6 0.2971360381861575 0.8931623931623932 0.16706443914081145 0.02564102564102564
9 0.10083532219570406 0.8094017094017094 0.027446300715990454 0.3264957264957265
3 0.8418854415274463 0.44358974358974357 0.14916467780429593 0.02564102564102564
4 0.6145584725536993 0.3418803418803419 0.20763723150357996 0.020512820512820513
5 0.7034606205250596 0.5461538461538461 0.3711217183770883 0.022222222222222223
5 0.5596658711217184 0.5923076923076923 0.09069212410501193 0.022222222222222223
5 0.7076372315035799 0.6538461538461539 0.3818615751789976 0.022222222222222223
5 0.5644391408114559 0.705982905982906 0.10501193317422435 0.020512820512820513
