7 0.3072916666666667 0.26956521739130435 0.2951388888888889 0.017391304347826087
2 0.6180555555555556 0.46 0.2222222222222222 0.02608695652173913
1 0.8773148148148148 0.8078260869565217 0.009259259259259259 0.019130434782608695
0 0.7939814814814815 0.9173913043478261 0.13425925925925927 0.02608695652173913
8 0.5723379629629629 0.9130434782608695 0.14467592592592593 0.02782608695652174
6 0.28414351851851855 0.9095652173913044 0.15856481481481483 0.02434782608695652
9 0.10127314814814815 0.7808695652173913 0.03587962962962963 0.3652173913043478
3 0.8356481481481481 0.4643478260869565 0.14583333333333334 0.02782608695652174
4 0.5613425925925926 0.3634782608695652 0.1111111111111111 0.020869565217391306
4 0.7534722222222222 0.3652173913043478 0.037037037037037035 0.020869565217391306
4 0.8929398148148148 0.36695652173913046 0.024305555555555556 0.020869565217391306
5 0.6799768518518519 0.5582608695652174 0.3368055555555556 0.02434782608695652
5 0.5422453703703703 0.5991304347826087 0.061342592592592594 0.019130434782608695
5 0.6707175925925926 0.6391304347826087 0.3136574074074074 0.022608695652173914
5 0.5648148148148148 0.6765217391304348 0.09953703703703703 0.020869565217391306
