7 0.3316100443131462 0.28038379530916846 0.30280649926144754 0.019189765458422176
2 0.619645494830133 0.47547974413646055 0.19940915805022155 0.0255863539445629
1 0.8862629246676514 0.8326226012793176 0.011816838995568686 0.019189765458422176
0 0.810930576070901 0.9402985074626866 0.1447562776957164 0.0255863539445629
8 0.5886262924667651 0.9402985074626866 0.155096011816839 0.029850746268656716
6 0.2961595273264402 0.9392324093816631 0.15805022156573117 0.023454157782515993
9 0.11152141802067947 0.7814498933901919 0.028064992614475627 0.3347547974413646
3 0.845642540620384 0.47761194029850745 0.1432791728212703 0.0255863539445629
4 0.7621861152141802 0.3795309168443497 0.03249630723781388 0.017057569296375266
4 0.5745937961595273 0.3773987206823028 0.103397341211226 0.017057569296375266
4 0.8995568685376661 0.3816631130063966 0.026587887740029542 0.021321961620469083
5 0.6477104874446086 0.5746268656716418 0.24963072378138848 0.019189765458422176
5 0.6861152141802068 0.6588486140724946 0.32348596750369274 0.021321961620469083
