7 0.36357142857142855 0.27318548387096775 0.3442857142857143 0.02217741935483871
2 0.6114285714285714 0.46975806451612906 0.15714285714285714 0.024193548387096774
1 0.8721428571428571 0.8195564516129032 0.012857142857142857 0.018145161290322582
0 0.79 0.9203629032258065 0.14 0.02620967741935484
8 0.5657142857142857 0.9203629032258065 0.14 0.02620967741935484
6 0.26857142857142857 0.9153225806451613 0.14857142857142858 0.03225806451612903
9 0.09428571428571429 0.7933467741935484 0.02857142857142857 0.33669354838709675
3 0.8342857142857143 0.4727822580645161 0.10857142857142857 0.02620967741935484
4 0.6342857142857142 0.37298387096774194 0.2 0.020161290322580645
5 0.6542857142857142 0.5695564516129032 0.2542857142857143 0.02217741935483871
5 0.5707142857142857 0.6169354838709677 0.08142857142857143 0.024193548387096774
5 0.6721428571428572 0.6703629032258065 0.2842857142857143 0.02620967741935484
5 0.5907142857142857 0.717741935483871 0.12428571428571429 0.020161290322580645
