7 0.2917282127031019 0.27906976744186046 0.26440177252584934 0.021141649048625793
2 0.5989660265878878 0.4704016913319239 0.19940915805022155 0.02748414376321353
1 0.8744460856720827 0.8181818181818182 0.026587887740029542 0.021141649048625793
0 0.7887740029542097 0.9291754756871036 0.15066469719350073 0.02748414376321353
8 0.5598227474150664 0.9291754756871036 0.14180206794682423 0.02748414376321353
6 0.2821270310192024 0.9302325581395349 0.17134416543574593 0.02536997885835095
9 0.09970457902511078 0.8308668076109936 0.028064992614475627 0.3382663847780127
3 0.8257016248153619 0.4693446088794926 0.14180206794682423 0.03382663847780127
4 0.880354505169867 0.36152219873150104 0.026587887740029542 0.021141649048625793
4 0.7355982274741507 0.3668076109936575 0.03249630723781388 0.019027484143763214
4 0.5635155096011817 0.3689217758985201 0.12850812407680945 0.023255813953488372
5 0.619645494830133 0.5644820295983086 0.23485967503692762 0.021141649048625793
5 0.6307237813884786 0.642706131078224 0.25406203840472674 0.02536997885835095
5 0.534711964549483 0.6892177589852009 0.056129985228951254 0.021141649048625793
