7 0.36428571428571427 0.2762096774193548 0.34285714285714286 0.024193548387096774
2 0.6128571428571429 0.4717741935483871 0.15428571428571428 0.024193548387096774
1 0.8728571428571429 0.8215725806451613 0.011428571428571429 0.018145161290322582
0 0.7921428571428571 0.9223790322580645 0.13857142857142857 0.02620967741935484
8 0.5678571428571428 0.9213709677419355 0.13857142857142857 0.024193548387096774
6 0.2692857142857143 0.9173387096774194 0.15285714285714286 0.03225806451612903
9 0.09571428571428571 0.7983870967741935 0.02857142857142857 0.33064516129032256
3 0.8364285714285714 0.4747983870967742 0.11 0.02217741935483871
4 0.635 0.375 0.20142857142857143 0.020161290322580645
5 0.6557142857142857 0.5705645161290323 0.2571428571428571 0.024193548387096774
5 0.5885714285714285 0.6189516129032258 0.11714285714285715 0.024193548387096774
5 0.675 0.6693548387096774 0.28714285714285714 0.020161290322580645
5 0.5978571428571429 0.719758064516129 0.13857142857142857 0.020161290322580645
