7 0.2994047619047619 0.27256637168141595 0.2511904761904762 0.021238938053097345
2 0.6071428571428571 0.46991150442477875 0.17857142857142858 0.023008849557522124
1 0.8803571428571428 0.8230088495575221 0.008333333333333333 0.017699115044247787
0 0.8089285714285714 0.9292035398230089 0.15119047619047618 0.02831858407079646
8 0.5779761904761904 0.9176991150442478 0.15119047619047618 0.04070796460176991
6 0.2869047619047619 0.9176991150442478 0.14047619047619048 0.023008849557522124
9 0.09821428571428571 0.7973451327433628 0.02738095238095238 0.3345132743362832
3 0.8333333333333334 0.4743362831858407 0.12857142857142856 0.02831858407079646
4 0.7607142857142857 0.3752212389380531 0.03333333333333333 0.017699115044247787
4 0.9017857142857143 0.37787610619469025 0.02261904761904762 0.019469026548672566
4 0.5815476190476191 0.37079646017699114 0.12261904761904761 0.023008849557522124
5 0.6416666666666667 0.5654867256637168 0.24761904761904763 0.023008849557522124
5 0.6553571428571429 0.647787610619469 0.2773809523809524 0.024778761061946902
5 0.5726190476190476 0.684070796460177 0.10714285714285714 0.023008849557522124
