7 0.3173076923076923 0.25806451612903225 0.28846153846153844 0.025806451612903226
2 0.6153846153846154 0.4612903225806452 0.20118343195266272 0.03225806451612903
1 0.8890532544378699 0.8161290322580645 0.023668639053254437 0.01935483870967742
0 0.7980769230769231 0.9279569892473118 0.14349112426035504 0.02795698924731183
8 0.5784023668639053 0.9204301075268817 0.14497041420118342 0.03870967741935484
6 0.2973372781065089 0.9258064516129032 0.15680473372781065 0.023655913978494623
9 0.11908284023668639 0.7849462365591398 0.034023668639053255 0.3010752688172043
3 0.8409763313609467 0.45698924731182794 0.14349112426035504 0.04086021505376344
4 0.7625739644970414 0.35698924731182796 0.04881656804733728 0.017204301075268817
4 0.8942307692307693 0.3580645161290323 0.02514792899408284 0.01935483870967742
4 0.5739644970414202 0.35698924731182796 0.11538461538461539 0.021505376344086023
5 0.6486686390532544 0.5526881720430108 0.26479289940828404 0.030107526881720432
5 0.5813609467455622 0.5978494623655914 0.1301775147928994 0.025806451612903226
5 0.6479289940828402 0.6397849462365591 0.26627218934911245 0.023655913978494623
5 0.5673076923076923 0.6817204301075269 0.09615384615384616 0.025806451612903226
