7 0.2989457831325301 0.26857749469214437 0.2816265060240964 0.03184713375796178
2 0.6204819277108434 0.4575371549893843 0.22590361445783133 0.027600849256900213
1 0.8802710843373494 0.8142250530785563 0.01957831325301205 0.02335456475583864
0 0.7974397590361446 0.9235668789808917 0.1460843373493976 0.029723991507430998
8 0.5609939759036144 0.921443736730361 0.1460843373493976 0.029723991507430998
6 0.27936746987951805 0.9193205944798302 0.15813253012048192 0.025477707006369428
9 0.0963855421686747 0.7473460721868365 0.030120481927710843 0.35668789808917195
3 0.838855421686747 0.4585987261146497 0.14457831325301204 0.025477707006369428
4 0.7545180722891566 0.3630573248407643 0.03313253012048193 0.016985138004246284
4 0.8953313253012049 0.3619957537154989 0.022590361445783132 0.01910828025477707
4 0.5640060240963856 0.35881104033970274 0.10391566265060241 0.021231422505307854
5 0.6649096385542169 0.5573248407643312 0.3117469879518072 0.02335456475583864
5 0.6664156626506024 0.6390658174097664 0.3147590361445783 0.021231422505307854
5 0.5715361445783133 0.6762208067940552 0.11897590361445783 0.01910828025477707
