7 0.369364161849711 0.23835125448028674 0.36878612716763004 0.021505376344086023
2 0.63121387283237 0.4399641577060932 0.20809248554913296 0.034050179211469536
1 0.8965317919075144 0.7912186379928315 0.010404624277456647 0.01971326164874552
0 0.8184971098265896 0.9023297491039427 0.14566473988439307 0.026881720430107527
8 0.577456647398844 0.9032258064516129 0.1352601156069364 0.02867383512544803
6 0.30289017341040464 0.9005376344086021 0.14566473988439307 0.023297491039426525
9 0.11213872832369942 0.7983870967741935 0.027745664739884393 0.34229390681003585
3 0.846820809248555 0.4345878136200717 0.12369942196531791 0.023297491039426525
4 0.5838150289017341 0.33602150537634407 0.09942196531791908 0.01971326164874552
4 0.776878612716763 0.33691756272401435 0.04393063583815029 0.017921146953405017
4 0.9138728323699422 0.33602150537634407 0.021965317919075144 0.01971326164874552
5 0.6895953757225434 0.5349462365591398 0.315606936416185 0.01971326164874552
5 0.5913294797687861 0.5752688172043011 0.11213872832369942 0.021505376344086023
5 0.7115606936416184 0.6155913978494624 0.35953757225433525 0.023297491039426525
5 0.5722543352601156 0.6577060931899642 0.07861271676300578 0.017921146953405017
