7 0.358600583090379 0.2776639344262295 0.36151603498542273 0.022540983606557378
2 0.6202623906705539 0.4713114754098361 0.22011661807580174 0.028688524590163935
1 0.8731778425655977 0.8155737704918032 0.008746355685131196 0.01639344262295082
0 0.8075801749271136 0.9252049180327869 0.15743440233236153 0.03483606557377049
8 0.565597667638484 0.9190573770491803 0.13994169096209913 0.02663934426229508
6 0.2886297376093295 0.9180327868852459 0.15451895043731778 0.02459016393442623
9 0.10349854227405247 0.8186475409836066 0.029154518950437316 0.36270491803278687
3 0.8345481049562682 0.4733606557377049 0.141399416909621 0.02459016393442623
4 0.5663265306122449 0.3739754098360656 0.10058309037900874 0.018442622950819672
4 0.7514577259475219 0.3770491803278688 0.033527696793002916 0.01639344262295082
4 0.891399416909621 0.3770491803278688 0.027696793002915453 0.020491803278688523
5 0.672740524781341 0.5676229508196722 0.31924198250728864 0.020491803278688523
5 0.5728862973760933 0.6034836065573771 0.11078717201166181 0.022540983606557378
5 0.6698250728862973 0.6475409836065574 0.30466472303207 0.040983606557377046
5 0.5532069970845481 0.6834016393442623 0.06851311953352769 0.022540983606557378
