7 0.3742216687422167 0.2619047619047619 0.41718555417185554 0.021346469622331693
2 0.6158156911581569 0.45320197044334976 0.22291407222914073 0.026272577996715927
1 0.8723536737235368 0.8004926108374384 0.0112079701120797 0.0180623973727422
0 0.8063511830635118 0.9064039408866995 0.1581569115815691 0.026272577996715927
8 0.5790784557907845 0.9014778325123153 0.15940224159402241 0.029556650246305417
6 0.298879202988792 0.9014778325123153 0.17434620174346202 0.022988505747126436
9 0.10273972602739725 0.8177339901477833 0.028642590286425903 0.3021346469622332
3 0.8325031133250311 0.45648604269293924 0.1581569115815691 0.026272577996715927
4 0.572851805728518 0.3555008210180624 0.12702366127023662 0.021346469622331693
4 0.7503113325031133 0.35960591133004927 0.038605230386052306 0.019704433497536946
4 0.8848069738480697 0.3587848932676519 0.023661270236612703 0.0180623973727422
5 0.6481942714819428 0.5492610837438424 0.27023661270236615 0.0180623973727422
5 0.5516811955168119 0.5870279146141215 0.07970112079701121 0.0180623973727422
5 0.6656288916562889 0.6297208538587848 0.31008717310087175 0.0180623973727422
5 0.5491905354919053 0.6683087027914614 0.0722291407222914 0.019704433497536946
