7 0.30844907407407407 0.26956521739130435 0.2974537037037037 0.017391304347826087
2 0.6180555555555556 0.46 0.2222222222222222 0.02608695652173913
1 0.8773148148148148 0.8078260869565217 0.009259259259259259 0.019130434782608695
0 0.7934027777777778 0.9165217391304348 0.13541666666666666 0.02782608695652174
8 0.5711805555555556 0.9130434782608695 0.14699074074074073 0.02782608695652174
6 0.28530092592592593 0.9095652173913044 0.16087962962962962 0.02434782608695652
9 0.10185185185185185 0.7808695652173913 0.037037037037037035 0.3652173913043478
3 0.8350694444444444 0.4643478260869565 0.1423611111111111 0.02782608695652174
4 0.5636574074074074 0.3634782608695652 0.1087962962962963 0.020869565217391306
4 0.7528935185185185 0.3652173913043478 0.03587962962962963 0.020869565217391306
4 0.8929398148148148 0.36695652173913046 0.024305555555555556 0.020869565217391306
5 0.6793981481481481 0.5608695652173913 0.33796296296296297 0.029565217391304348
5 0.5480324074074074 0.5991304347826087 0.07523148148148148 0.019130434782608695
5 0.6550925925925926 0.6391304347826087 0.2847222222222222 0.022608695652173914
5 0.5642361111111112 0.6765217391304348 0.10069444444444445 0.020869565217391306
