7 0.3442857142857143 0.2713097713097713 0.3057142857142857 0.02286902286902287
2 0.6042857142857143 0.45634095634095634 0.19428571428571428 0.02286902286902287
1 0.875 0.8076923076923077 0.02142857142857143 0.018711018711018712
0 0.8235714285714286 0.9043659043659044 0.15285714285714286 0.029106029106029108
8 0.5878571428571429 0.9002079002079002 0.13857142857142857 0.02494802494802495
6 0.3157142857142857 0.8970893970893971 0.16857142857142857 0.02702702702702703
9 0.11642857142857142 0.7411642411642412 0.03 0.36382536382536385
3 0.8364285714285714 0.4604989604989605 0.13857142857142857 0.031185031185031187
4 0.605 0.35550935550935553 0.20142857142857143 0.02079002079002079
5 0.6571428571428571 0.553014553014553 0.31142857142857144 0.033264033264033266
5 0.5385714285714286 0.6029106029106029 0.06571428571428571 0.02079002079002079
5 0.6292857142857143 0.6507276507276507 0.25285714285714284 0.02494802494802495
5 0.5328571428571428 0.6985446985446986 0.06571428571428571 0.02079002079002079
