7 0.3407142857142857 0.28765690376569036 0.31 0.02301255230125523
2 0.6107142857142858 0.47175732217573224 0.21571428571428572 0.027196652719665274
1 0.87 0.8294979079497908 0.011428571428571429 0.01882845188284519
0 0.8235714285714286 0.9257322175732218 0.15285714285714286 0.03138075313807531
8 0.5821428571428572 0.9236401673640168 0.13857142857142857 0.027196652719665274
6 0.30714285714285716 0.9257322175732218 0.16857142857142857 0.027196652719665274
9 0.09 0.7813807531380753 0.02857142857142857 0.34518828451882844
3 0.8421428571428572 0.4707112970711297 0.13857142857142857 0.02510460251046025
4 0.6157142857142858 0.3692468619246862 0.22285714285714286 0.02301255230125523
5 0.6621428571428571 0.5711297071129707 0.3242857142857143 0.02092050209205021
5 0.675 0.6736401673640168 0.3442857142857143 0.02510460251046025
5 0.5464285714285714 0.7228033472803347 0.09285714285714286 0.02301255230125523
