7 0.35714285714285715 0.2698744769874477 0.37202380952380953 0.02092050209205021
2 0.6138392857142857 0.4665271966527197 0.20386904761904762 0.029288702928870293
1 0.8824404761904762 0.8096234309623431 0.011904761904761904 0.016736401673640166
0 0.8177083333333334 0.9205020920502092 0.15922619047619047 0.029288702928870293
8 0.5758928571428571 0.9121338912133892 0.14583333333333334 0.03765690376569038
6 0.27976190476190477 0.9069037656903766 0.14285714285714285 0.03138075313807531
9 0.09523809523809523 0.7625523012552301 0.02976190476190476 0.3493723849372385
3 0.84375 0.4675732217573222 0.14583333333333334 0.027196652719665274
4 0.5766369047619048 0.36715481171548114 0.11458333333333333 0.02301255230125523
4 0.7604166666666666 0.3682008368200837 0.03273809523809524 0.016736401673640166
4 0.8980654761904762 0.3723849372384937 0.022321428571428572 0.016736401673640166
5 0.6793154761904762 0.5606694560669456 0.3229166666666667 0.02092050209205021
5 0.6778273809523809 0.641213389121339 0.31994047619047616 0.01882845188284519
5 0.5729166666666666 0.6788702928870293 0.10416666666666667 0.01882845188284519
