7 0.33975659229208927 0.24856321839080459 0.3711967545638945 0.022988505747126436
2 0.6075050709939148 0.44396551724137934 0.2210953346855984 0.02586206896551724
1 0.8605476673427992 0.8081896551724138 0.013184584178498986 0.021551724137931036
0 0.8164300202839757 0.8994252873563219 0.1663286004056795 0.031609195402298854
8 0.5755578093306288 0.9022988505747126 0.16734279918864098 0.031609195402298854
6 0.2733265720081136 0.9022988505747126 0.15314401622718052 0.022988505747126436
9 0.09127789046653144 0.7916666666666666 0.028397565922920892 0.32471264367816094
3 0.8412778904665315 0.4432471264367816 0.16937119675456389 0.033045977011494254
4 0.6095334685598377 0.3390804597701149 0.22515212981744423 0.028735632183908046
5 0.6622718052738337 0.5495689655172413 0.3225152129817444 0.02442528735632184
5 0.6470588235294118 0.6544540229885057 0.2839756592292089 0.021551724137931036
5 0.5425963488843814 0.7083333333333334 0.07910750507099391 0.022988505747126436
