7 0.3556085918854415 0.2512998266897747 0.3556085918854415 0.02079722703639515
2 0.6235083532219571 0.45233968804159447 0.23031026252983294 0.03466204506065858
1 0.8633651551312649 0.8180242634315424 0.013126491646778043 0.02079722703639515
0 0.8156324582338902 0.9116117850953206 0.1515513126491647 0.03119584055459272
8 0.5912887828162291 0.9098786828422877 0.1610978520286396 0.03119584055459272
6 0.2977326968973747 0.912478336221837 0.16825775656324582 0.03292894280762565
9 0.10202863961813842 0.830155979202773 0.027446300715990454 0.3431542461005199
3 0.8436754176610979 0.44974003466204504 0.15035799522673032 0.025996533795493933
4 0.6145584725536993 0.34575389948006935 0.2100238663484487 0.022530329289428077
5 0.6873508353221957 0.5554592720970537 0.33651551312649164 0.022530329289428077
5 0.5763723150357996 0.6022530329289428 0.12410501193317422 0.022530329289428077
5 0.6873508353221957 0.6646447140381283 0.33890214797136037 0.022530329289428077
5 0.5525059665871122 0.7175043327556326 0.07637231503579953 0.02079722703639515
