7 0.34 0.2563559322033898 0.36592592592592593 0.0211864406779661
2 0.605925925925926 0.4480932203389831 0.20148148148148148 0.023305084745762712
1 0.8718518518518519 0.8040254237288136 0.013333333333333334 0.014830508474576272
0 0.7977777777777778 0.913135593220339 0.15555555555555556 0.029661016949152543
8 0.5637037037037037 0.9120762711864406 0.1437037037037037 0.036016949152542374
6 0.2859259259259259 0.9036016949152542 0.15703703703703703 0.036016949152542374
9 0.11185185185185186 0.7616525423728814 0.034074074074074076 0.3156779661016949
3 0.8288888888888889 0.4544491525423729 0.1437037037037037 0.036016949152542374
4 0.5607407407407408 0.3548728813559322 0.10222222222222223 0.03177966101694915
4 0.7451851851851852 0.3527542372881356 0.03259259259259259 0.019067796610169493
4 0.8859259259259259 0.3538135593220339 0.02074074074074074 0.0211864406779661
5 0.6874074074074074 0.548728813559322 0.3674074074074074 0.0211864406779661
5 0.6518518518518519 0.628177966101695 0.2874074074074074 0.023305084745762712
