7 0.3253588516746411 0.2699822380106572 0.31100478468899523 0.021314387211367674
2 0.6142344497607656 0.45381882770870335 0.19736842105263158 0.02664298401420959
1 0.8899521531100478 0.7948490230905861 0.014354066985645933 0.019538188277087035
0 0.8086124401913876 0.9067495559502664 0.1291866028708134 0.023090586145648313
8 0.5717703349282297 0.9076376554174067 0.12679425837320574 0.02486678507992895
6 0.30801435406698563 0.911190053285968 0.16626794258373206 0.02486678507992895
9 0.10466507177033493 0.7628774422735346 0.03708133971291866 0.35701598579040855
3 0.8415071770334929 0.4493783303730018 0.12799043062200957 0.02486678507992895
4 0.7595693779904307 0.3552397868561279 0.03349282296650718 0.017761989342806393
4 0.8989234449760766 0.35257548845470693 0.02033492822966507 0.012433392539964476
4 0.5825358851674641 0.35790408525754885 0.11244019138755981 0.023090586145648313
5 0.6549043062200957 0.5506216696269982 0.2619617224880383 0.017761989342806393
5 0.5538277511961722 0.5959147424511545 0.05741626794258373 0.02664298401420959
5 0.6722488038277512 0.627886323268206 0.2966507177033493 0.023090586145648313
5 0.5633971291866029 0.6714031971580817 0.07894736842105263 0.021314387211367674
