7 0.34787018255578095 0.2514367816091954 0.38742393509127787 0.028735632183908046
2 0.6064908722109533 0.44396551724137934 0.2210953346855984 0.02586206896551724
1 0.8605476673427992 0.8081896551724138 0.013184584178498986 0.021551724137931036
0 0.8154158215010142 0.9001436781609196 0.16835699797160245 0.033045977011494254
8 0.5755578093306288 0.9030172413793104 0.16734279918864098 0.033045977011494254
6 0.2723123732251521 0.9022988505747126 0.1511156186612576 0.022988505747126436
9 0.09127789046653144 0.7895114942528736 0.028397565922920892 0.3232758620689655
3 0.8412778904665315 0.4432471264367816 0.16937119675456389 0.033045977011494254
4 0.609026369168357 0.34195402298850575 0.22413793103448276 0.022988505747126436
5 0.654158215010142 0.5495689655172413 0.30628803245436104 0.02442528735632184
5 0.640973630831643 0.6544540229885057 0.2738336713995943 0.021551724137931036
5 0.5502028397565923 0.7083333333333334 0.09432048681541583 0.022988505747126436
