7 0.33729216152019004 0.2535211267605634 0.3254156769596199 0.02112676056338028
2 0.6235154394299287 0.44454225352112675 0.21140142517814728 0.02640845070422535
1 0.8865795724465558 0.7825704225352113 0.010688836104513063 0.01936619718309859
0 0.7986935866983373 0.8908450704225352 0.12707838479809977 0.02464788732394366
8 0.5694774346793349 0.8961267605633803 0.12707838479809977 0.028169014084507043
6 0.28741092636579574 0.8987676056338029 0.13539192399049882 0.022887323943661973
9 0.10510688836104513 0.7737676056338029 0.027315914489311165 0.3221830985915493
3 0.8378859857482185 0.44630281690140844 0.12707838479809977 0.03345070422535211
4 0.7660332541567696 0.34330985915492956 0.04513064133016627 0.017605633802816902
4 0.9002375296912114 0.3415492957746479 0.021377672209026127 0.017605633802816902
4 0.5754156769596199 0.34242957746478875 0.10332541567695962 0.02992957746478873
5 0.672209026128266 0.5404929577464789 0.29691211401425177 0.02112676056338028
5 0.5766033254156769 0.5818661971830986 0.10807600950118765 0.022887323943661973
5 0.6644893111638955 0.6197183098591549 0.2862232779097387 0.02464788732394366
5 0.5676959619952494 0.6584507042253521 0.09501187648456057 0.017605633802816902
