7 0.3678571428571429 0.29453441295546556 0.3557142857142857 0.022267206477732792
2 0.6207142857142857 0.4908906882591093 0.17285714285714285 0.03441295546558704
1 0.88 0.8431174089068826 0.011428571428571429 0.018218623481781375
0 0.8014285714285714 0.9473684210526315 0.15428571428571428 0.02834008097165992
8 0.5714285714285714 0.9473684210526315 0.15142857142857144 0.032388663967611336
6 0.25285714285714284 0.9402834008097166 0.13714285714285715 0.022267206477732792
9 0.08714285714285715 0.7965587044534413 0.03428571428571429 0.3016194331983806
3 0.8321428571428572 0.4949392712550607 0.11 0.022267206477732792
4 0.6357142857142857 0.39878542510121456 0.2 0.020242914979757085
5 0.6385714285714286 0.5931174089068826 0.21428571428571427 0.020242914979757085
5 0.5728571428571428 0.6447368421052632 0.08857142857142856 0.018218623481781375
5 0.6657142857142857 0.6933198380566802 0.26857142857142857 0.018218623481781375
5 0.5885714285714285 0.7419028340080972 0.08857142857142856 0.018218623481781375
