7 0.34 0.28661087866108786 0.31142857142857144 0.02092050209205021
2 0.6092857142857143 0.47175732217573224 0.21571428571428572 0.027196652719665274
1 0.8778571428571429 0.8284518828451883 0.027142857142857142 0.02092050209205021
0 0.8235714285714286 0.9257322175732218 0.15285714285714286 0.03138075313807531
8 0.5814285714285714 0.9246861924686193 0.13714285714285715 0.02510460251046025
6 0.3057142857142857 0.9257322175732218 0.16857142857142857 0.027196652719665274
9 0.09 0.7824267782426778 0.02857142857142857 0.3472803347280335
3 0.8421428571428572 0.4707112970711297 0.13857142857142857 0.02510460251046025
4 0.6135714285714285 0.3692468619246862 0.22142857142857142 0.02301255230125523
5 0.6614285714285715 0.5711297071129707 0.32571428571428573 0.02092050209205021
5 0.665 0.6736401673640168 0.33 0.02510460251046025
5 0.5628571428571428 0.7228033472803347 0.12571428571428572 0.02301255230125523
