7 0.3132530120481928 0.27070063694267515 0.3132530120481928 0.03184713375796178
2 0.6204819277108434 0.4607218683651805 0.22590361445783133 0.029723991507430998
1 0.8780120481927711 0.8163481953290871 0.009036144578313253 0.014861995753715499
0 0.7951807228915663 0.9256900212314225 0.14457831325301204 0.029723991507430998
8 0.5602409638554217 0.9256900212314225 0.14759036144578314 0.029723991507430998
6 0.2808734939759036 0.9225053078556263 0.15813253012048192 0.02335456475583864
9 0.0963855421686747 0.7473460721868365 0.030120481927710843 0.3524416135881104
3 0.8381024096385542 0.46178343949044587 0.1430722891566265 0.02335456475583864
4 0.7605421686746988 0.3651804670912951 0.045180722891566265 0.016985138004246284
4 0.8945783132530121 0.3630573248407643 0.02108433734939759 0.016985138004246284
4 0.5632530120481928 0.3609341825902335 0.10542168674698796 0.021231422505307854
5 0.6362951807228916 0.559447983014862 0.2545180722891566 0.02335456475583864
5 0.6573795180722891 0.6411889596602972 0.29668674698795183 0.021231422505307854
5 0.5715361445783133 0.678343949044586 0.11897590361445783 0.01910828025477707
