7 0.3607142857142857 0.25467775467775466 0.32142857142857145 0.018711018711018712
2 0.6292857142857143 0.4573804573804574 0.1757142857142857 0.04158004158004158
1 0.8928571428571429 0.816008316008316 0.011428571428571429 0.018711018711018712
0 0.8085714285714286 0.9282744282744283 0.13714285714285715 0.031185031185031187
8 0.5764285714285714 0.920997920997921 0.13857142857142857 0.02494802494802495
6 0.2757142857142857 0.9178794178794178 0.16857142857142857 0.02702702702702703
9 0.08714285714285715 0.7411642411642412 0.03428571428571429 0.3970893970893971
3 0.8607142857142858 0.46465696465696466 0.13857142857142857 0.02702702702702703
4 0.6321428571428571 0.35550935550935553 0.17857142857142858 0.02079002079002079
5 0.71 0.5592515592515592 0.34 0.02079002079002079
5 0.7078571428571429 0.6663201663201663 0.3385714285714286 0.02702702702702703
5 0.5807142857142857 0.7120582120582121 0.07571428571428572 0.018711018711018712
