7 0.30192878338278933 0.2914046121593291 0.2626112759643917 0.020964360587002098
2 0.6090504451038575 0.48532494758909855 0.2032640949554896 0.027253668763102725
1 0.8746290801186943 0.8375262054507338 0.013353115727002967 0.018867924528301886
0 0.8301186943620178 0.9318658280922432 0.15875370919881307 0.031446540880503145
8 0.5808605341246291 0.9318658280922432 0.14094955489614244 0.031446540880503145
6 0.30489614243323443 0.9329140461215933 0.17062314540059348 0.025157232704402517
9 0.10905044510385757 0.8155136268343816 0.03115727002967359 0.3731656184486373
3 0.8419881305637982 0.48218029350104824 0.14094955489614244 0.03773584905660377
4 0.7581602373887241 0.3867924528301887 0.050445103857566766 0.023060796645702306
4 0.5593471810089021 0.3836477987421384 0.10385756676557864 0.020964360587002098
4 0.8597922848664689 0.3867924528301887 0.025222551928783383 0.018867924528301886
5 0.6958456973293768 0.5859538784067087 0.35311572700296734 0.023060796645702306
5 0.6728486646884273 0.6886792452830188 0.31008902077151335 0.023060796645702306
5 0.5756676557863502 0.7421383647798742 0.11869436201780416 0.020964360587002098
