7 0.3132530120481928 0.25796178343949044 0.3132530120481928 0.03184713375796178
2 0.6212349397590361 0.4575371549893843 0.2213855421686747 0.027600849256900213
1 0.8780120481927711 0.8142250530785563 0.009036144578313253 0.014861995753715499
0 0.7974397590361446 0.9235668789808917 0.1460843373493976 0.029723991507430998
8 0.5609939759036144 0.9225053078556263 0.1460843373493976 0.027600849256900213
6 0.2808734939759036 0.9203821656050956 0.16114457831325302 0.02335456475583864
9 0.0963855421686747 0.7473460721868365 0.030120481927710843 0.3524416135881104
3 0.8396084337349398 0.4596602972399151 0.1460843373493976 0.027600849256900213
4 0.7537650602409639 0.3630573248407643 0.03162650602409638 0.016985138004246284
4 0.8953313253012049 0.3609341825902335 0.022590361445783132 0.021231422505307854
4 0.5640060240963856 0.35881104033970274 0.10391566265060241 0.021231422505307854
5 0.6664156626506024 0.5562632696390658 0.3147590361445783 0.021231422505307854
5 0.6671686746987951 0.6390658174097664 0.3132530120481928 0.021231422505307854
5 0.5519578313253012 0.6762208067940552 0.07680722891566265 0.01910828025477707
