7 0.28837209302325584 0.2580935251798561 0.27906976744186046 0.019784172661870502
2 0.5825581395348837 0.4577338129496403 0.19069767441860466 0.02697841726618705
1 0.8482558139534884 0.8093525179856115 0.005813953488372093 0.014388489208633094
0 0.7796511627906977 0.9217625899280576 0.13604651162790699 0.02697841726618705
8 0.5436046511627907 0.9172661870503597 0.12441860465116279 0.025179856115107913
6 0.2738372093023256 0.914568345323741 0.13604651162790699 0.023381294964028777
9 0.10232558139534884 0.7742805755395683 0.037209302325581395 0.36151079136690645
3 0.8058139534883721 0.45863309352517984 0.13488372093023257 0.025179856115107913
4 0.547093023255814 0.3579136690647482 0.11046511627906977 0.025179856115107913
4 0.7238372093023255 0.3606115107913669 0.03604651162790698 0.019784172661870502
4 0.8546511627906976 0.36151079136690645 0.023255813953488372 0.017985611510791366
5 0.6034883720930233 0.5539568345323741 0.2255813953488372 0.02158273381294964
5 0.6401162790697674 0.6366906474820144 0.29186046511627906 0.02158273381294964
