7 0.3271428571428571 0.26931106471816285 0.32571428571428573 0.020876826722338204
2 0.575 0.4519832985386221 0.1957142857142857 0.027139874739039668
1 0.8528571428571429 0.8037578288100209 0.011428571428571429 0.020876826722338204
0 0.795 0.9029227557411273 0.13857142857142857 0.027139874739039668
8 0.5585714285714286 0.9029227557411273 0.13714285714285715 0.027139874739039668
6 0.2742857142857143 0.9050104384133612 0.15142857142857144 0.022964509394572025
9 0.095 0.7515657620041754 0.032857142857142856 0.40083507306889354
3 0.8078571428571428 0.4519832985386221 0.14714285714285713 0.027139874739039668
4 0.5792857142857143 0.348643006263048 0.2042857142857143 0.020876826722338204
5 0.65 0.5490605427974948 0.34 0.020876826722338204
5 0.5278571428571428 0.5991649269311065 0.09857142857142857 0.020876826722338204
5 0.6564285714285715 0.6492693110647182 0.3585714285714286 0.025052192066805846
5 0.5185714285714286 0.6993736951983298 0.08285714285714285 0.020876826722338204
