7 0.30369928400954654 0.2600732600732601 0.29952267303102625 0.02197802197802198
2 0.587708830548926 0.4523809523809524 0.1801909307875895 0.02564102564102564
1 0.8705250596658711 0.804945054945055 0.010739856801909307 0.020146520146520148
0 0.7905727923627685 0.9157509157509157 0.14439140811455847 0.03663003663003663
8 0.5596658711217184 0.9157509157509157 0.1288782816229117 0.03296703296703297
6 0.2720763723150358 0.9212454212454212 0.14081145584725538 0.02197802197802198
9 0.09427207637231504 0.8141025641025641 0.028639618138424822 0.3717948717948718
3 0.8210023866348448 0.45054945054945056 0.12649164677804295 0.029304029304029304
4 0.8818615751789977 0.3516483516483517 0.01909307875894988 0.014652014652014652
4 0.7458233890214797 0.3534798534798535 0.03818615751789976 0.02197802197802198
4 0.5572792362768496 0.3525641025641026 0.10501193317422435 0.020146520146520148
5 0.6288782816229117 0.5531135531135531 0.25059665871121717 0.02197802197802198
5 0.5542959427207638 0.5934065934065934 0.09427207637231504 0.018315018315018316
5 0.6288782816229117 0.6318681318681318 0.24105011933174225 0.02197802197802198
