7 0.3205882352941177 0.26526315789473687 0.3205882352941177 0.021052631578947368
2 0.6014705882352941 0.4568421052631579 0.20294117647058824 0.02526315789473684
1 0.8691176470588236 0.8084210526315789 0.026470588235294117 0.021052631578947368
0 0.7867647058823529 0.9178947368421052 0.1411764705882353 0.029473684210526315
8 0.5625 0.9231578947368421 0.13970588235294118 0.035789473684210524
6 0.2801470588235294 0.9242105263157895 0.15441176470588236 0.03368421052631579
9 0.09926470588235294 0.7863157894736842 0.027941176470588237 0.3094736842105263
3 0.8139705882352941 0.4568421052631579 0.12794117647058822 0.02526315789473684
4 0.5610294117647059 0.35578947368421054 0.11323529411764706 0.021052631578947368
4 0.7448529411764706 0.36 0.039705882352941174 0.021052631578947368
4 0.8801470588235294 0.36105263157894735 0.025 0.018947368421052633
5 0.6595588235294118 0.5547368421052632 0.3073529411764706 0.023157894736842106
5 0.6301470588235294 0.64 0.24558823529411763 0.029473684210526315
5 0.5308823529411765 0.671578947368421 0.058823529411764705 0.021052631578947368
