7 0.33185185185185184 0.25467775467775466 0.2992592592592593 0.02286902286902287
2 0.6296296296296297 0.45426195426195426 0.20444444444444446 0.02286902286902287
1 0.8629629629629629 0.8118503118503119 0.01037037037037037 0.018711018711018712
0 0.8014814814814815 0.9054054054054054 0.1451851851851852 0.031185031185031187
8 0.5644444444444444 0.9022869022869023 0.14222222222222222 0.02494802494802495
6 0.29777777777777775 0.896049896049896 0.1837037037037037 0.02494802494802495
9 0.09555555555555556 0.7411642411642412 0.03111111111111111 0.3762993762993763
3 0.84 0.45634095634095634 0.13037037037037036 0.035343035343035345
4 0.6496296296296297 0.35654885654885654 0.23555555555555555 0.02286902286902287
5 0.6822222222222222 0.5550935550935551 0.30962962962962964 0.033264033264033266
5 0.5703703703703704 0.6029106029106029 0.08592592592592592 0.02079002079002079
5 0.6459259259259259 0.6548856548856549 0.23703703703703705 0.02079002079002079
