7 0.3575712143928036 0.2602591792656587 0.3823088455772114 0.023758099352051837
2 0.618440779610195 0.4524838012958963 0.20539730134932535 0.028077753779697623
1 0.8770614692653673 0.8185745140388769 0.01199400299850075 0.017278617710583154
0 0.800599700149925 0.9254859611231101 0.1469265367316342 0.0367170626349892
8 0.5719640179910045 0.9254859611231101 0.1454272863568216 0.032397408207343416
6 0.2856071964017991 0.9190064794816415 0.16041979010494753 0.023758099352051837
9 0.10269865067466268 0.8250539956803455 0.02848575712143928 0.34989200863930886
3 0.8470764617691154 0.46436285097192226 0.1469265367316342 0.03023758099352052
4 0.5734632683658171 0.35853131749460043 0.10344827586206896 0.02159827213822894
4 0.767616191904048 0.3596112311015119 0.035982008995502246 0.019438444924406047
4 0.8995502248875562 0.36069114470842334 0.026986506746626688 0.017278617710583154
5 0.6446776611694153 0.5561555075593952 0.2608695652173913 0.019438444924406047
5 0.5509745127436282 0.5982721382289417 0.0734632683658171 0.02159827213822894
5 0.6694152923538231 0.6403887688984882 0.3073463268365817 0.019438444924406047
5 0.568215892053973 0.6771058315334774 0.10194902548725637 0.032397408207343416
