7 0.3176470588235294 0.26785714285714285 0.2911764705882353 0.023109243697478993
2 0.6095588235294118 0.4642857142857143 0.22205882352941175 0.029411764705882353
1 0.8602941176470589 0.8214285714285714 0.011764705882352941 0.02100840336134454
0 0.8088235294117647 0.9138655462184874 0.15588235294117647 0.029411764705882353
8 0.5705882352941176 0.9096638655462185 0.1411764705882353 0.025210084033613446
6 0.30514705882352944 0.9086134453781513 0.17205882352941176 0.0273109243697479
9 0.10735294117647058 0.8161764705882353 0.026470588235294117 0.296218487394958
3 0.8264705882352941 0.4632352941176471 0.14411764705882352 0.0273109243697479
4 0.6183823529411765 0.36554621848739494 0.23088235294117648 0.025210084033613446
5 0.6536764705882353 0.5682773109243697 0.2897058823529412 0.031512605042016806
5 0.55 0.6113445378151261 0.07941176470588235 0.025210084033613446
5 0.6786764705882353 0.6712184873949579 0.3397058823529412 0.023109243697478993
