7 0.298444976076555 0.2682060390763766 0.2595693779904306 0.021314387211367674
2 0.6130382775119617 0.45204262877442275 0.19976076555023922 0.02664298401420959
1 0.888755980861244 0.7930728241563055 0.011961722488038277 0.019538188277087035
0 0.8086124401913876 0.9049733570159858 0.1291866028708134 0.023090586145648313
8 0.5711722488038278 0.9067495559502664 0.12799043062200957 0.02664298401420959
6 0.30801435406698563 0.9094138543516874 0.16626794258373206 0.02486678507992895
9 0.10526315789473684 0.761101243339254 0.03827751196172249 0.35346358792184723
3 0.8415071770334929 0.44760213143872113 0.12799043062200957 0.02486678507992895
4 0.7595693779904307 0.35346358792184723 0.03349282296650718 0.017761989342806393
4 0.8995215311004785 0.34991119005328597 0.0215311004784689 0.014209591474245116
4 0.5813397129186603 0.3561278863232682 0.11483253588516747 0.023090586145648313
5 0.6561004784688995 0.5488454706927176 0.2619617224880383 0.017761989342806393
5 0.5717703349282297 0.5896980461811723 0.09330143540669857 0.017761989342806393
5 0.6537081339712919 0.6269982238010657 0.2619617224880383 0.021314387211367674
5 0.5639952153110048 0.6696269982238011 0.07775119617224881 0.021314387211367674
