7 0.31494661921708184 0.25622775800711745 0.27164887307236063 0.017793594306049824
2 0.6150652431791221 0.447508896797153 0.17912218268090155 0.026690391459074734
1 0.8991696322657177 0.7900355871886121 0.011862396204033215 0.021352313167259787
0 0.8185053380782918 0.8976868327402135 0.1376037959667853 0.026690391459074734
8 0.5729537366548043 0.900355871886121 0.1257413997627521 0.02491103202846975
6 0.30308422301304866 0.9030249110320284 0.16488730723606168 0.026690391459074734
9 0.11150652431791222 0.802491103202847 0.03084223013048636 0.39501779359430605
3 0.8540925266903915 0.44483985765124556 0.1376037959667853 0.028469750889679714
4 0.9145907473309609 0.3487544483985765 0.02609727164887307 0.021352313167259787
4 0.769276393831554 0.3487544483985765 0.03202846975088968 0.017793594306049824
4 0.5806642941874258 0.35320284697508897 0.10083036773428232 0.023131672597864767
5 0.6773428232502966 0.6245551601423488 0.2870699881376038 0.021352313167259787
5 0.6613285883748518 0.5427046263345195 0.2597864768683274 0.021352313167259787
