7 0.34277198211624443 0.2623655913978495 0.32190760059612517 0.030107526881720432
2 0.6184798807749627 0.46881720430107526 0.18181818181818182 0.025806451612903226
1 0.8673621460506706 0.8311827956989247 0.011922503725782414 0.023655913978494623
0 0.7921013412816692 0.932258064516129 0.12965722801788376 0.02795698924731183
8 0.5640834575260805 0.9301075268817204 0.14157973174366617 0.02795698924731183
6 0.2995529061102832 0.9268817204301075 0.17287630402384502 0.025806451612903226
9 0.09090909090909091 0.8064516129032258 0.029806259314456036 0.3913978494623656
3 0.8353204172876304 0.46774193548387094 0.13561847988077497 0.02795698924731183
4 0.6460506706408345 0.36451612903225805 0.23397913561847988 0.02795698924731183
5 0.6400894187779433 0.5731182795698925 0.22503725782414308 0.01935483870967742
5 0.5700447093889717 0.621505376344086 0.08494783904619971 0.021505376344086023
5 0.672876304023845 0.6731182795698925 0.2906110283159464 0.021505376344086023
5 0.5529061102831595 0.7247311827956989 0.05961251862891207 0.021505376344086023
