7 0.35928571428571426 0.2746331236897275 0.3442857142857143 0.020964360587002098
2 0.6185714285714285 0.4863731656184486 0.19714285714285715 0.025157232704402517
1 0.8592857142857143 0.8448637316561844 0.01 0.016771488469601678
0 0.7828571428571428 0.950733752620545 0.15142857142857144 0.031446540880503145
8 0.5592857142857143 0.9433962264150944 0.15285714285714286 0.029350104821802937
6 0.25785714285714284 0.9339622641509434 0.15285714285714286 0.023060796645702306
9 0.10142857142857142 0.7536687631027253 0.03142857142857143 0.3668763102725367
3 0.8321428571428572 0.49056603773584906 0.12428571428571429 0.025157232704402517
4 0.645 0.3867924528301887 0.23857142857142857 0.027253668763102725
5 0.6914285714285714 0.5870020964360587 0.34 0.020964360587002098
5 0.6485714285714286 0.6865828092243187 0.26285714285714284 0.018867924528301886
5 0.5514285714285714 0.7389937106918238 0.06571428571428571 0.018867924528301886
