7 0.25593824228028506 0.2629695885509839 0.2007125890736342 0.017889087656529516
2 0.5932304038004751 0.4588550983899821 0.17933491686460806 0.023255813953488372
1 0.8842042755344418 0.8103756708407871 0.02494061757719715 0.02146690518783542
0 0.7832541567695962 0.9212880143112702 0.11520190023752969 0.025044722719141325
8 0.5540380047505938 0.9150268336314848 0.12707838479809977 0.023255813953488372
6 0.27909738717339666 0.9087656529516994 0.166270783847981 0.025044722719141325
9 0.09382422802850356 0.7504472271914132 0.028503562945368172 0.3416815742397138
3 0.838479809976247 0.46153846153846156 0.1496437054631829 0.028622540250447227
4 0.5688836104513064 0.35867620751341683 0.11401425178147269 0.023255813953488372
4 0.755938242280285 0.3613595706618962 0.03681710213776722 0.02146690518783542
4 0.8925178147268409 0.3631484794275492 0.020190023752969122 0.017889087656529516
5 0.6377672209026128 0.5581395348837209 0.2589073634204275 0.02146690518783542
5 0.6704275534441805 0.6377459749552773 0.331353919239905 0.03398926654740608
5 0.5534441805225653 0.6762075134168157 0.09501187648456057 0.017889087656529516
