7 0.34873323397913564 0.26666666666666666 0.33383010432190763 0.021505376344086023
2 0.6162444113263785 0.46881720430107526 0.18330849478390462 0.021505376344086023
1 0.8666169895678092 0.8301075268817204 0.013412816691505217 0.021505376344086023
0 0.789865871833085 0.932258064516129 0.13114754098360656 0.02795698924731183
8 0.5625931445603577 0.9301075268817204 0.14157973174366617 0.02795698924731183
6 0.29582712369597614 0.9268817204301075 0.17734724292101342 0.025806451612903226
9 0.08941877794336811 0.7903225806451613 0.029806259314456036 0.3548387096774194
3 0.8338301043219076 0.46774193548387094 0.13561847988077497 0.02795698924731183
4 0.6445603576751118 0.36666666666666664 0.23695976154992549 0.023655913978494623
5 0.6706408345752608 0.5741935483870968 0.29508196721311475 0.021505376344086023
5 0.5916542473919523 0.621505376344086 0.13114754098360656 0.021505376344086023
5 0.6646795827123696 0.6731182795698925 0.27719821162444114 0.021505376344086023
5 0.5506706408345753 0.7236559139784946 0.05812220566318927 0.01935483870967742
