7 0.29596412556053814 0.2547568710359408 0.27204783258594917 0.023255813953488372
2 0.6158445440956651 0.4439746300211416 0.20328849028400597 0.02959830866807611
1 0.8789237668161435 0.7980972515856237 0.01195814648729447 0.019027484143763214
0 0.7952167414050823 0.9101479915433404 0.14648729446935724 0.03171247357293869
8 0.5627802690582959 0.9133192389006343 0.13004484304932734 0.02959830866807611
6 0.2862481315396114 0.9027484143763214 0.15994020926756353 0.03382663847780127
9 0.11509715994020926 0.7558139534883721 0.029895366218236172 0.3488372093023256
3 0.8385650224215246 0.4503171247357294 0.14648729446935724 0.02536997885835095
4 0.5724962630792227 0.35095137420718814 0.11659192825112108 0.021141649048625793
4 0.7548579970104634 0.35306553911205074 0.03587443946188341 0.016913319238900635
4 0.8931240657698056 0.35517970401691334 0.01943198804185351 0.02959830866807611
5 0.6756352765321375 0.547568710359408 0.32585949177877427 0.021141649048625793
5 0.6629297458893871 0.6289640591966174 0.3064275037369208 0.019027484143763214
5 0.5829596412556054 0.6638477801268499 0.14349775784753363 0.02536997885835095
