7 0.3232265446224256 0.25989208633093525 0.2986270022883295 0.019784172661870502
2 0.6189931350114416 0.4550359712230216 0.2036613272311213 0.02877697841726619
1 0.8890160183066361 0.8111510791366906 0.011441647597254004 0.02158273381294964
0 0.801487414187643 0.9217625899280576 0.13157894736842105 0.02697841726618705
8 0.5778032036613272 0.920863309352518 0.14416475972540047 0.02877697841726619
6 0.30434782608695654 0.9226618705035972 0.15789473684210525 0.025179856115107913
9 0.10411899313501144 0.7796762589928058 0.034324942791762014 0.368705035971223
3 0.8421052631578947 0.45323741007194246 0.13272311212814644 0.02877697841726619
4 0.7528604118993135 0.35251798561151076 0.032036613272311214 0.017985611510791366
4 0.8975972540045767 0.3516187050359712 0.02402745995423341 0.019784172661870502
4 0.5806636155606407 0.3498201438848921 0.12013729977116705 0.023381294964028777
5 0.6681922196796338 0.5512589928057554 0.2974828375286041 0.023381294964028777
5 0.5726544622425629 0.5926258992805755 0.10183066361556065 0.023381294964028777
5 0.6516018306636155 0.637589928057554 0.2620137299771167 0.019784172661870502
5 0.580091533180778 0.6780575539568345 0.10983981693363844 0.02158273381294964
