7 0.3241839762611276 0.2914046121593291 0.31008902077151335 0.020964360587002098
2 0.6112759643916914 0.48427672955974843 0.20178041543026706 0.025157232704402517
1 0.8813056379821959 0.8375262054507338 0.02373887240356083 0.018867924528301886
0 0.8308605341246291 0.9308176100628931 0.1572700296735905 0.029350104821802937
8 0.5823442136498517 0.9318658280922432 0.14391691394658754 0.031446540880503145
6 0.3034124629080119 0.9329140461215933 0.17359050445103857 0.025157232704402517
9 0.10905044510385757 0.8155136268343816 0.03115727002967359 0.3731656184486373
3 0.8419881305637982 0.48218029350104824 0.14391691394658754 0.03773584905660377
4 0.7507418397626113 0.3857442348008386 0.03560830860534125 0.016771488469601678
4 0.5608308605341247 0.3836477987421384 0.10385756676557864 0.020964360587002098
4 0.8583086053412463 0.3867924528301887 0.025222551928783383 0.018867924528301886
5 0.6810089020771514 0.5849056603773585 0.32344213649851633 0.020964360587002098
5 0.6594955489614244 0.689727463312369 0.28041543026706234 0.020964360587002098
5 0.56973293768546 0.7421383647798742 0.10089020771513353 0.020964360587002098
