7 0.3493150684931507 0.26354679802955666 0.3698630136986301 0.021346469622331693
2 0.6158156911581569 0.4548440065681445 0.22291407222914073 0.026272577996715927
1 0.8804483188044832 0.8013136288998358 0.024906600249066 0.016420361247947456
0 0.8075965130759651 0.9080459770114943 0.15566625155666253 0.026272577996715927
8 0.5790784557907845 0.90311986863711 0.1569115815691158 0.029556650246305417
6 0.3001245330012453 0.90311986863711 0.1718555417185554 0.022988505747126436
9 0.10336239103362391 0.8152709359605911 0.029887920298879204 0.3103448275862069
3 0.8325031133250311 0.458128078817734 0.1581569115815691 0.026272577996715927
4 0.5740971357409713 0.35714285714285715 0.1295143212951432 0.021346469622331693
4 0.7577833125778332 0.361247947454844 0.053549190535491904 0.019704433497536946
4 0.8841843088418431 0.36042692939244664 0.024906600249066 0.0180623973727422
5 0.6892901618929016 0.5509031198686372 0.3549190535491905 0.0180623973727422
5 0.5585305105853051 0.5886699507389163 0.09339975093399751 0.0180623973727422
5 0.6662515566625156 0.6313628899835796 0.3138231631382316 0.0180623973727422
5 0.5647571606475716 0.6699507389162561 0.10087173100871731 0.019704433497536946
