7 0.3358208955223881 0.27531645569620256 0.35522388059701493 0.03164556962025317
2 0.594776119402985 0.47362869198312235 0.18358208955223881 0.023206751054852322
1 0.8798507462686567 0.820675105485232 0.013432835820895522 0.02109704641350211
0 0.8059701492537313 0.9335443037974683 0.16119402985074627 0.027426160337552744
8 0.5723880597014925 0.9314345991561181 0.15671641791044777 0.027426160337552744
6 0.291044776119403 0.9324894514767933 0.1761194029850746 0.02531645569620253
9 0.12611940298507462 0.1360759493670886 0.25522388059701495 0.04008438818565401
3 0.8335820895522388 0.47362869198312235 0.14477611940298507 0.027426160337552744
4 0.744776119402985 0.3744725738396624 0.03582089552238806 0.0189873417721519
4 0.5604477611940298 0.37130801687763715 0.10298507462686567 0.02109704641350211
4 0.891044776119403 0.37341772151898733 0.023880597014925373 0.02109704641350211
5 0.6791044776119403 0.570675105485232 0.34626865671641793 0.0189873417721519
5 0.6671641791044776 0.6497890295358649 0.31343283582089554 0.02109704641350211
5 0.5462686567164179 0.6919831223628692 0.07462686567164178 0.02109704641350211
