7 0.370260663507109 0.2598214285714286 0.38270142180094785 0.023214285714285715
2 0.6137440758293838 0.4544642857142857 0.18009478672985782 0.030357142857142857
1 0.8880331753554502 0.7991071428571429 0.013033175355450236 0.023214285714285715
0 0.806872037914692 0.9053571428571429 0.12796208530805686 0.025
8 0.5746445497630331 0.9160714285714285 0.12559241706161137 0.025
6 0.2914691943127962 0.9169642857142857 0.12559241706161137 0.019642857142857142
9 0.10308056872037914 0.76875 0.037914691943127965 0.35892857142857143
3 0.8394549763033176 0.44642857142857145 0.12677725118483413 0.025
4 0.5787914691943128 0.35625 0.10071090047393365 0.023214285714285715
4 0.7671800947867299 0.3508928571428571 0.03672985781990521 0.019642857142857142
4 0.9010663507109005 0.34732142857142856 0.022511848341232227 0.01607142857142857
5 0.6522511848341233 0.5473214285714286 0.245260663507109 0.019642857142857142
5 0.5870853080568721 0.5866071428571429 0.11492890995260663 0.019642857142857142
5 0.6759478672985783 0.6267857142857143 0.29739336492890994 0.02142857142857143
5 0.5793838862559242 0.6714285714285714 0.0971563981042654 0.02142857142857143
