7 0.2774480712166172 0.27145922746781115 0.2344213649851632 0.019313304721030045
2 0.6068249258160238 0.4645922746781116 0.20178041543026706 0.023605150214592276
1 0.8664688427299704 0.8197424892703863 0.011869436201780416 0.02145922746781116
0 0.7974777448071216 0.9366952789699571 0.14391691394658754 0.0407725321888412
8 0.5578635014836796 0.9356223175965666 0.12759643916913946 0.02575107296137339
6 0.2841246290801187 0.9409871244635193 0.15875370919881307 0.027896995708154508
9 0.08456973293768547 0.8154506437768241 0.026706231454005934 0.30042918454935624
3 0.8264094955489614 0.463519313304721 0.12759643916913946 0.02575107296137339
4 0.5623145400593472 0.3648068669527897 0.11572700296735905 0.02145922746781116
4 0.7514836795252225 0.3648068669527897 0.040059347181008904 0.02145922746781116
4 0.887240356083086 0.361587982832618 0.02373887240356083 0.019313304721030045
5 0.6543026706231454 0.5643776824034334 0.29080118694362017 0.02145922746781116
5 0.6528189910979229 0.6459227467811158 0.29376854599406527 0.02575107296137339
