7 0.3798076923076923 0.2804878048780488 0.41346153846153844 0.020905923344947737
2 0.6274038461538461 0.47560975609756095 0.21394230769230768 0.024390243902439025
1 0.8876201923076923 0.8249128919860628 0.008413461538461538 0.0156794425087108
0 0.8052884615384616 0.9303135888501742 0.12980769230769232 0.024390243902439025
8 0.5751201923076923 0.921602787456446 0.12860576923076922 0.024390243902439025
6 0.29747596153846156 0.9163763066202091 0.15504807692307693 0.0313588850174216
9 0.1045673076923077 0.7578397212543554 0.028846153846153848 0.3344947735191638
3 0.8407451923076923 0.48257839721254353 0.12860576923076922 0.024390243902439025
4 0.5697115384615384 0.3797909407665505 0.08173076923076923 0.017421602787456445
4 0.7614182692307693 0.38414634146341464 0.03245192307692308 0.0156794425087108
4 0.9044471153846154 0.3902439024390244 0.020432692307692308 0.020905923344947737
5 0.6243990384615384 0.5696864111498258 0.19591346153846154 0.020905923344947737
5 0.6911057692307693 0.6498257839721254 0.34615384615384615 0.020905923344947737
5 0.5823317307692307 0.6881533101045296 0.1141826923076923 0.020905923344947737
