7 0.3437862950058072 0.2774822695035461 0.3600464576074332 0.02304964539007092
2 0.60801393728223 0.47074468085106386 0.1916376306620209 0.02304964539007092
1 0.883855981416957 0.824468085106383 0.020905923344947737 0.01773049645390071
0 0.8008130081300813 0.9432624113475178 0.13588850174216027 0.03546099290780142
8 0.5708478513356562 0.9361702127659575 0.14750290360046459 0.028368794326241134
6 0.2880371660859466 0.9343971631205674 0.1602787456445993 0.024822695035460994
9 0.10394889663182347 0.8297872340425532 0.026713124274099883 0.3404255319148936
3 0.8315911730545877 0.4734042553191489 0.12311265969802555 0.024822695035460994
4 0.7572590011614402 0.375886524822695 0.032520325203252036 0.01773049645390071
4 0.8989547038327527 0.375886524822695 0.025551684088269456 0.01773049645390071
4 0.578397212543554 0.3776595744680851 0.12311265969802555 0.031914893617021274
5 0.664924506387921 0.5700354609929078 0.305458768873403 0.01950354609929078
5 0.6753774680603949 0.6533687943262412 0.31939605110336816 0.02304964539007092
5 0.578397212543554 0.6914893617021277 0.13008130081300814 0.024822695035460994
