7 0.3069526627218935 0.23517382413087934 0.2943786982248521 0.02044989775051125
2 0.602810650887574 0.4212678936605317 0.20266272189349113 0.024539877300613498
1 0.8757396449704142 0.7607361963190185 0.026627218934911243 0.02044989775051125
0 0.7914201183431953 0.8670756646216768 0.15680473372781065 0.028629856850715747
8 0.5673076923076923 0.8680981595092024 0.14349112426035504 0.026584867075664622
6 0.28846153846153844 0.8609406952965235 0.16863905325443787 0.024539877300613498
9 0.09911242603550297 0.7116564417177914 0.029585798816568046 0.3394683026584867
3 0.8291420118343196 0.42535787321063395 0.14349112426035504 0.024539877300613498
4 0.5724852071005917 0.3261758691206544 0.12721893491124261 0.022494887525562373
4 0.7485207100591716 0.32719836400818 0.04142011834319527 0.02044989775051125
4 0.886094674556213 0.33026584867075665 0.023668639053254437 0.018404907975460124
5 0.6457100591715976 0.5173824130879345 0.27958579881656803 0.02044989775051125
5 0.5384615384615384 0.5552147239263804 0.06804733727810651 0.018404907975460124
5 0.6272189349112426 0.5940695296523517 0.2514792899408284 0.018404907975460124
5 0.5673076923076923 0.630879345603272 0.128698224852071 0.022494887525562373
