7 0.34541420118343197 0.26021505376344084 0.34171597633136097 0.021505376344086023
2 0.6153846153846154 0.46344086021505376 0.20118343195266272 0.03225806451612903
1 0.8838757396449705 0.8182795698924731 0.013313609467455622 0.01935483870967742
0 0.8002958579881657 0.9301075268817204 0.14497041420118342 0.02795698924731183
8 0.5798816568047337 0.921505376344086 0.14497041420118342 0.04086021505376344
6 0.2958579881656805 0.9279569892473118 0.15680473372781065 0.023655913978494623
9 0.12130177514792899 0.7870967741935484 0.03550295857988166 0.3010752688172043
3 0.8409763313609467 0.4591397849462366 0.14053254437869822 0.04086021505376344
4 0.757396449704142 0.3602150537634409 0.03550295857988166 0.01935483870967742
4 0.8957100591715976 0.3602150537634409 0.022189349112426034 0.015053763440860216
4 0.5747041420118343 0.35913978494623655 0.11390532544378698 0.021505376344086023
5 0.650887573964497 0.5602150537634408 0.26627218934911245 0.01935483870967742
5 0.5658284023668639 0.6 0.09615384615384616 0.025806451612903226
5 0.6479289940828402 0.6430107526881721 0.26331360946745563 0.021505376344086023
5 0.5621301775147929 0.6838709677419355 0.07988165680473373 0.025806451612903226
