7 0.27949852507374634 0.2796257796257796 0.2345132743362832 0.018711018711018712
2 0.6047197640117994 0.4677754677754678 0.20058997050147492 0.02494802494802495
1 0.8687315634218289 0.8139293139293139 0.011799410029498525 0.02286902286902287
0 0.8008849557522124 0.91995841995842 0.15634218289085547 0.031185031185031187
8 0.5553097345132744 0.9230769230769231 0.12831858407079647 0.02494802494802495
6 0.2861356932153392 0.9293139293139293 0.1592920353982301 0.033264033264033266
9 0.10619469026548672 0.7879417879417879 0.029498525073746312 0.34511434511434513
3 0.8289085545722714 0.46673596673596673 0.1415929203539823 0.02702702702702703
4 0.7448377581120944 0.367983367983368 0.032448377581120944 0.02079002079002079
4 0.883480825958702 0.367983367983368 0.02654867256637168 0.02079002079002079
4 0.5589970501474927 0.3700623700623701 0.10029498525073746 0.02079002079002079
5 0.6600294985250738 0.5634095634095634 0.3053097345132743 0.02494802494802495
5 0.6784660766961652 0.6424116424116424 0.3392330383480826 0.02494802494802495
