7 0.3007142857142857 0.2600401606425703 0.22714285714285715 0.018072289156626505
2 0.6292857142857143 0.4708835341365462 0.1957142857142857 0.02208835341365462
1 0.88 0.8373493975903614 0.011428571428571429 0.020080321285140562
0 0.8221428571428572 0.9417670682730924 0.18142857142857144 0.0321285140562249
8 0.5642857142857143 0.9427710843373494 0.15714285714285714 0.02610441767068273
6 0.25214285714285717 0.9377510040160643 0.1357142857142857 0.020080321285140562
9 0.08928571428571429 0.7690763052208835 0.03 0.3493975903614458
3 0.8485714285714285 0.4759036144578313 0.11142857142857143 0.024096385542168676
4 0.6435714285714286 0.36646586345381527 0.22142857142857142 0.02208835341365462
5 0.6771428571428572 0.5763052208835341 0.29714285714285715 0.020080321285140562
5 0.6692857142857143 0.678714859437751 0.2842857142857143 0.024096385542168676
5 0.5857142857142857 0.7279116465863453 0.10571428571428572 0.02208835341365462
