7 0.31892697466467956 0.2857142857142857 0.35469448584202684 0.02100840336134454
2 0.5886736214605067 0.47584033613445376 0.20566318926974664 0.023109243697478993
1 0.8658718330849479 0.8235294117647058 0.026825633383010434 0.02100840336134454
0 0.7816691505216096 0.9348739495798319 0.14157973174366617 0.029411764705882353
8 0.5506706408345753 0.930672268907563 0.14456035767511177 0.029411764705882353
6 0.27123695976154993 0.9275210084033614 0.15797317436661698 0.023109243697478993
9 0.11847988077496274 0.12710084033613445 0.2399403874813711 0.03991596638655462
3 0.8181818181818182 0.47478991596638653 0.14605067064083457 0.025210084033613446
4 0.5625931445603577 0.375 0.12965722801788376 0.023109243697478993
4 0.7391952309985097 0.37815126050420167 0.038748137108792845 0.02100840336134454
4 0.8733233979135618 0.37289915966386555 0.02384500745156483 0.0273109243697479
5 0.6706408345752608 0.5756302521008403 0.36065573770491804 0.02100840336134454
5 0.643070044709389 0.6533613445378151 0.293591654247392 0.02100840336134454
5 0.5499254843517138 0.6911764705882353 0.10134128166915052 0.02100840336134454
