7 0.3219653179190751 0.23835125448028674 0.27398843930635836 0.021505376344086023
2 0.6289017341040463 0.4399641577060932 0.20346820809248556 0.034050179211469536
1 0.8953757225433526 0.7921146953405018 0.008092485549132947 0.014336917562724014
0 0.8173410404624277 0.9032258064516129 0.14566473988439307 0.02867383512544803
8 0.576878612716763 0.9032258064516129 0.13410404624277455 0.02867383512544803
6 0.3040462427745665 0.9005376344086021 0.14797687861271677 0.023297491039426525
9 0.11098265895953757 0.796594982078853 0.027745664739884393 0.34587813620071683
3 0.8473988439306358 0.4345878136200717 0.12254335260115606 0.023297491039426525
4 0.5838150289017341 0.33602150537634407 0.09942196531791908 0.01971326164874552
4 0.7757225433526012 0.33691756272401435 0.04393063583815029 0.017921146953405017
4 0.9127167630057803 0.33602150537634407 0.021965317919075144 0.01971326164874552
5 0.6699421965317919 0.5349462365591398 0.2786127167630058 0.01971326164874552
5 0.5901734104046242 0.5752688172043011 0.11213872832369942 0.021505376344086023
5 0.7034682080924856 0.6155913978494624 0.34335260115606936 0.023297491039426525
5 0.5710982658959538 0.6577060931899642 0.07861271676300578 0.017921146953405017
