7 0.31925925925925924 0.2542372881355932 0.3244444444444444 0.0211864406779661
2 0.6066666666666667 0.4459745762711864 0.20296296296296296 0.023305084745762712
1 0.8718518518518519 0.801906779661017 0.01037037037037037 0.019067796610169493
0 0.8 0.9110169491525424 0.15703703703703703 0.029661016949152543
8 0.562962962962963 0.9110169491525424 0.1451851851851852 0.03389830508474576
6 0.2859259259259259 0.9067796610169492 0.16 0.025423728813559324
9 0.10814814814814815 0.7595338983050848 0.02666666666666667 0.3156779661016949
3 0.8281481481481482 0.4502118644067797 0.14222222222222222 0.03177966101694915
4 0.5607407407407408 0.3527542372881356 0.10222222222222223 0.03177966101694915
4 0.7451851851851852 0.350635593220339 0.03259259259259259 0.019067796610169493
4 0.8859259259259259 0.350635593220339 0.023703703703703703 0.014830508474576272
5 0.6637037037037037 0.5466101694915254 0.32592592592592595 0.0211864406779661
5 0.6370370370370371 0.6260593220338984 0.2577777777777778 0.023305084745762712
