7 0.3475336322869955 0.27282377919320594 0.3721973094170404 0.02335456475583864
2 0.6068759342301944 0.4585987261146497 0.20029895366218237 0.025477707006369428
1 0.8863976083707026 0.807855626326964 0.01195814648729447 0.01910828025477707
0 0.8034379671150972 0.9193205944798302 0.14499252615844543 0.025477707006369428
8 0.5799701046337817 0.9235668789808917 0.15844544095665172 0.03397027600849257
6 0.296711509715994 0.9267515923566879 0.17787742899850523 0.027600849256900213
9 0.09940209267563528 0.8248407643312102 0.0343796711509716 0.3503184713375796
3 0.828101644245142 0.4585987261146497 0.12855007473841554 0.025477707006369428
4 0.750373692077728 0.35881104033970274 0.03288490284005979 0.016985138004246284
4 0.8931240657698056 0.35774946921443734 0.025411061285500747 0.01910828025477707
4 0.5605381165919282 0.3609341825902335 0.10164424514200299 0.021231422505307854
5 0.6591928251121076 0.5583864118895966 0.29596412556053814 0.021231422505307854
5 0.6502242152466368 0.6390658174097664 0.28400597907324365 0.021231422505307854
5 0.5665171898355755 0.6804670912951167 0.11659192825112108 0.01910828025477707
