7 0.35928571428571426 0.28451882845188287 0.35 0.02092050209205021
2 0.6107142857142858 0.4696652719665272 0.21285714285714286 0.027196652719665274
1 0.8764285714285714 0.8263598326359832 0.027142857142857142 0.02092050209205021
0 0.8228571428571428 0.9236401673640168 0.14857142857142858 0.03138075313807531
8 0.5807142857142857 0.9225941422594143 0.13857142857142857 0.02510460251046025
6 0.3057142857142857 0.9236401673640168 0.16857142857142857 0.027196652719665274
9 0.08857142857142856 0.7803347280334728 0.02857142857142857 0.3472803347280335
3 0.8414285714285714 0.4686192468619247 0.13714285714285715 0.02510460251046025
4 0.6207142857142857 0.36715481171548114 0.23857142857142857 0.02301255230125523
5 0.6592857142857143 0.5690376569037657 0.32142857142857145 0.02092050209205021
5 0.6857142857142857 0.6715481171548117 0.37142857142857144 0.02510460251046025
5 0.5385714285714286 0.7207112970711297 0.07428571428571429 0.02301255230125523
