7 0.3247422680412371 0.2552742616033755 0.29013254786450665 0.02531645569620253
2 0.6148748159057438 0.45464135021097046 0.20176730486008837 0.027426160337552744
1 0.8726067746686303 0.8048523206751055 0.016200294550810016 0.0189873417721519
0 0.8004418262150221 0.9124472573839663 0.13991163475699558 0.027426160337552744
8 0.5846833578792342 0.9082278481012658 0.15905743740795286 0.027426160337552744
6 0.30412371134020616 0.9082278481012658 0.15758468335787923 0.023206751054852322
9 0.10824742268041238 0.7805907172995781 0.027982326951399118 0.31645569620253167
3 0.8313696612665685 0.45569620253164556 0.12812960235640647 0.02531645569620253
4 0.5765832106038291 0.35654008438818563 0.11634756995581738 0.02531645569620253
4 0.7577319587628866 0.3575949367088608 0.036818851251840944 0.014767932489451477
4 0.8924889543446245 0.35864978902953587 0.035346097201767304 0.02109704641350211
5 0.658321060382916 0.5443037974683544 0.27393225331369664 0.029535864978902954
5 0.6745213549337261 0.6339662447257384 0.30633284241531666 0.027426160337552744
