7 0.3215339233038348 0.2806652806652807 0.3185840707964602 0.02079002079002079
2 0.6047197640117994 0.4677754677754678 0.20058997050147492 0.02494802494802495
1 0.8702064896755162 0.8118503118503119 0.011799410029498525 0.018711018711018712
0 0.801622418879056 0.91995841995842 0.15781710914454278 0.031185031185031187
8 0.5553097345132744 0.9241164241164241 0.12831858407079647 0.02702702702702703
6 0.2861356932153392 0.9241164241164241 0.15634218289085547 0.02286902286902287
9 0.10619469026548672 0.7889812889812889 0.029498525073746312 0.34303534303534305
3 0.8281710914454278 0.46673596673596673 0.140117994100295 0.02702702702702703
4 0.75 0.3700623700623701 0.04277286135693215 0.02079002079002079
4 0.883480825958702 0.369022869022869 0.02359882005899705 0.018711018711018712
4 0.5589970501474927 0.369022869022869 0.10324483775811209 0.02286902286902287
5 0.661504424778761 0.5634095634095634 0.3053097345132743 0.02494802494802495
5 0.6622418879056047 0.6424116424116424 0.30678466076696165 0.02494802494802495
