7 0.326555023923445 0.2699822380106572 0.3157894736842105 0.021314387211367674
2 0.6136363636363636 0.45381882770870335 0.19856459330143542 0.02664298401420959
1 0.8899521531100478 0.7948490230905861 0.014354066985645933 0.019538188277087035
0 0.8098086124401914 0.9031971580817052 0.12679425837320574 0.03374777975133215
8 0.5717703349282297 0.9076376554174067 0.12679425837320574 0.02486678507992895
6 0.30741626794258375 0.911190053285968 0.1674641148325359 0.02486678507992895
9 0.10526315789473684 0.7619893428063943 0.03827751196172249 0.35879218472468916
3 0.8415071770334929 0.4493783303730018 0.12799043062200957 0.02486678507992895
4 0.7655502392344498 0.3552397868561279 0.045454545454545456 0.017761989342806393
4 0.9001196172248804 0.35257548845470693 0.017942583732057416 0.012433392539964476
4 0.5807416267942583 0.35790408525754885 0.11363636363636363 0.023090586145648313
5 0.6489234449760766 0.5506216696269982 0.25 0.017761989342806393
5 0.5651913875598086 0.5914742451154529 0.08253588516746412 0.017761989342806393
5 0.65311004784689 0.6287744227353463 0.2631578947368421 0.021314387211367674
5 0.5765550239234449 0.6714031971580817 0.10526315789473684 0.021314387211367674
