7 0.347953216374269 0.2753108348134991 0.36374269005847953 0.021314387211367674
2 0.5953216374269006 0.4689165186500888 0.17543859649122806 0.02486678507992895
1 0.8730994152046784 0.8108348134991119 0.010526315789473684 0.019538188277087035
0 0.7865497076023392 0.9209591474245116 0.12514619883040937 0.02664298401420959
8 0.572514619883041 0.9191829484902309 0.14619883040935672 0.03019538188277087
6 0.28830409356725145 0.9227353463587922 0.15087719298245614 0.023090586145648313
9 0.09415204678362574 0.783303730017762 0.026900584795321637 0.33747779751332146
3 0.8216374269005848 0.46536412078152756 0.12280701754385964 0.02486678507992895
4 0.747953216374269 0.36767317939609234 0.031578947368421054 0.017761989342806393
4 0.8859649122807017 0.36678507992895204 0.019883040935672516 0.015985790408525755
4 0.5614035087719298 0.36678507992895204 0.10292397660818714 0.019538188277087035
5 0.6695906432748538 0.5612788632326821 0.3192982456140351 0.021314387211367674
5 0.6461988304093568 0.6412078152753108 0.26783625730994154 0.021314387211367674
5 0.5678362573099415 0.6820603907637656 0.1111111111111111 0.021314387211367674
