7 0.39433551198257083 0.2727272727272727 0.10457516339869281 0.021212121212121213
2 0.5996732026143791 0.4602272727272727 0.18736383442265794 0.020454545454545454
1 0.8668300653594772 0.7962121212121213 0.013616557734204794 0.021212121212121213
0 0.8080065359477124 0.8890151515151515 0.1377995642701525 0.026515151515151516
8 0.5931372549019608 0.8859848484848485 0.1655773420479303 0.03257575757575758
6 0.3044662309368192 0.8912878787878787 0.16993464052287582 0.025
9 0.11356209150326797 0.7534090909090909 0.03431372549019608 0.3446969696969697
3 0.8178104575163399 0.4609848484848485 0.12254901960784313 0.023484848484848483
4 0.8504901960784313 0.36666666666666664 0.02559912854030501 0.01818181818181818
4 0.7388344226579521 0.36666666666666664 0.03431372549019608 0.016666666666666666
4 0.5607298474945533 0.36515151515151517 0.10947712418300654 0.019696969696969695
5 0.6816448801742919 0.5602272727272727 0.3371459694989107 0.01893939393939394
5 0.7799564270152506 0.6579545454545455 0.027233115468409588 0.020454545454545454
5 0.5822440087145969 0.7098484848484848 0.13507625272331156 0.021212121212121213
