7 0.30119581464872947 0.2547568710359408 0.28550074738415543 0.019027484143763214
2 0.6128550074738416 0.44714587737843553 0.20328849028400597 0.023255813953488372
1 0.8766816143497758 0.7980972515856237 0.01046337817638266 0.019027484143763214
0 0.7944693572496263 0.9112050739957717 0.14499252615844543 0.03382663847780127
8 0.5620328849028401 0.9133192389006343 0.12855007473841554 0.02959830866807611
6 0.28475336322869954 0.9038054968287527 0.15994020926756353 0.035940803382663845
9 0.11360239162929746 0.7568710359408034 0.029895366218236172 0.35095137420718814
3 0.8370702541106129 0.4513742071881607 0.14349775784753363 0.02748414376321353
4 0.5710014947683109 0.35200845665961944 0.11659192825112108 0.023255813953488372
4 0.7533632286995515 0.35412262156448204 0.03587443946188341 0.019027484143763214
4 0.890881913303438 0.3498942917547569 0.02391629297458894 0.014799154334038054
5 0.6517189835575485 0.547568710359408 0.28400597907324365 0.021141649048625793
5 0.6210762331838565 0.6289640591966174 0.2257100149476831 0.019027484143763214
5 0.5724962630792227 0.6638477801268499 0.13153961136023917 0.02536997885835095
