7 0.31857142857142856 0.25363825363825365 0.22857142857142856 0.02079002079002079
2 0.6314285714285715 0.4584199584199584 0.1742857142857143 0.02286902286902287
1 0.8942857142857142 0.816008316008316 0.011428571428571429 0.018711018711018712
0 0.8092857142857143 0.9282744282744283 0.13857142857142857 0.031185031185031187
8 0.5785714285714286 0.920997920997921 0.14 0.02494802494802495
6 0.2785714285714286 0.9178794178794178 0.1657142857142857 0.02702702702702703
9 0.08857142857142856 0.7411642411642412 0.03428571428571429 0.3970893970893971
3 0.8621428571428571 0.46465696465696466 0.13857142857142857 0.02702702702702703
4 0.6321428571428571 0.35550935550935553 0.18142857142857144 0.02079002079002079
5 0.6964285714285714 0.5602910602910602 0.31 0.02286902286902287
5 0.7092857142857143 0.6642411642411642 0.3385714285714286 0.02286902286902287
5 0.5878571428571429 0.7130977130977131 0.08714285714285715 0.02079002079002079
