7 0.3453791469194313 0.2580357142857143 0.33767772511848343 0.023214285714285715
2 0.6131516587677726 0.45 0.17890995260663506 0.025
1 0.8874407582938388 0.7973214285714286 0.011848341232227487 0.019642857142857142
0 0.8050947867298578 0.9035714285714286 0.12677725118483413 0.025
8 0.5752369668246445 0.9133928571428571 0.12677725118483413 0.023214285714285715
6 0.2908767772511848 0.9151785714285714 0.12677725118483413 0.019642857142857142
9 0.1018957345971564 0.7696428571428572 0.037914691943127965 0.35714285714285715
3 0.8382701421800948 0.4446428571428571 0.12677725118483413 0.025
4 0.5770142180094787 0.35267857142857145 0.1018957345971564 0.019642857142857142
4 0.7659952606635071 0.34910714285714284 0.03672985781990521 0.019642857142857142
4 0.9004739336492891 0.3455357142857143 0.02132701421800948 0.01607142857142857
5 0.6504739336492891 0.5455357142857142 0.24644549763033174 0.019642857142857142
5 0.5598341232227488 0.5848214285714286 0.06279620853080568 0.019642857142857142
5 0.6546208530805687 0.625 0.259478672985782 0.02142857142857143
5 0.5912322274881516 0.6696428571428571 0.12559241706161137 0.02142857142857143
