7 0.3333333333333333 0.2515592515592516 0.2874074074074074 0.02079002079002079
2 0.6281481481481481 0.4521829521829522 0.20444444444444446 0.02286902286902287
1 0.8614814814814815 0.8087318087318087 0.01037037037037037 0.016632016632016633
0 0.8007407407407408 0.9054054054054054 0.1437037037037037 0.031185031185031187
8 0.5622222222222222 0.9002079002079002 0.1437037037037037 0.02494802494802495
6 0.3 0.895010395010395 0.17629629629629628 0.02702702702702703
9 0.09407407407407407 0.739085239085239 0.03111111111111111 0.37214137214137216
3 0.8385185185185186 0.4573804573804574 0.1274074074074074 0.04158004158004158
4 0.6488888888888888 0.35446985446985446 0.2311111111111111 0.02286902286902287
5 0.6577777777777778 0.553014553014553 0.2637037037037037 0.02079002079002079
5 0.5837037037037037 0.6008316008316008 0.11555555555555555 0.02079002079002079
5 0.6644444444444444 0.6538461538461539 0.28 0.018711018711018712
