7 0.3230088495575221 0.27719665271966526 0.30678466076696165 0.0397489539748954
2 0.6238938053097345 0.4696652719665272 0.22123893805309736 0.027196652719665274
1 0.8820058997050148 0.8158995815899581 0.011799410029498525 0.02092050209205021
0 0.8148967551622419 0.9257322175732218 0.15781710914454278 0.03138075313807531
8 0.5737463126843658 0.9246861924686193 0.14454277286135694 0.02510460251046025
6 0.3089970501474926 0.9257322175732218 0.1902654867256637 0.027196652719665274
9 0.09808259587020648 0.7771966527196653 0.028023598820058997 0.3117154811715481
3 0.834070796460177 0.4696652719665272 0.1430678466076696 0.027196652719665274
4 0.5803834808259587 0.37552301255230125 0.12831858407079647 0.02301255230125523
4 0.7647492625368731 0.3713389121338912 0.05457227138643068 0.01882845188284519
4 0.8952802359882006 0.3713389121338912 0.02654867256637168 0.02301255230125523
5 0.6674041297935103 0.5648535564853556 0.29646017699115046 0.02510460251046025
5 0.5730088495575221 0.6056485355648535 0.11356932153392331 0.02301255230125523
5 0.6467551622418879 0.6443514644351465 0.2610619469026549 0.02092050209205021
5 0.5737463126843658 0.6830543933054394 0.11209439528023599 0.02301255230125523
