7 0.34009546539379476 0.2512998266897747 0.32935560859188545 0.02079722703639515
2 0.6247016706443914 0.4488734835355286 0.23031026252983294 0.03119584055459272
1 0.8705250596658711 0.8180242634315424 0.025059665871121718 0.02079722703639515
0 0.8162291169451074 0.9107452339688041 0.15274463007159905 0.029462738301559793
8 0.5900954653937948 0.9098786828422877 0.16348448687350836 0.03119584055459272
6 0.2977326968973747 0.9107452339688041 0.1658711217183771 0.03292894280762565
9 0.10202863961813842 0.8292894280762565 0.027446300715990454 0.34488734835355284
3 0.8424821002386634 0.44974003466204504 0.15274463007159905 0.025996533795493933
4 0.613961813842482 0.3466204506065858 0.20883054892601433 0.024263431542461005
5 0.7040572792362768 0.5554592720970537 0.3723150357995227 0.022530329289428077
5 0.5531026252983293 0.6022530329289428 0.07279236276849642 0.022530329289428077
5 0.6784009546539379 0.6672443674176777 0.31861575178997614 0.02772963604852686
5 0.551909307875895 0.7175043327556326 0.07517899761336516 0.02079722703639515
