7 0.3527315914489311 0.2535211267605634 0.3515439429928741 0.02112676056338028
2 0.6247030878859857 0.44454225352112675 0.21140142517814728 0.02640845070422535
1 0.8877672209026128 0.7816901408450704 0.010688836104513063 0.017605633802816902
0 0.7992874109263658 0.8908450704225352 0.12826603325415678 0.02464788732394366
8 0.5706650831353919 0.8943661971830986 0.12707838479809977 0.02464788732394366
6 0.28978622327790976 0.8987676056338029 0.1377672209026128 0.022887323943661973
9 0.10629453681710213 0.7755281690140845 0.027315914489311165 0.3221830985915493
3 0.8390736342042755 0.44630281690140844 0.12707838479809977 0.03345070422535211
4 0.7612826603325415 0.34330985915492956 0.0332541567695962 0.017605633802816902
4 0.9002375296912114 0.34066901408450706 0.023752969121140142 0.01584507042253521
4 0.5766033254156769 0.34330985915492956 0.10332541567695962 0.028169014084507043
5 0.6728028503562945 0.5422535211267606 0.3004750593824228 0.028169014084507043
5 0.5617577197149644 0.5818661971830986 0.07363420427553444 0.022887323943661973
5 0.6787410926365796 0.6179577464788732 0.31235154394299286 0.02112676056338028
5 0.5564133016627079 0.6584507042253521 0.07007125890736342 0.017605633802816902
