7 0.36217183770883055 0.2452991452991453 0.3711217183770883 0.022222222222222223
2 0.6247016706443914 0.4427350427350427 0.22792362768496421 0.03076923076923077
1 0.8633651551312649 0.8068376068376069 0.013126491646778043 0.020512820512820513
0 0.8156324582338902 0.8982905982905983 0.1515513126491647 0.02905982905982906
8 0.5900954653937948 0.8974358974358975 0.16348448687350836 0.03076923076923077
6 0.29832935560859186 0.8948717948717949 0.16706443914081145 0.02564102564102564
9 0.10202863961813842 0.8111111111111111 0.027446300715990454 0.3264957264957265
3 0.8430787589498807 0.44529914529914527 0.14916467780429593 0.02564102564102564
4 0.6157517899761337 0.3435897435897436 0.20763723150357996 0.020512820512820513
5 0.704653937947494 0.5478632478632479 0.3711217183770883 0.022222222222222223
5 0.5608591885441527 0.594017094017094 0.09069212410501193 0.022222222222222223
5 0.7088305489260143 0.6555555555555556 0.3818615751789976 0.022222222222222223
5 0.5656324582338902 0.7076923076923077 0.10501193317422435 0.020512820512820513
