7 0.372210953346856 0.24856321839080459 0.43610547667342797 0.022988505747126436
2 0.6075050709939148 0.44396551724137934 0.2210953346855984 0.02586206896551724
1 0.8605476673427992 0.8081896551724138 0.013184584178498986 0.021551724137931036
0 0.8154158215010142 0.8994252873563219 0.16835699797160245 0.031609195402298854
8 0.5765720081135902 0.9022988505747126 0.16937119675456389 0.031609195402298854
6 0.2733265720081136 0.9022988505747126 0.15314401622718052 0.022988505747126436
9 0.09127789046653144 0.7895114942528736 0.028397565922920892 0.3261494252873563
3 0.8417849898580122 0.4432471264367816 0.16835699797160245 0.033045977011494254
4 0.609026369168357 0.3426724137931034 0.22413793103448276 0.021551724137931036
5 0.6455375253549696 0.5488505747126436 0.29107505070993916 0.022988505747126436
5 0.6490872210953347 0.6544540229885057 0.2880324543610548 0.021551724137931036
5 0.5669371196754563 0.7083333333333334 0.12778904665314403 0.022988505747126436
