7 0.3136966126656848 0.25316455696202533 0.2709867452135493 0.02531645569620253
2 0.6156111929307806 0.4525316455696203 0.20029455081001474 0.027426160337552744
1 0.8792341678939617 0.8037974683544303 0.026509572901325478 0.02109704641350211
0 0.801178203240059 0.9103375527426161 0.14138438880706922 0.027426160337552744
8 0.585419734904271 0.9061181434599156 0.15758468335787923 0.027426160337552744
6 0.30486008836524303 0.9061181434599156 0.1561119293078056 0.023206751054852322
9 0.11119293078055964 0.7795358649789029 0.033873343151693665 0.3143459915611814
3 0.8313696612665685 0.45358649789029537 0.12812960235640647 0.02531645569620253
4 0.5765832106038291 0.35232067510548526 0.1134020618556701 0.02109704641350211
4 0.7577319587628866 0.35548523206751054 0.036818851251840944 0.0189873417721519
4 0.8961708394698086 0.35548523206751054 0.027982326951399118 0.0189873417721519
5 0.6612665684830633 0.5474683544303798 0.2768777614138439 0.0189873417721519
5 0.6723122238586157 0.6318565400843882 0.30486008836524303 0.027426160337552744
