7 0.37142857142857144 0.2686868686868687 0.3628571428571429 0.020202020202020204
2 0.6214285714285714 0.4696969696969697 0.19428571428571428 0.022222222222222223
1 0.8564285714285714 0.8181818181818182 0.01 0.01616161616161616
0 0.7821428571428571 0.9202020202020202 0.15285714285714286 0.026262626262626262
8 0.5514285714285714 0.9131313131313131 0.14 0.028282828282828285
6 0.2542857142857143 0.9040404040404041 0.15142857142857144 0.022222222222222223
9 0.08357142857142857 0.7464646464646465 0.032857142857142856 0.3696969696969697
3 0.8328571428571429 0.47575757575757577 0.14 0.030303030303030304
4 0.6342857142857142 0.37272727272727274 0.2257142857142857 0.022222222222222223
5 0.6278571428571429 0.5666666666666667 0.21571428571428572 0.01818181818181818
5 0.5821428571428572 0.6161616161616161 0.12428571428571429 0.020202020202020204
5 0.6314285714285715 0.6636363636363637 0.22857142857142856 0.022222222222222223
5 0.5642857142857143 0.7141414141414142 0.08857142857142856 0.01818181818181818
