7 0.31214285714285717 0.2852760736196319 0.27 0.04294478527607362
2 0.605 0.4887525562372188 0.1757142857142857 0.028629856850715747
1 0.8492857142857143 0.8312883435582822 0.012857142857142857 0.018404907975460124
0 0.775 0.9304703476482618 0.15285714285714286 0.028629856850715747
8 0.5514285714285714 0.9304703476482618 0.14 0.024539877300613498
6 0.25142857142857145 0.9314928425357873 0.13714285714285715 0.022494887525562373
9 0.095 0.7862985685071575 0.027142857142857142 0.3210633946830266
3 0.8307142857142857 0.48466257668711654 0.13857142857142857 0.028629856850715747
4 0.6335714285714286 0.3895705521472393 0.22428571428571428 0.026584867075664622
5 0.6564285714285715 0.5858895705521472 0.2814285714285714 0.018404907975460124
5 0.5464285714285714 0.6319018404907976 0.07 0.02044989775051125
5 0.6778571428571428 0.6809815950920245 0.3242857142857143 0.024539877300613498
