7 0.3435714285714286 0.27309236947791166 0.31 0.024096385542168676
2 0.61 0.4748995983935743 0.15714285714285714 0.02208835341365462
1 0.8764285714285714 0.8283132530120482 0.01 0.018072289156626505
0 0.8 0.928714859437751 0.15428571428571428 0.030120481927710843
8 0.5764285714285714 0.9267068273092369 0.15285714285714286 0.030120481927710843
6 0.27214285714285713 0.9186746987951807 0.15285714285714286 0.02208835341365462
9 0.09428571428571429 0.7690763052208835 0.03142857142857143 0.3493975903614458
3 0.8507142857142858 0.4799196787148594 0.13857142857142857 0.024096385542168676
4 0.645 0.3795180722891566 0.22428571428571428 0.024096385542168676
5 0.6635714285714286 0.5773092369477911 0.2671428571428571 0.02208835341365462
5 0.5921428571428572 0.6265060240963856 0.12714285714285714 0.020080321285140562
5 0.6628571428571428 0.6757028112449799 0.26571428571428574 0.018072289156626505
