7 0.31691176470588234 0.2689075630252101 0.2926470588235294 0.02100840336134454
2 0.6125 0.4684873949579832 0.2161764705882353 0.03361344537815126
1 0.8595588235294118 0.8235294117647058 0.010294117647058823 0.02100840336134454
0 0.8110294117647059 0.917016806722689 0.15735294117647058 0.03571428571428571
8 0.5727941176470588 0.9117647058823529 0.1426470588235294 0.025210084033613446
6 0.3044117647058823 0.9107142857142857 0.17352941176470588 0.0273109243697479
9 0.11176470588235295 0.8182773109243697 0.03529411764705882 0.296218487394958
3 0.8272058823529411 0.4684873949579832 0.1426470588235294 0.03361344537815126
4 0.6264705882352941 0.36764705882352944 0.24411764705882352 0.025210084033613446
5 0.6544117647058824 0.569327731092437 0.2911764705882353 0.029411764705882353
5 0.5661764705882353 0.6134453781512605 0.11176470588235295 0.025210084033613446
5 0.6772058823529412 0.6733193277310925 0.3338235294117647 0.023109243697478993
