7 0.3394988066825776 0.25216637781629114 0.32816229116945106 0.025996533795493933
2 0.6241050119331742 0.44714038128249567 0.22911694510739858 0.03119584055459272
1 0.863961813842482 0.8162911611785095 0.011933174224343675 0.02079722703639515
0 0.8162291169451074 0.9090121317157712 0.15035799522673032 0.029462738301559793
8 0.5900954653937948 0.9081455805892548 0.16348448687350836 0.03119584055459272
6 0.2989260143198091 0.9098786828422877 0.1658711217183771 0.03466204506065858
9 0.10202863961813842 0.8275563258232236 0.027446300715990454 0.34488734835355284
3 0.8430787589498807 0.451473136915078 0.14916467780429593 0.03292894280762565
4 0.613961813842482 0.3440207972270364 0.20883054892601433 0.022530329289428077
5 0.6730310262529833 0.5537261698440208 0.31026252983293556 0.022530329289428077
5 0.5805489260143198 0.6005199306759099 0.14200477326968974 0.022530329289428077
5 0.6867541766109785 0.6629116117850953 0.34009546539379476 0.022530329289428077
5 0.5656324582338902 0.7157712305025996 0.10501193317422435 0.02079722703639515
