7 0.33805970149253733 0.2721518987341772 0.3567164179104478 0.03375527426160337
2 0.5962686567164179 0.47151898734177217 0.18358208955223881 0.023206751054852322
1 0.8888059701492538 0.8185654008438819 0.028358208955223882 0.02109704641350211
0 0.808955223880597 0.9314345991561181 0.1582089552238806 0.027426160337552744
8 0.5746268656716418 0.929324894514768 0.1582089552238806 0.027426160337552744
6 0.29253731343283584 0.930379746835443 0.1761194029850746 0.02531645569620253
9 0.09776119402985074 0.819620253164557 0.028358208955223882 0.36075949367088606
3 0.835820895522388 0.47151898734177217 0.14328358208955225 0.027426160337552744
4 0.746268656716418 0.37130801687763715 0.03582089552238806 0.016877637130801686
4 0.5634328358208955 0.3691983122362869 0.10298507462686567 0.02109704641350211
4 0.8925373134328358 0.37130801687763715 0.029850746268656716 0.02109704641350211
5 0.6805970149253732 0.569620253164557 0.34626865671641793 0.02109704641350211
5 0.667910447761194 0.6476793248945147 0.3119402985074627 0.02109704641350211
5 0.5634328358208955 0.689873417721519 0.10298507462686567 0.02109704641350211
