7 0.3521545319465082 0.28661087866108786 0.3833580980683507 0.02510460251046025
2 0.6196136701337296 0.47489539748953974 0.22288261515601784 0.02510460251046025
1 0.8692421991084696 0.8221757322175732 0.01188707280832095 0.02092050209205021
0 0.7904903417533432 0.9309623430962343 0.14561664190193166 0.029288702928870293
8 0.5616641901931649 0.9288702928870293 0.14561664190193166 0.03765690376569038
6 0.2823179791976226 0.9320083682008368 0.1575037147102526 0.02301255230125523
9 0.09955423476968796 0.8023012552301255 0.03566121842496285 0.3075313807531381
3 0.8291233283803864 0.47594142259414224 0.1426448736998514 0.027196652719665274
4 0.5676077265973254 0.3807531380753138 0.11292719167904904 0.02092050209205021
4 0.7488855869242199 0.3797071129707113 0.03566121842496285 0.01882845188284519
4 0.8863298662704309 0.3776150627615063 0.022288261515601784 0.014644351464435146
5 0.649331352154532 0.5721757322175732 0.27934621099554235 0.02301255230125523
5 0.5601783060921248 0.6077405857740585 0.10104011887072809 0.03138075313807531
5 0.6753343239227341 0.6548117154811716 0.3224368499257058 0.02510460251046025
10 0.586924219910847 0.8138075313807531 0.1575037147102526 0.04184100418410042
