7 0.3089820359281437 0.27208480565371024 0.3137724550898204 0.02120141342756184
2 0.6179640718562874 0.45671378091872794 0.22994011976047904 0.030035335689045935
1 0.8826347305389222 0.7968197879858657 0.02155688622754491 0.0176678445229682
0 0.7964071856287425 0.9054770318021201 0.13892215568862276 0.026501766784452298
8 0.5544910179640719 0.9090106007067138 0.12934131736526946 0.026501766784452298
6 0.2748502994011976 0.9143109540636042 0.15449101796407186 0.022968197879858657
9 0.081437125748503 0.7756183745583038 0.02874251497005988 0.33568904593639576
3 0.8251497005988024 0.4540636042402827 0.12694610778443113 0.024734982332155476
4 0.5616766467065868 0.3630742049469965 0.11497005988023952 0.022968197879858657
4 0.7520958083832335 0.35954063604240283 0.03592814371257485 0.019434628975265017
4 0.8892215568862275 0.35600706713780916 0.022754491017964073 0.019434628975265017
5 0.6580838323353293 0.5512367491166078 0.3005988023952096 0.02120141342756184
5 0.6455089820359281 0.6316254416961131 0.28023952095808385 0.022968197879858657
5 0.551497005988024 0.6740282685512368 0.09221556886227544 0.019434628975265017
