7 0.32828870779976715 0.27996422182468694 0.3329452852153667 0.026833631484794274
2 0.6111757857974389 0.46869409660107336 0.20721769499417927 0.028622540250447227
1 0.8766006984866124 0.8184257602862254 0.023282887077997673 0.01967799642218247
0 0.7956926658905704 0.9275491949910555 0.1478463329452852 0.026833631484794274
8 0.5570430733410943 0.9257602862254025 0.12456344586728754 0.026833631484794274
6 0.29220023282887075 0.9230769230769231 0.16065192083818394 0.025044722719141325
9 0.09778812572759023 0.7647584973166368 0.027939464493597205 0.34525939177101966
3 0.8213038416763678 0.47137745974955275 0.12456344586728754 0.026833631484794274
4 0.5669383003492433 0.3676207513416816 0.11175785797438882 0.023255813953488372
4 0.7473806752037253 0.3738819320214669 0.03259604190919674 0.017889087656529516
4 0.8835855646100116 0.37209302325581395 0.023282887077997673 0.02146690518783542
5 0.6309662398137369 0.5652951699463328 0.2421420256111758 0.02146690518783542
5 0.6623981373690337 0.6475849731663685 0.309662398137369 0.02146690518783542
5 0.5640279394644936 0.6851520572450805 0.10826542491268917 0.02146690518783542
