7 0.3103953147877013 0.28615702479338845 0.26061493411420206 0.01859504132231405
2 0.6193265007320644 0.47830578512396693 0.2020497803806735 0.030991735537190084
1 0.8894582723279648 0.8202479338842975 0.024890190336749635 0.01652892561983471
0 0.7972181551976574 0.9266528925619835 0.1273792093704246 0.022727272727272728
8 0.5739385065885798 0.9276859504132231 0.1259150805270864 0.024793388429752067
6 0.29428989751098095 0.9276859504132231 0.15226939970717424 0.024793388429752067
9 0.13177159590043924 0.16735537190082644 0.2664714494875549 0.049586776859504134
3 0.842606149341142 0.4793388429752066 0.14202049780380674 0.028925619834710745
4 0.7562225475841874 0.381198347107438 0.03074670571010249 0.01859504132231405
4 0.5739385065885798 0.38016528925619836 0.09956076134699854 0.02066115702479339
4 0.9004392386530015 0.381198347107438 0.02342606149341142 0.01859504132231405
5 0.6273792093704246 0.5723140495867769 0.20644216691068815 0.01652892561983471
5 0.5724743777452416 0.6115702479338843 0.10248901903367497 0.02066115702479339
5 0.6515373352855052 0.6508264462809917 0.26061493411420206 0.02066115702479339
5 0.5732064421669106 0.6900826446280992 0.09809663250366032 0.02066115702479339
