7 0.38439306358381503 0.23655913978494625 0.3988439306358382 0.021505376344086023
2 0.630057803468208 0.4381720430107527 0.20578034682080926 0.034050179211469536
1 0.9017341040462428 0.7903225806451613 0.020809248554913295 0.017921146953405017
0 0.8173410404624277 0.9005376344086021 0.14566473988439307 0.026881720430107527
8 0.5757225433526012 0.9014336917562724 0.13179190751445086 0.02867383512544803
6 0.30289017341040464 0.8987455197132617 0.15028901734104047 0.023297491039426525
9 0.11098265895953757 0.7956989247311828 0.027745664739884393 0.34408602150537637
3 0.8450867052023121 0.4327956989247312 0.12254335260115606 0.023297491039426525
4 0.584971098265896 0.3342293906810036 0.09942196531791908 0.01971326164874552
4 0.7687861271676301 0.3342293906810036 0.03005780346820809 0.016129032258064516
4 0.9127167630057803 0.3342293906810036 0.021965317919075144 0.01971326164874552
5 0.6549132947976879 0.5340501792114696 0.2508670520231214 0.02867383512544803
5 0.5705202312138729 0.5734767025089605 0.07514450867052024 0.021505376344086023
5 0.7104046242774567 0.6137992831541219 0.35953757225433525 0.023297491039426525
5 0.5815028901734104 0.6559139784946236 0.10173410404624278 0.017921146953405017
