7 0.24910179640718563 0.2703180212014134 0.19640718562874251 0.02120141342756184
2 0.6173652694610778 0.4558303886925795 0.2311377245508982 0.028268551236749116
1 0.8754491017964072 0.7950530035335689 0.009580838323353293 0.0176678445229682
0 0.7970059880239521 0.9037102473498233 0.14491017964071856 0.026501766784452298
8 0.5544910179640719 0.9063604240282686 0.12455089820359282 0.024734982332155476
6 0.274251497005988 0.9125441696113075 0.1532934131736527 0.022968197879858657
9 0.08023952095808383 0.773851590106007 0.02874251497005988 0.33568904593639576
3 0.8245508982035928 0.45141342756183744 0.1281437125748503 0.022968197879858657
4 0.5592814371257485 0.3621908127208481 0.11736526946107785 0.024734982332155476
4 0.7508982035928143 0.357773851590106 0.03592814371257485 0.019434628975265017
4 0.8880239520958084 0.3542402826855124 0.025149700598802394 0.019434628975265017
5 0.6353293413173653 0.549469964664311 0.2622754491017964 0.02120141342756184
5 0.6449101796407186 0.6289752650176679 0.27904191616766466 0.028268551236749116
5 0.5431137724550898 0.6722614840989399 0.07544910179640718 0.019434628975265017
