7 0.32 0.2854251012145749 0.26571428571428574 0.020242914979757085
2 0.6164285714285714 0.4848178137651822 0.1757142857142857 0.022267206477732792
1 0.8764285714285714 0.8370445344129555 0.01 0.018218623481781375
0 0.8007142857142857 0.9382591093117408 0.15285714285714286 0.030364372469635626
8 0.5657142857142857 0.9352226720647774 0.14 0.03643724696356275
6 0.24642857142857144 0.9291497975708503 0.13857142857142857 0.020242914979757085
9 0.08214285714285714 0.7904858299595142 0.027142857142857142 0.31781376518218624
3 0.8371428571428572 0.4868421052631579 0.12285714285714286 0.02631578947368421
4 0.6285714285714286 0.39068825910931176 0.2 0.024291497975708502
5 0.6485714285714286 0.5840080971659919 0.24 0.022267206477732792
5 0.5771428571428572 0.6336032388663968 0.1 0.016194331983805668
5 0.6892857142857143 0.6831983805668016 0.3271428571428571 0.022267206477732792
5 0.5635714285714286 0.7327935222672065 0.06714285714285714 0.020242914979757085
