7 0.3074679113185531 0.27090909090909093 0.26954492415402564 0.02181818181818182
2 0.6126021003500584 0.4781818181818182 0.19136522753792298 0.025454545454545455
1 0.882730455075846 0.8454545454545455 0.012835472578763127 0.01818181818181818
0 0.8033838973162194 0.9536363636363636 0.14819136522753792 0.038181818181818185
8 0.5688448074679113 0.9409090909090909 0.13418903150525088 0.02727272727272727
6 0.27887981330221706 0.9318181818181818 0.13768961493582263 0.023636363636363636
9 0.1266044340723454 0.16727272727272727 0.2555425904317386 0.05818181818181818
3 0.8430571761960327 0.48727272727272725 0.13418903150525088 0.02909090909090909
4 0.5705950991831972 0.3790909090909091 0.10268378063010501 0.023636363636363636
4 0.7631271878646441 0.38727272727272727 0.03733955659276546 0.02181818181818182
4 0.9043173862310385 0.39090909090909093 0.023337222870478413 0.02181818181818182
5 0.6114352392065344 0.5763636363636364 0.17736289381563594 0.02181818181818182
5 0.558926487747958 0.6981818181818182 0.07701283547257877 0.01818181818181818
5 0.6715285880980163 0.6545454545454545 0.30688448074679114 0.02181818181818182
