7 0.32547864506627394 0.2552742616033755 0.2916053019145803 0.02531645569620253
2 0.6170839469808542 0.45464135021097046 0.20029455081001474 0.027426160337552744
1 0.874079528718704 0.8048523206751055 0.016200294550810016 0.0189873417721519
0 0.8019145802650958 0.9124472573839663 0.13991163475699558 0.027426160337552744
8 0.5868924889543446 0.9082278481012658 0.15758468335787923 0.027426160337552744
6 0.30559646539027985 0.9092827004219409 0.15463917525773196 0.02531645569620253
9 0.10972017673048601 0.7805907172995781 0.027982326951399118 0.31223628691983124
3 0.8328424153166422 0.45569620253164556 0.12812960235640647 0.02531645569620253
4 0.5795287187039765 0.35443037974683544 0.1134020618556701 0.02109704641350211
4 0.7584683357879234 0.35654008438818563 0.035346097201767304 0.016877637130801686
4 0.8976435935198822 0.35864978902953587 0.027982326951399118 0.02109704641350211
5 0.6745213549337261 0.54957805907173 0.3004418262150221 0.0189873417721519
5 0.6767304860088366 0.630801687763713 0.3078055964653903 0.02109704641350211
