7 0.2947674418604651 0.2580935251798561 0.2941860465116279 0.019784172661870502
2 0.5819767441860465 0.4577338129496403 0.19186046511627908 0.02697841726618705
1 0.852906976744186 0.8084532374100719 0.01744186046511628 0.012589928057553957
0 0.7796511627906977 0.9217625899280576 0.13604651162790699 0.02697841726618705
8 0.5436046511627907 0.9181654676258992 0.12209302325581395 0.02697841726618705
6 0.2738372093023256 0.9136690647482014 0.13604651162790699 0.02158273381294964
9 0.10232558139534884 0.7733812949640287 0.037209302325581395 0.36330935251798563
3 0.8063953488372093 0.4595323741007194 0.13372093023255813 0.02697841726618705
4 0.5465116279069767 0.35701438848920863 0.11162790697674418 0.023381294964028777
4 0.7226744186046512 0.3606115107913669 0.03604651162790698 0.019784172661870502
4 0.8552325581395349 0.36330935251798563 0.022093023255813953 0.017985611510791366
5 0.6116279069767442 0.5539568345323741 0.24186046511627907 0.02158273381294964
5 0.641860465116279 0.6366906474820144 0.29534883720930233 0.02158273381294964
