7 0.2929061784897025 0.25989208633093525 0.2379862700228833 0.019784172661870502
2 0.6172768878718535 0.4568345323741007 0.2048054919908467 0.03237410071942446
1 0.8878718535469108 0.8111510791366906 0.011441647597254004 0.017985611510791366
0 0.799771167048055 0.9217625899280576 0.13043478260869565 0.02697841726618705
8 0.5766590389016019 0.920863309352518 0.14416475972540047 0.02877697841726619
6 0.3026315789473684 0.9226618705035972 0.15903890160183065 0.025179856115107913
9 0.10354691075514874 0.7841726618705036 0.03775743707093822 0.3597122302158273
3 0.8398169336384439 0.45323741007194246 0.13272311212814644 0.02877697841726619
4 0.7574370709382151 0.35251798561151076 0.043478260869565216 0.017985611510791366
4 0.8958810068649885 0.3516187050359712 0.02288329519450801 0.019784172661870502
4 0.5806636155606407 0.3498201438848921 0.11784897025171624 0.023381294964028777
5 0.6670480549199085 0.5512589928057554 0.2974828375286041 0.023381294964028777
5 0.5623569794050344 0.5926258992805755 0.08581235697940504 0.023381294964028777
5 0.6550343249427918 0.637589928057554 0.2734553775743707 0.019784172661870502
5 0.5577803203661327 0.6780575539568345 0.06750572082379863 0.02158273381294964
