7 0.327123695976155 0.26559139784946234 0.2906110283159464 0.01935483870967742
2 0.61698956780924 0.4666666666666667 0.18479880774962743 0.025806451612903226
1 0.8748137108792846 0.8290322580645161 0.029806259314456036 0.023655913978494623
0 0.789865871833085 0.9290322580645162 0.12816691505216096 0.025806451612903226
8 0.5625931445603577 0.9268817204301075 0.14157973174366617 0.025806451612903226
6 0.29731743666169896 0.9247311827956989 0.17734724292101342 0.025806451612903226
9 0.09165424739195231 0.7881720430107527 0.03427719821162444 0.3548387096774194
3 0.8338301043219076 0.46559139784946235 0.13561847988077497 0.02795698924731183
4 0.6453055141579732 0.36236559139784946 0.23546944858420268 0.02795698924731183
5 0.6639344262295082 0.5709677419354838 0.2757078986587183 0.01935483870967742
5 0.5685543964232489 0.6193548387096774 0.08792846497764531 0.021505376344086023
5 0.6706408345752608 0.6709677419354839 0.29210134128166915 0.021505376344086023
5 0.5514157973174366 0.7215053763440861 0.05663189269746647 0.01935483870967742
