7 0.3247422680412371 0.25316455696202533 0.28718703976435933 0.02531645569620253
2 0.6163475699558174 0.45147679324894513 0.20176730486008837 0.02531645569620253
1 0.8718703976435935 0.8037974683544303 0.014727540500736377 0.016877637130801686
0 0.7967599410898379 0.9103375527426161 0.15022091310751104 0.027426160337552744
8 0.5839469808541974 0.9061181434599156 0.15758468335787923 0.027426160337552744
6 0.30486008836524303 0.9061181434599156 0.1561119293078056 0.023206751054852322
9 0.10824742268041238 0.7784810126582279 0.027982326951399118 0.31645569620253167
3 0.8306332842415317 0.45358649789029537 0.12665684830633284 0.02531645569620253
4 0.5780559646539027 0.35443037974683544 0.1134020618556701 0.02531645569620253
4 0.7569955817378498 0.35443037974683544 0.035346097201767304 0.016877637130801686
4 0.8976435935198822 0.35548523206751054 0.025036818851251842 0.0189873417721519
5 0.6715758468335787 0.54957805907173 0.30338733431516934 0.023206751054852322
5 0.6362297496318114 0.6286919831223629 0.22974963181148747 0.02109704641350211
