7 0.3467741935483871 0.2526427061310782 0.33284457478005863 0.023255813953488372
2 0.6180351906158358 0.4450317124735729 0.20087976539589442 0.023255813953488372
1 0.875366568914956 0.8033826638477801 0.011730205278592375 0.016913319238900635
0 0.7969208211143695 0.912262156448203 0.14222873900293256 0.02748414376321353
8 0.5747800586510264 0.9038054968287527 0.1436950146627566 0.040169133192389
6 0.30791788856304986 0.9027484143763214 0.17302052785923755 0.02536997885835095
9 0.10410557184750734 0.7420718816067653 0.02932551319648094 0.35095137420718814
3 0.841642228739003 0.4503171247357294 0.15542521994134897 0.02959830866807611
4 0.5755131964809385 0.346723044397463 0.1158357771260997 0.021141649048625793
4 0.7661290322580645 0.35306553911205074 0.051319648093841645 0.021141649048625793
4 0.8951612903225806 0.35200845665961944 0.024926686217008796 0.019027484143763214
5 0.6774193548387096 0.5433403805496829 0.30498533724340177 0.021141649048625793
5 0.5557184750733137 0.5824524312896406 0.07038123167155426 0.019027484143763214
5 0.6356304985337243 0.6257928118393234 0.23020527859237536 0.021141649048625793
