7 0.3220640569395018 0.25622775800711745 0.2835112692763938 0.017793594306049824
2 0.6162514827995255 0.4483985765124555 0.17912218268090155 0.03558718861209965
1 0.9068801897983393 0.7891459074733096 0.02491103202846975 0.019572953736654804
0 0.8185053380782918 0.8976868327402135 0.13997627520759193 0.026690391459074734
8 0.5759193357058126 0.900355871886121 0.1269276393831554 0.02491103202846975
6 0.304270462633452 0.9030249110320284 0.16488730723606168 0.026690391459074734
9 0.11506524317912219 0.800711743772242 0.03558718861209965 0.398576512455516
3 0.8558718861209964 0.44483985765124556 0.1387900355871886 0.028469750889679714
4 0.9157769869513642 0.34786476868327404 0.02609727164887307 0.019572953736654804
4 0.7704626334519573 0.3487544483985765 0.03202846975088968 0.017793594306049824
4 0.5800711743772242 0.351423487544484 0.10201660735468565 0.019572953736654804
5 0.6654804270462633 0.6245551601423488 0.2609727164887307 0.021352313167259787
5 0.66073546856465 0.5427046263345195 0.2586002372479241 0.021352313167259787
