7 0.3179791976225854 0.2630480167014614 0.27934621099554235 0.020876826722338204
2 0.6307578008915304 0.4582463465553236 0.2213967310549777 0.027139874739039668
1 0.8811292719167905 0.8100208768267223 0.014858841010401188 0.020876826722338204
0 0.8112927191679049 0.9175365344467641 0.15453194650817237 0.027139874739039668
8 0.5884101040118871 0.9081419624217119 0.1575037147102526 0.037578288100208766
6 0.30089153046062406 0.906054279749478 0.1738484398216939 0.025052192066805846
9 0.09806835066864784 0.7818371607515657 0.029717682020802376 0.34029227557411273
3 0.8469539375928677 0.46555323590814196 0.1426448736998514 0.029227557411273485
4 0.5906389301634473 0.36430062630480164 0.12927191679049035 0.027139874739039668
4 0.7622585438335809 0.36430062630480164 0.03268945022288262 0.018789144050104383
4 0.9056463595839525 0.3684759916492693 0.02526002971768202 0.018789144050104383
5 0.6760772659732541 0.5563674321503131 0.30906389301634474 0.022964509394572025
5 0.6812778603268945 0.6336116910229646 0.32540861812778604 0.022964509394572025
