7 0.3039940828402367 0.23415132924335377 0.29142011834319526 0.022494887525562373
2 0.6005917159763313 0.4222903885480573 0.20118343195266272 0.026584867075664622
1 0.8742603550295858 0.7607361963190185 0.026627218934911243 0.02044989775051125
0 0.7899408284023669 0.8680981595092024 0.15680473372781065 0.026584867075664622
8 0.5650887573964497 0.8680981595092024 0.14497041420118342 0.026584867075664622
6 0.2869822485207101 0.8609406952965235 0.17455621301775148 0.024539877300613498
9 0.09763313609467456 0.712678936605317 0.029585798816568046 0.3333333333333333
3 0.8254437869822485 0.42535787321063395 0.14201183431952663 0.024539877300613498
4 0.5702662721893491 0.3261758691206544 0.128698224852071 0.022494887525562373
4 0.7470414201183432 0.32719836400818 0.04142011834319527 0.02044989775051125
4 0.882396449704142 0.3292433537832311 0.022189349112426034 0.016359918200409
5 0.6427514792899408 0.5173824130879345 0.27958579881656803 0.02044989775051125
5 0.5310650887573964 0.5552147239263804 0.05917159763313609 0.018404907975460124
5 0.6375739644970414 0.5930470347648262 0.2781065088757396 0.02044989775051125
5 0.5584319526627219 0.6339468302658486 0.11094674556213018 0.028629856850715747
