7 0.3192857142857143 0.2858565737051793 0.2814285714285714 0.029880478087649404
2 0.6207142857142857 0.4810756972111554 0.1957142857142857 0.021912350597609563
1 0.8664285714285714 0.8366533864541833 0.012857142857142857 0.0199203187250996
0 0.7785714285714286 0.9372509960159362 0.13714285714285715 0.025896414342629483
8 0.5628571428571428 0.9302788844621513 0.15142857142857144 0.0398406374501992
6 0.27285714285714285 0.9312749003984063 0.18285714285714286 0.025896414342629483
9 0.08857142857142856 0.7739043824701195 0.02857142857142857 0.3286852589641434
3 0.8514285714285714 0.48406374501992033 0.15142857142857144 0.027888446215139442
4 0.64 0.38147410358565736 0.2257142857142857 0.021912350597609563
5 0.6771428571428572 0.5836653386454184 0.3142857142857143 0.0199203187250996
5 0.5542857142857143 0.6364541832669323 0.06571428571428571 0.017928286852589643
5 0.6842857142857143 0.6882470119521913 0.32857142857142857 0.029880478087649404
5 0.5585714285714286 0.7350597609561753 0.07142857142857142 0.0199203187250996
