7 0.34533468559837727 0.2471264367816092 0.3924949290060852 0.028735632183908046
2 0.6080121703853956 0.4425287356321839 0.22210953346855983 0.02586206896551724
1 0.8605476673427992 0.8067528735632183 0.013184584178498986 0.021551724137931036
0 0.8164300202839757 0.8979885057471264 0.1663286004056795 0.031609195402298854
8 0.577079107505071 0.9015804597701149 0.1663286004056795 0.033045977011494254
6 0.2733265720081136 0.9008620689655172 0.15314401622718052 0.022988505747126436
9 0.09127789046653144 0.7880747126436781 0.028397565922920892 0.3232758620689655
3 0.8417849898580122 0.4410919540229885 0.16835699797160245 0.031609195402298854
4 0.6161257606490872 0.34123563218390807 0.2383367139959432 0.021551724137931036
5 0.6622718052738337 0.5474137931034483 0.3225152129817444 0.022988505747126436
5 0.6485801217038539 0.6530172413793104 0.2870182555780933 0.021551724137931036
5 0.5349898580121704 0.7068965517241379 0.061866125760649086 0.022988505747126436
