7 0.33285714285714285 0.2661795407098121 0.33714285714285713 0.022964509394572025
2 0.5764285714285714 0.4498956158663883 0.1957142857142857 0.027139874739039668
1 0.86 0.8016701461377871 0.025714285714285714 0.020876826722338204
0 0.7935714285714286 0.9018789144050104 0.13857142857142857 0.029227557411273485
8 0.5585714285714286 0.9008350730688935 0.13714285714285715 0.027139874739039668
6 0.27285714285714285 0.9029227557411273 0.15428571428571428 0.022964509394572025
9 0.095 0.7463465553235908 0.032857142857142856 0.3987473903966597
3 0.8121428571428572 0.4498956158663883 0.13857142857142857 0.027139874739039668
4 0.5857142857142857 0.348643006263048 0.21428571428571427 0.025052192066805846
5 0.6357142857142857 0.5469728601252609 0.31142857142857144 0.020876826722338204
5 0.5142857142857142 0.5981210855949896 0.07142857142857142 0.022964509394572025
5 0.6657142857142857 0.6471816283924844 0.3742857142857143 0.025052192066805846
5 0.5328571428571428 0.697286012526096 0.11428571428571428 0.020876826722338204
