7 0.32071428571428573 0.2692307692307692 0.2642857142857143 0.02286902286902287
2 0.6035714285714285 0.45322245322245325 0.1957142857142857 0.02494802494802495
1 0.8685714285714285 0.8056133056133056 0.008571428571428572 0.018711018711018712
0 0.8228571428571428 0.9022869022869023 0.15428571428571428 0.029106029106029108
8 0.5878571428571429 0.8981288981288982 0.13857142857142857 0.02494802494802495
6 0.3157142857142857 0.896049896049896 0.16857142857142857 0.029106029106029108
9 0.11642857142857142 0.739085239085239 0.03 0.36382536382536385
3 0.8364285714285714 0.4604989604989605 0.13857142857142857 0.035343035343035345
4 0.6042857142857143 0.35343035343035345 0.20285714285714285 0.02079002079002079
5 0.6921428571428572 0.5571725571725572 0.37857142857142856 0.02494802494802495
5 0.5528571428571428 0.6008316008316008 0.09714285714285714 0.02079002079002079
5 0.6792857142857143 0.6486486486486487 0.3585714285714286 0.02494802494802495
5 0.5385714285714286 0.6964656964656964 0.08285714285714285 0.02079002079002079
