7 0.33785714285714286 0.2935222672064777 0.2985714285714286 0.024291497975708502
2 0.6185714285714285 0.4908906882591093 0.1742857142857143 0.03441295546558704
1 0.8778571428571429 0.8441295546558705 0.01 0.016194331983805668
0 0.8007142857142857 0.9483805668016194 0.15285714285714286 0.030364372469635626
8 0.5707142857142857 0.9473684210526315 0.15285714285714286 0.032388663967611336
6 0.25214285714285717 0.9392712550607287 0.1357142857142857 0.020242914979757085
9 0.08571428571428572 0.7965587044534413 0.03428571428571429 0.2975708502024291
3 0.8307142857142857 0.4939271255060729 0.11 0.020242914979757085
4 0.6414285714285715 0.402834008097166 0.21428571428571427 0.02834008097165992
5 0.6371428571428571 0.5931174089068826 0.21142857142857144 0.020242914979757085
5 0.5785714285714286 0.6447368421052632 0.10285714285714286 0.018218623481781375
5 0.6721428571428572 0.6933198380566802 0.2814285714285714 0.018218623481781375
5 0.575 0.7419028340080972 0.06142857142857143 0.018218623481781375
