7 0.37214285714285716 0.2686868686868687 0.37 0.020202020202020204
2 0.6228571428571429 0.4707070707070707 0.19428571428571428 0.024242424242424242
1 0.8578571428571429 0.8191919191919191 0.01 0.01818181818181818
0 0.7814285714285715 0.9202020202020202 0.15428571428571428 0.026262626262626262
8 0.5542857142857143 0.9121212121212121 0.13714285714285715 0.026262626262626262
6 0.255 0.9040404040404041 0.15285714285714286 0.022222222222222223
9 0.085 0.7484848484848485 0.032857142857142856 0.3656565656565657
3 0.8342857142857143 0.47575757575757577 0.13714285714285715 0.030303030303030304
4 0.6364285714285715 0.37272727272727274 0.22428571428571428 0.022222222222222223
5 0.6285714285714286 0.5666666666666667 0.21714285714285714 0.022222222222222223
5 0.5778571428571428 0.6161616161616161 0.11285714285714285 0.020202020202020204
5 0.6314285714285715 0.6646464646464646 0.2257142857142857 0.020202020202020204
5 0.5657142857142857 0.7141414141414142 0.08857142857142856 0.01818181818181818
