7 0.3128654970760234 0.2753108348134991 0.2935672514619883 0.021314387211367674
2 0.5935672514619883 0.4689165186500888 0.1742690058479532 0.02486678507992895
1 0.8736842105263158 0.8117229129662522 0.011695906432748537 0.014209591474245116
0 0.7865497076023392 0.9209591474245116 0.12514619883040937 0.02664298401420959
8 0.571345029239766 0.9191829484902309 0.14853801169590644 0.03019538188277087
6 0.28888888888888886 0.9227353463587922 0.1497076023391813 0.023090586145648313
9 0.09415204678362574 0.7859680284191829 0.026900584795321637 0.325044404973357
3 0.8228070175438597 0.46536412078152756 0.12514619883040937 0.02486678507992895
4 0.7538011695906432 0.36767317939609234 0.04327485380116959 0.017761989342806393
4 0.8853801169590644 0.36767317939609234 0.021052631578947368 0.017761989342806393
4 0.5619883040935673 0.36678507992895204 0.10175438596491228 0.019538188277087035
5 0.6742690058479532 0.5612788632326821 0.3309941520467836 0.021314387211367674
5 0.6198830409356725 0.6412078152753108 0.21754385964912282 0.021314387211367674
5 0.560233918128655 0.6820603907637656 0.09590643274853801 0.021314387211367674
