7 0.3650568181818182 0.2948207171314741 0.35511363636363635 0.02390438247011952
2 0.6022727272727273 0.4820717131474104 0.19886363636363635 0.04780876494023904
1 0.8735795454545454 0.8147410358565738 0.014204545454545454 0.0199203187250996
0 0.8338068181818182 0.9063745019920318 0.16761363636363635 0.027888446215139442
8 0.5823863636363636 0.8944223107569721 0.13636363636363635 0.043824701195219126
6 0.29545454545454547 0.9023904382470119 0.1534090909090909 0.0199203187250996
9 0.140625 0.1294820717131474 0.2869318181818182 0.043824701195219126
3 0.8380681818181818 0.4721115537848606 0.13636363636363635 0.0199203187250996
4 0.6164772727272727 0.3804780876494024 0.22727272727272727 0.027888446215139442
5 0.6491477272727273 0.5697211155378487 0.29261363636363635 0.02390438247011952
5 0.6590909090909091 0.6633466135458167 0.3125 0.027888446215139442
5 0.5795454545454546 0.7131474103585658 0.1534090909090909 0.03187250996015936
