7 0.2805456702253855 0.2580071174377224 0.20047449584816132 0.017793594306049824
2 0.6168446026097272 0.447508896797153 0.17793594306049823 0.030249110320284697
1 0.8997627520759194 0.791814946619217 0.013048635824436536 0.021352313167259787
0 0.8185053380782918 0.8994661921708185 0.13997627520759193 0.026690391459074734
8 0.575326215895611 0.9030249110320284 0.12811387900355872 0.026690391459074734
6 0.304270462633452 0.9048042704626335 0.16488730723606168 0.026690391459074734
9 0.11506524317912219 0.8033807829181495 0.03558718861209965 0.39679715302491103
3 0.8552787663107948 0.44661921708185054 0.13997627520759193 0.028469750889679714
4 0.9169632265717675 0.3505338078291815 0.02372479240806643 0.021352313167259787
4 0.7710557532621589 0.349644128113879 0.033214709371293 0.01601423487544484
4 0.5818505338078291 0.35320284697508897 0.10320284697508897 0.019572953736654804
5 0.6862396204033214 0.6263345195729537 0.29537366548042704 0.021352313167259787
5 0.636417556346382 0.5444839857651246 0.20759193357058126 0.021352313167259787
