7 0.34323922734026746 0.28661087866108786 0.3655274888558692 0.02092050209205021
2 0.6210995542347697 0.47489539748953974 0.22288261515601784 0.02510460251046025
1 0.8699851411589896 0.8221757322175732 0.01337295690936107 0.02092050209205021
0 0.7904903417533432 0.9299163179916318 0.14561664190193166 0.03138075313807531
8 0.562407132243685 0.9288702928870293 0.14413075780089152 0.03765690376569038
6 0.2815750371471025 0.9320083682008368 0.1589895988112927 0.02301255230125523
9 0.0988112927191679 0.803347280334728 0.03417533432392273 0.30962343096234307
3 0.8291233283803864 0.47594142259414224 0.1426448736998514 0.027196652719665274
4 0.5676077265973254 0.3807531380753138 0.11589895988112928 0.02092050209205021
4 0.74962852897474 0.3797071129707113 0.03714710252600297 0.014644351464435146
4 0.8855869242199108 0.3776150627615063 0.0237741456166419 0.014644351464435146
5 0.6478454680534919 0.5721757322175732 0.27934621099554235 0.02301255230125523
5 0.5438335809806835 0.6129707112970711 0.07429420505200594 0.02092050209205021
5 0.6753343239227341 0.6537656903765691 0.32540861812778604 0.02301255230125523
10 0.586924219910847 0.8138075313807531 0.1575037147102526 0.04184100418410042
