7 0.33938706015891035 0.2623355263157895 0.2973893303064699 0.02138157894736842
2 0.6083995459704881 0.4350328947368421 0.170261066969353 0.02138157894736842
1 0.8796821793416572 0.756578947368421 0.011350737797956867 0.01644736842105263
0 0.8019296254256527 0.8585526315789473 0.13280363223609534 0.02631578947368421
8 0.5879682179341658 0.8511513157894737 0.14301929625425652 0.03782894736842105
6 0.3172531214528944 0.8585526315789473 0.15777525539160045 0.023026315789473683
9 0.12485811577752554 0.7286184210526315 0.02724177071509648 0.3190789473684211
3 0.825766174801362 0.43585526315789475 0.12145289443813848 0.023026315789473683
4 0.5817253121452894 0.34539473684210525 0.10783200908059024 0.019736842105263157
4 0.7627695800227015 0.34375 0.03859250851305335 0.019736842105263157
4 0.8921679909194098 0.34375 0.024971623155505107 0.019736842105263157
5 0.6691259931895573 0.5254934210526315 0.28717366628830876 0.018092105263157895
5 0.5629965947786606 0.5592105263157895 0.06583427922814983 0.019736842105263157
5 0.6566401816118048 0.5962171052631579 0.26220204313280365 0.027960526315789474
5 0.5595913734392736 0.6381578947368421 0.06583427922814983 0.019736842105263157
