7 0.3680142687277051 0.2473404255319149 0.39595719381688466 0.026595744680851064
2 0.6064209274673008 0.43882978723404253 0.1807372175980975 0.02304964539007092
1 0.8828775267538644 0.7810283687943262 0.013079667063020214 0.01950354609929078
0 0.8002378121284186 0.8900709219858156 0.13555291319857313 0.028368794326241134
8 0.5689655172413793 0.898936170212766 0.13912009512485138 0.03546099290780142
6 0.2966706302021403 0.8971631205673759 0.16527942925089179 0.024822695035460994
9 0.09571938168846611 0.7393617021276596 0.027348394768133173 0.3404255319148936
3 0.8341260404280618 0.43439716312056736 0.1272294887039239 0.028368794326241134
4 0.5784780023781213 0.3421985815602837 0.11533888228299644 0.02127659574468085
4 0.760998810939358 0.3377659574468085 0.0356718192627824 0.01950354609929078
4 0.9019024970273484 0.3333333333333333 0.02497027348394768 0.02127659574468085
5 0.6860879904875149 0.6143617021276596 0.3376932223543401 0.01950354609929078
5 0.570154577883472 0.6560283687943262 0.10344827586206896 0.02127659574468085
5 0.6498216409036861 0.5283687943262412 0.272294887039239 0.01773049645390071
