7 0.305952380952381 0.27079646017699116 0.26904761904761904 0.021238938053097345
2 0.6053571428571428 0.46814159292035395 0.17976190476190476 0.023008849557522124
1 0.8791666666666667 0.820353982300885 0.010714285714285714 0.019469026548672566
0 0.8077380952380953 0.9274336283185841 0.15119047619047618 0.02831858407079646
8 0.5773809523809523 0.915929203539823 0.15 0.04070796460176991
6 0.2851190476190476 0.9168141592920354 0.14166666666666666 0.024778761061946902
9 0.09702380952380953 0.7955752212389381 0.02738095238095238 0.3345132743362832
3 0.8321428571428572 0.4725663716814159 0.12857142857142856 0.02831858407079646
4 0.7583333333333333 0.3734513274336283 0.030952380952380953 0.017699115044247787
4 0.8994047619047619 0.37610619469026546 0.025 0.019469026548672566
4 0.580952380952381 0.36902654867256635 0.12380952380952381 0.023008849557522124
5 0.6410714285714286 0.5637168141592921 0.24642857142857144 0.023008849557522124
5 0.6535714285714286 0.6460176991150443 0.2785714285714286 0.024778761061946902
5 0.5630952380952381 0.6823008849557523 0.09047619047619047 0.023008849557522124
