7 0.3529850746268657 0.25583864118895966 0.3537313432835821 0.02335456475583864
2 0.6335820895522388 0.45222929936305734 0.22238805970149253 0.029723991507430998
1 0.8902985074626866 0.807855626326964 0.010447761194029851 0.01910828025477707
0 0.8194029850746268 0.9171974522292994 0.16119402985074627 0.029723991507430998
8 0.585820895522388 0.916135881104034 0.14477611940298507 0.027600849256900213
6 0.31044776119402984 0.9118895966029724 0.1761194029850746 0.027600849256900213
9 0.11119402985074626 0.8110403397027601 0.03134328358208955 0.37791932059447986
3 0.85 0.4564755838641189 0.14477611940298507 0.029723991507430998
4 0.5932835820895522 0.35456475583864117 0.12985074626865672 0.025477707006369428
4 0.7664179104477612 0.35456475583864117 0.03731343283582089 0.021231422505307854
4 0.9119402985074627 0.35774946921443734 0.03283582089552239 0.02335456475583864
5 0.6656716417910448 0.5456475583864119 0.28059701492537314 0.029723991507430998
5 0.6694029850746268 0.6316348195329087 0.27611940298507465 0.027600849256900213
5 0.591044776119403 0.6698513800424628 0.12835820895522387 0.02335456475583864
