7 0.33714285714285713 0.2755741127348643 0.29714285714285715 0.020876826722338204
2 0.5992857142857143 0.48329853862212946 0.15857142857142856 0.022964509394572025
1 0.8585714285714285 0.8423799582463466 0.008571428571428572 0.018789144050104383
0 0.7785714285714286 0.9478079331941545 0.14 0.029227557411273485
8 0.55 0.9384133611691023 0.13714285714285715 0.027139874739039668
6 0.25857142857142856 0.930062630480167 0.15428571428571428 0.022964509394572025
9 0.10071428571428571 0.7609603340292276 0.03 0.348643006263048
3 0.825 0.48747390396659707 0.12428571428571429 0.022964509394572025
4 0.6192857142857143 0.38100208768267224 0.19285714285714287 0.022964509394572025
5 0.68 0.5845511482254697 0.32 0.020876826722338204
5 0.6571428571428571 0.68580375782881 0.28 0.022964509394572025
5 0.5607142857142857 0.7338204592901879 0.08714285714285715 0.018789144050104383
