7 0.3342857142857143 0.25467775467775466 0.26571428571428574 0.018711018711018712
2 0.6292857142857143 0.4573804573804574 0.1757142857142857 0.04158004158004158
1 0.8928571428571429 0.817047817047817 0.014285714285714285 0.02079002079002079
0 0.8078571428571428 0.9282744282744283 0.13857142857142857 0.031185031185031187
8 0.5771428571428572 0.920997920997921 0.14 0.02494802494802495
6 0.2742857142857143 0.9178794178794178 0.1657142857142857 0.02702702702702703
9 0.08714285714285715 0.7411642411642412 0.03428571428571429 0.3970893970893971
3 0.8592857142857143 0.46465696465696466 0.1357142857142857 0.02702702702702703
4 0.6314285714285715 0.35550935550935553 0.18 0.02079002079002079
5 0.6971428571428572 0.5592515592515592 0.31142857142857144 0.02079002079002079
5 0.6878571428571428 0.6632016632016632 0.2985714285714286 0.02079002079002079
5 0.5735714285714286 0.7120582120582121 0.06142857142857143 0.018711018711018712
