7 0.2820665083135392 0.259391771019678 0.24821852731591448 0.025044722719141325
2 0.5938242280285035 0.4588550983899821 0.18052256532066507 0.023255813953488372
1 0.8788598574821853 0.8112701252236136 0.011876484560570071 0.01967799642218247
0 0.7844418052256532 0.9203935599284436 0.11520190023752969 0.023255813953488372
8 0.5552256532066508 0.9159212880143113 0.12707838479809977 0.025044722719141325
6 0.27969121140142517 0.9087656529516994 0.16270783847980996 0.025044722719141325
9 0.09501187648456057 0.7486583184257602 0.028503562945368172 0.34525939177101966
3 0.8390736342042755 0.46153846153846156 0.14608076009501186 0.028622540250447227
4 0.5712589073634204 0.35867620751341683 0.11163895486935867 0.023255813953488372
4 0.7571258907363421 0.3613595706618962 0.03681710213776722 0.02146690518783542
4 0.8942992874109263 0.3622540250447227 0.023752969121140142 0.016100178890876567
5 0.6383610451306413 0.5581395348837209 0.26009501187648454 0.02146690518783542
5 0.671021377672209 0.6332737030411449 0.33016627078384797 0.025044722719141325
5 0.5605700712589073 0.6762075134168157 0.10451306413301663 0.017889087656529516
