7 0.3281437125748503 0.27296819787985865 0.35449101796407184 0.026501766784452298
2 0.6161676646706586 0.4558303886925795 0.2311377245508982 0.028268551236749116
1 0.8754491017964072 0.7950530035335689 0.011976047904191617 0.0176678445229682
0 0.7952095808383234 0.9037102473498233 0.13892215568862276 0.026501766784452298
8 0.5544910179640719 0.9063604240282686 0.12694610778443113 0.024734982332155476
6 0.27305389221556886 0.9125441696113075 0.1532934131736527 0.022968197879858657
9 0.08023952095808383 0.773851590106007 0.02874251497005988 0.3392226148409894
3 0.8245508982035928 0.45141342756183744 0.1281437125748503 0.022968197879858657
4 0.5592814371257485 0.36130742049469966 0.1125748502994012 0.022968197879858657
4 0.7508982035928143 0.357773851590106 0.03592814371257485 0.019434628975265017
4 0.8868263473053892 0.3542402826855124 0.025149700598802394 0.019434628975265017
5 0.6634730538922156 0.549469964664311 0.3137724550898204 0.02120141342756184
5 0.6449101796407186 0.6298586572438163 0.27904191616766466 0.022968197879858657
5 0.5562874251497006 0.6722614840989399 0.10419161676646707 0.019434628975265017
