7 0.3171021377672209 0.2535211267605634 0.2826603325415677 0.02112676056338028
2 0.6235154394299287 0.4454225352112676 0.21140142517814728 0.028169014084507043
1 0.8931116389548693 0.7825704225352113 0.023752969121140142 0.01936619718309859
0 0.7980997624703088 0.891725352112676 0.12826603325415678 0.02640845070422535
8 0.5694774346793349 0.8943661971830986 0.12945368171021376 0.02464788732394366
6 0.28741092636579574 0.8987676056338029 0.14014251781472684 0.022887323943661973
9 0.10510688836104513 0.7764084507042254 0.027315914489311165 0.323943661971831
3 0.83729216152019 0.44630281690140844 0.12826603325415678 0.03345070422535211
4 0.7600950118764845 0.34330985915492956 0.0332541567695962 0.017605633802816902
4 0.8984560570071259 0.3415492957746479 0.022565320665083134 0.017605633802816902
4 0.5754156769596199 0.34683098591549294 0.10332541567695962 0.02112676056338028
5 0.6448931116389549 0.539612676056338 0.24228028503562946 0.022887323943661973
5 0.5611638954869359 0.5818661971830986 0.07482185273159145 0.022887323943661973
5 0.6912114014251781 0.6179577464788732 0.334916864608076 0.02112676056338028
5 0.5623515439429929 0.6584507042253521 0.08194774346793349 0.017605633802816902
