7 0.3345642540620384 0.27906976744186046 0.35302806499261447 0.021141649048625793
2 0.5967503692762186 0.4704016913319239 0.20088626292466766 0.02748414376321353
1 0.8729689807976366 0.8181818181818182 0.026587887740029542 0.021141649048625793
0 0.792466765140325 0.9291754756871036 0.1432791728212703 0.02748414376321353
8 0.5590841949778435 0.9291754756871036 0.1432791728212703 0.02748414376321353
6 0.2799113737075332 0.9302325581395349 0.172821270310192 0.02536997885835095
9 0.0982274741506647 0.8308668076109936 0.028064992614475627 0.3382663847780127
3 0.8234859675036927 0.46617336152219874 0.1432791728212703 0.02748414376321353
4 0.879615952732644 0.36152219873150104 0.025110782865583457 0.021141649048625793
4 0.7341211225997046 0.3668076109936575 0.03249630723781388 0.019027484143763214
4 0.5620384047267356 0.3689217758985201 0.12850812407680945 0.023255813953488372
5 0.6410635155096012 0.5602536997885835 0.2776957163958641 0.02959830866807611
5 0.6403249630723782 0.642706131078224 0.27326440177252587 0.02536997885835095
5 0.5635155096011817 0.6892177589852009 0.1137370753323486 0.021141649048625793
