7 0.3331257783312578 0.26354679802955666 0.33748443337484435 0.021346469622331693
2 0.6151930261519303 0.4548440065681445 0.22166874221668742 0.026272577996715927
1 0.8735990037359901 0.8013136288998358 0.0112079701120797 0.016420361247947456
0 0.8063511830635118 0.9080459770114943 0.15317559153175592 0.026272577996715927
8 0.5797011207970112 0.9039408866995073 0.1581569115815691 0.027914614121510674
6 0.29950186799501866 0.90311986863711 0.17310087173100872 0.022988505747126436
9 0.10273972602739725 0.8201970443349754 0.028642590286425903 0.30049261083743845
3 0.8337484433374844 0.458128078817734 0.15566625155666253 0.026272577996715927
4 0.5740971357409713 0.35714285714285715 0.1320049813200498 0.021346469622331693
4 0.7515566625155666 0.361247947454844 0.038605230386052306 0.019704433497536946
4 0.8835616438356164 0.35960591133004927 0.026151930261519303 0.016420361247947456
5 0.6830635118306351 0.5509031198686372 0.33997509339975096 0.0180623973727422
5 0.5510585305105853 0.5886699507389163 0.0784557907845579 0.0180623973727422
5 0.6251556662515566 0.6313628899835796 0.22914072229140722 0.0180623973727422
5 0.5840597758405978 0.6699507389162561 0.1444582814445828 0.019704433497536946
