7 0.34323922734026746 0.28661087866108786 0.3655274888558692 0.02092050209205021
2 0.6218424962852898 0.47489539748953974 0.2213967310549777 0.02510460251046025
1 0.8699851411589896 0.8221757322175732 0.01337295690936107 0.02092050209205021
0 0.7912332838038633 0.9299163179916318 0.14413075780089152 0.03138075313807531
8 0.5601783060921248 0.9341004184100419 0.1426448736998514 0.03138075313807531
6 0.28083209509658247 0.9267782426778243 0.16047548291233285 0.03347280334728033
9 0.0950965824665676 0.805439330543933 0.02674591381872214 0.30962343096234307
3 0.8291233283803864 0.47594142259414224 0.1426448736998514 0.027196652719665274
4 0.5668647845468053 0.3807531380753138 0.11738484398216939 0.02092050209205021
4 0.74962852897474 0.3797071129707113 0.03714710252600297 0.014644351464435146
4 0.8855869242199108 0.37656903765690375 0.02674591381872214 0.016736401673640166
5 0.6329866270430906 0.5711297071129707 0.24962852897473997 0.02092050209205021
5 0.5579494799405647 0.6077405857740585 0.1025260029717682 0.03138075313807531
5 0.6731054977711739 0.6548117154811716 0.32392273402674593 0.02510460251046025
10 0.586924219910847 0.8138075313807531 0.1575037147102526 0.04184100418410042
