7 0.3239182692307692 0.2787456445993031 0.29927884615384615 0.020905923344947737
2 0.6280048076923077 0.4738675958188153 0.2127403846153846 0.024390243902439025
1 0.8876201923076923 0.823170731707317 0.008413461538461538 0.0156794425087108
0 0.8052884615384616 0.9259581881533101 0.12740384615384615 0.02613240418118467
8 0.5751201923076923 0.9198606271777003 0.12860576923076922 0.024390243902439025
6 0.296875 0.9102787456445993 0.15384615384615385 0.02264808362369338
9 0.1045673076923077 0.7560975609756098 0.028846153846153848 0.3344947735191638
3 0.8407451923076923 0.4808362369337979 0.12860576923076922 0.024390243902439025
4 0.5697115384615384 0.3780487804878049 0.08173076923076923 0.017421602787456445
4 0.7608173076923077 0.3832752613240418 0.03125 0.017421602787456445
4 0.9056490384615384 0.3885017421602787 0.025240384615384616 0.020905923344947737
5 0.6316105769230769 0.5705574912891986 0.21514423076923078 0.02613240418118467
5 0.6899038461538461 0.6480836236933798 0.3389423076923077 0.020905923344947737
5 0.5745192307692307 0.686411149825784 0.10096153846153846 0.020905923344947737
