7 0.3173784977908689 0.2552742616033755 0.27540500736377027 0.02531645569620253
2 0.617820324005891 0.45569620253164556 0.20176730486008837 0.029535864978902954
1 0.8733431516936672 0.8059071729957806 0.011782032400589101 0.02109704641350211
0 0.8026509572901326 0.9124472573839663 0.14138438880706922 0.027426160337552744
8 0.5861561119293078 0.9082278481012658 0.1561119293078056 0.027426160337552744
6 0.30633284241531666 0.9082278481012658 0.1561119293078056 0.023206751054852322
9 0.11266568483063329 0.7837552742616034 0.033873343151693665 0.31856540084388185
3 0.8321060382916053 0.45464135021097046 0.12665684830633284 0.023206751054852322
4 0.5787923416789397 0.35548523206751054 0.11487481590574374 0.023206751054852322
4 0.7584683357879234 0.3575949367088608 0.035346097201767304 0.0189873417721519
4 0.8976435935198822 0.3575949367088608 0.027982326951399118 0.0189873417721519
5 0.6737849779086893 0.54957805907173 0.3019145802650957 0.0189873417721519
5 0.6759941089837997 0.6276371308016878 0.30633284241531666 0.027426160337552744
