7 0.3166915052160954 0.28361344537815125 0.353204172876304 0.02100840336134454
2 0.5909090909090909 0.4737394957983193 0.20417287630402384 0.023109243697478993
1 0.8673621460506706 0.8214285714285714 0.026825633383010434 0.02100840336134454
0 0.7846497764530551 0.9369747899159664 0.14456035767511177 0.03361344537815126
8 0.5536512667660208 0.9285714285714286 0.14456035767511177 0.029411764705882353
6 0.27347242921013415 0.9254201680672269 0.15946348733233978 0.023109243697478993
9 0.09165424739195231 0.8308823529411765 0.028315946348733235 0.3382352941176471
3 0.8204172876304023 0.4726890756302521 0.14456035767511177 0.025210084033613446
4 0.563338301043219 0.37289915966386555 0.13114754098360656 0.023109243697478993
4 0.7421758569299552 0.3760504201680672 0.041728763040238454 0.02100840336134454
4 0.8740685543964233 0.3760504201680672 0.02533532041728763 0.01680672268907563
5 0.6125186289120715 0.5735294117647058 0.23845007451564829 0.02100840336134454
5 0.6229508196721312 0.6512605042016807 0.2503725782414307 0.02100840336134454
5 0.5573770491803278 0.6890756302521008 0.11922503725782414 0.02100840336134454
