7 0.3371121718377088 0.2512998266897747 0.32577565632458233 0.02079722703639515
2 0.6235083532219571 0.4488734835355286 0.22792362768496421 0.03119584055459272
1 0.8627684964200477 0.8180242634315424 0.011933174224343675 0.02079722703639515
0 0.815035799522673 0.9098786828422877 0.15274463007159905 0.03119584055459272
8 0.5883054892601431 0.9098786828422877 0.162291169451074 0.03119584055459272
6 0.29653937947494036 0.9072790294627383 0.16825775656324582 0.025996533795493933
9 0.1175417661097852 0.1464471403812825 0.23747016706443913 0.03986135181975736
3 0.8412887828162291 0.44974003466204504 0.15035799522673032 0.025996533795493933
4 0.6133651551312649 0.3466204506065858 0.2100238663484487 0.024263431542461005
5 0.6718377088305489 0.5554592720970537 0.31026252983293556 0.022530329289428077
5 0.5513126491646778 0.6022530329289428 0.07398568019093078 0.022530329289428077
5 0.6945107398568019 0.6646447140381283 0.3556085918854415 0.022530329289428077
5 0.545346062052506 0.7175043327556326 0.06443914081145585 0.02079722703639515
