7 0.3248218527315915 0.2535211267605634 0.3004750593824228 0.02112676056338028
2 0.6235154394299287 0.4454225352112676 0.21140142517814728 0.028169014084507043
1 0.8859857482185273 0.7825704225352113 0.009501187648456057 0.01936619718309859
0 0.7986935866983373 0.891725352112676 0.12707838479809977 0.02640845070422535
8 0.5694774346793349 0.8943661971830986 0.12707838479809977 0.02464788732394366
6 0.28800475059382424 0.8987676056338029 0.13895486935866982 0.022887323943661973
9 0.10510688836104513 0.7737676056338029 0.027315914489311165 0.3221830985915493
3 0.8378859857482185 0.4454225352112676 0.12470308788598575 0.035211267605633804
4 0.7600950118764845 0.34330985915492956 0.0332541567695962 0.017605633802816902
4 0.899643705463183 0.3415492957746479 0.022565320665083134 0.017605633802816902
4 0.5748218527315915 0.34683098591549294 0.1021377672209026 0.02112676056338028
5 0.6728028503562945 0.5404929577464789 0.2980997624703088 0.02112676056338028
5 0.5682897862232779 0.5818661971830986 0.08907363420427554 0.022887323943661973
5 0.6823040380047506 0.6179577464788732 0.32185273159144895 0.02112676056338028
5 0.5676959619952494 0.6584507042253521 0.09501187648456057 0.017605633802816902
