7 0.2809734513274336 0.27754677754677753 0.2345132743362832 0.018711018711018712
2 0.6061946902654868 0.4656964656964657 0.20058997050147492 0.02494802494802495
1 0.8702064896755162 0.8118503118503119 0.011799410029498525 0.02286902286902287
0 0.8023598820058997 0.9178794178794178 0.15634218289085547 0.031185031185031187
8 0.5567846607669616 0.920997920997921 0.12831858407079647 0.02494802494802495
6 0.28761061946902655 0.9272349272349273 0.1592920353982301 0.033264033264033266
9 0.10766961651917405 0.7858627858627859 0.029498525073746312 0.34511434511434513
3 0.8303834808259587 0.46465696465696466 0.1415929203539823 0.02702702702702703
4 0.7463126843657817 0.3659043659043659 0.032448377581120944 0.02079002079002079
4 0.8849557522123894 0.3659043659043659 0.02654867256637168 0.02079002079002079
4 0.56047197640118 0.367983367983368 0.10029498525073746 0.02079002079002079
5 0.661504424778761 0.5613305613305614 0.3053097345132743 0.02494802494802495
5 0.6799410029498525 0.6403326403326404 0.3392330383480826 0.02494802494802495
