7 0.3316100443131462 0.28251599147121537 0.30280649926144754 0.019189765458422176
2 0.620384047267356 0.47867803837953093 0.20088626292466766 0.02771855010660981
1 0.8855243722304283 0.835820895522388 0.0103397341211226 0.021321961620469083
0 0.810930576070901 0.9424307036247335 0.1447562776957164 0.0255863539445629
8 0.5864106351550961 0.9424307036247335 0.15657311669128507 0.029850746268656716
6 0.2961595273264402 0.94136460554371 0.155096011816839 0.023454157782515993
9 0.11152141802067947 0.7825159914712153 0.028064992614475627 0.3326226012793177
3 0.8471196454948301 0.47974413646055436 0.1432791728212703 0.0255863539445629
4 0.7621861152141802 0.38272921108742003 0.03249630723781388 0.014925373134328358
4 0.5760709010339734 0.3795309168443497 0.103397341211226 0.021321961620469083
4 0.9002954209748892 0.38486140724946694 0.025110782865583457 0.019189765458422176
5 0.689069423929099 0.5778251599147122 0.3293943870014771 0.021321961620469083
5 0.6927621861152142 0.6631130063965884 0.33382570162481534 0.0255863539445629
