7 0.3301043219076006 0.267741935483871 0.293591654247392 0.01935483870967742
2 0.6184798807749627 0.4698924731182796 0.18479880774962743 0.023655913978494623
1 0.8673621460506706 0.8311827956989247 0.011922503725782414 0.023655913978494623
0 0.7921013412816692 0.9311827956989247 0.12965722801788376 0.025806451612903226
8 0.5648286140089419 0.9301075268817204 0.14307004470938897 0.02795698924731183
6 0.29880774962742174 0.9268817204301075 0.17436661698956782 0.025806451612903226
9 0.09090909090909091 0.789247311827957 0.029806259314456036 0.35698924731182796
3 0.8390461997019374 0.46774193548387094 0.12816691505216096 0.02795698924731183
4 0.646795827123696 0.36666666666666664 0.23546944858420268 0.023655913978494623
5 0.657973174366617 0.5731182795698925 0.2697466467958271 0.01935483870967742
5 0.5797317436661699 0.621505376344086 0.10134128166915052 0.021505376344086023
5 0.6713859910581222 0.6731182795698925 0.2906110283159464 0.021505376344086023
5 0.5581222056631893 0.7236559139784946 0.07004470938897168 0.01935483870967742
