7 0.36714285714285716 0.29048582995951416 0.36 0.030364372469635626
2 0.6185714285714285 0.4848178137651822 0.1742857142857143 0.022267206477732792
1 0.8771428571428571 0.8360323886639676 0.008571428571428572 0.016194331983805668
0 0.8021428571428572 0.9382591093117408 0.15285714285714286 0.030364372469635626
8 0.5664285714285714 0.9321862348178138 0.13857142857142857 0.030364372469635626
6 0.24714285714285714 0.9291497975708503 0.13714285714285715 0.020242914979757085
9 0.08357142857142857 0.7904858299595142 0.027142857142857142 0.31781376518218624
3 0.8385714285714285 0.48582995951417 0.12285714285714286 0.024291497975708502
4 0.6292857142857143 0.38866396761133604 0.20142857142857143 0.020242914979757085
5 0.6535714285714286 0.5850202429149798 0.24428571428571427 0.020242914979757085
5 0.5614285714285714 0.6325910931174089 0.06571428571428571 0.01417004048582996
5 0.6828571428571428 0.6842105263157895 0.31142857142857144 0.020242914979757085
5 0.565 0.7327935222672065 0.06714285714285714 0.020242914979757085
