7 0.3360655737704918 0.2623655913978495 0.3055141579731744 0.030107526881720432
2 0.6177347242921013 0.4698924731182796 0.18330849478390462 0.023655913978494623
1 0.8658718330849479 0.8311827956989247 0.011922503725782414 0.023655913978494623
0 0.7906110283159463 0.932258064516129 0.12965722801788376 0.02795698924731183
8 0.5618479880774963 0.9301075268817204 0.14307004470938897 0.02795698924731183
6 0.29806259314456035 0.9268817204301075 0.17585692995529062 0.025806451612903226
9 0.13338301043219075 0.12903225806451613 0.2697466467958271 0.043010752688172046
3 0.8383010432190761 0.4666666666666667 0.12965722801788376 0.025806451612903226
4 0.6438152011922503 0.36666666666666664 0.22950819672131148 0.023655913978494623
5 0.6698956780923994 0.5731182795698925 0.293591654247392 0.023655913978494623
5 0.5685543964232489 0.621505376344086 0.08792846497764531 0.021505376344086023
5 0.6646795827123696 0.6741935483870968 0.28017883755588674 0.01935483870967742
5 0.5700447093889717 0.7236559139784946 0.09388971684053651 0.01935483870967742
