7 0.293591654247392 0.2857142857142857 0.30700447093889716 0.02100840336134454
2 0.589418777943368 0.47584033613445376 0.20417287630402384 0.023109243697478993
1 0.8658718330849479 0.8235294117647058 0.026825633383010434 0.02100840336134454
0 0.7831594634873323 0.9390756302521008 0.14456035767511177 0.03361344537815126
8 0.5543964232488823 0.9296218487394958 0.14903129657228018 0.0273109243697479
6 0.27123695976154993 0.9275210084033614 0.15797317436661698 0.023109243697478993
9 0.11847988077496274 0.12605042016806722 0.2399403874813711 0.037815126050420166
3 0.8174366616989568 0.47478991596638653 0.14456035767511177 0.025210084033613446
4 0.5625931445603577 0.375 0.12965722801788376 0.023109243697478993
4 0.7406855439642325 0.37815126050420167 0.041728763040238454 0.02100840336134454
4 0.8725782414307004 0.3792016806722689 0.02533532041728763 0.018907563025210083
5 0.6713859910581222 0.5735294117647058 0.3591654247391952 0.02100840336134454
5 0.6445603576751118 0.6533613445378151 0.293591654247392 0.02100840336134454
5 0.5417287630402384 0.6911764705882353 0.08792846497764531 0.02100840336134454
