7 0.3118518518518518 0.2574152542372881 0.30962962962962964 0.023305084745762712
2 0.605925925925926 0.4480932203389831 0.20444444444444446 0.023305084745762712
1 0.8718518518518519 0.8040254237288136 0.01037037037037037 0.014830508474576272
0 0.7985185185185185 0.9141949152542372 0.16 0.03177966101694915
8 0.5637037037037037 0.913135593220339 0.1437037037037037 0.03389830508474576
6 0.2851851851851852 0.9088983050847458 0.15555555555555556 0.025423728813559324
9 0.11185185185185186 0.7627118644067796 0.034074074074074076 0.3135593220338983
3 0.8288888888888889 0.4523305084745763 0.1437037037037037 0.03177966101694915
4 0.5607407407407408 0.3495762711864407 0.10518518518518519 0.0211864406779661
4 0.7503703703703704 0.3516949152542373 0.04296296296296296 0.01694915254237288
4 0.8859259259259259 0.3516949152542373 0.02666666666666667 0.01694915254237288
5 0.6488888888888888 0.548728813559322 0.2962962962962963 0.0211864406779661
5 0.6859259259259259 0.628177966101695 0.3585185185185185 0.023305084745762712
