7 0.32660332541567694 0.2517605633802817 0.2992874109263658 0.02112676056338028
2 0.6235154394299287 0.44630281690140844 0.21377672209026127 0.03345070422535211
1 0.8877672209026128 0.7808098591549296 0.010688836104513063 0.01936619718309859
0 0.7992874109263658 0.8899647887323944 0.12826603325415678 0.02640845070422535
8 0.5706650831353919 0.8926056338028169 0.12707838479809977 0.02464788732394366
6 0.28800475059382424 0.897887323943662 0.14133016627078385 0.02464788732394366
9 0.10629453681710213 0.7720070422535211 0.027315914489311165 0.3221830985915493
3 0.8378859857482185 0.44366197183098594 0.12707838479809977 0.035211267605633804
4 0.7606888361045131 0.3415492957746479 0.032066508313539195 0.017605633802816902
4 0.899643705463183 0.3397887323943662 0.022565320665083134 0.017605633802816902
4 0.5771971496437055 0.3459507042253521 0.1021377672209026 0.01936619718309859
5 0.6644893111638955 0.5387323943661971 0.2838479809976247 0.02112676056338028
5 0.577790973871734 0.5801056338028169 0.10570071258907364 0.022887323943661973
5 0.6716152019002375 0.6161971830985915 0.3004750593824228 0.02112676056338028
5 0.5457244655581948 0.6566901408450704 0.04631828978622328 0.017605633802816902
