7 0.3202846975088968 0.2750455373406193 0.31316725978647686 0.02185792349726776
2 0.5937129300118624 0.4672131147540984 0.17912218268090155 0.023679417122040074
1 0.8701067615658363 0.825136612021858 0.013048635824436536 0.02185792349726776
0 0.7870699881376038 0.9344262295081968 0.13641755634638197 0.029143897996357013
8 0.5492289442467378 0.9344262295081968 0.11387900355871886 0.02185792349726776
6 0.28410438908659547 0.9353369763205829 0.15302491103202848 0.023679417122040074
9 0.10023724792408066 0.7741347905282332 0.027283511269276393 0.33515482695810567
3 0.8345195729537367 0.46265938069216755 0.1506524317912218 0.029143897996357013
4 0.5670225385527876 0.3633879781420765 0.11387900355871886 0.023679417122040074
4 0.7580071174377224 0.366120218579235 0.05219454329774614 0.02185792349726776
4 0.8908659549228944 0.36429872495446264 0.02372479240806643 0.02185792349726776
5 0.6631079478054567 0.5628415300546448 0.3107947805456702 0.02185792349726776
5 0.6322657176749703 0.6502732240437158 0.2491103202846975 0.03278688524590164
5 0.5510083036773428 0.6876138433515483 0.08896797153024912 0.023679417122040074
