7 0.32592592592592595 0.2525987525987526 0.27555555555555555 0.018711018711018712
2 0.6274074074074074 0.4521829521829522 0.20296296296296296 0.02286902286902287
1 0.8614814814814815 0.8097713097713097 0.01037037037037037 0.018711018711018712
0 0.8007407407407408 0.9043659043659044 0.1437037037037037 0.029106029106029108
8 0.5614814814814815 0.9002079002079002 0.1451851851851852 0.02494802494802495
6 0.30148148148148146 0.895010395010395 0.17333333333333334 0.02702702702702703
9 0.09407407407407407 0.738045738045738 0.03111111111111111 0.3700623700623701
3 0.8392592592592593 0.4604989604989605 0.1288888888888889 0.02702702702702703
4 0.6488888888888888 0.35446985446985446 0.23407407407407407 0.02286902286902287
5 0.6733333333333333 0.553014553014553 0.2948148148148148 0.02079002079002079
5 0.554074074074074 0.6008316008316008 0.05925925925925926 0.02079002079002079
5 0.6637037037037037 0.6528066528066528 0.27555555555555555 0.02079002079002079
