7 0.2876631079478055 0.2768670309653916 0.2431791221826809 0.02185792349726776
2 0.5960854092526691 0.4690346083788707 0.1767497034400949 0.023679417122040074
1 0.8712930011862396 0.8269581056466302 0.013048635824436536 0.02185792349726776
0 0.7882562277580071 0.9353369763205829 0.1387900355871886 0.0273224043715847
8 0.5510083036773428 0.936247723132969 0.11506524317912219 0.02185792349726776
6 0.28529062870699884 0.9371584699453552 0.1506524317912218 0.023679417122040074
9 0.10142348754448399 0.7750455373406193 0.027283511269276393 0.3333333333333333
3 0.83570581257414 0.46083788706739526 0.1506524317912218 0.03642987249544627
4 0.5682087781731909 0.3652094717668488 0.11387900355871886 0.023679417122040074
4 0.7520759193357058 0.3679417122040073 0.03795966785290629 0.02185792349726776
4 0.8926453143534994 0.366120218579235 0.02491103202846975 0.02185792349726776
5 0.6648873072360617 0.5646630236794171 0.31198102016607354 0.02185792349726776
5 0.638196915776987 0.6475409836065574 0.2609727164887307 0.023679417122040074
5 0.5533807829181495 0.6894353369763205 0.09134045077105575 0.023679417122040074
