7 0.3565270935960591 0.2742230347349177 0.3879310344827586 0.021937842778793418
2 0.6052955665024631 0.4616087751371115 0.20320197044334976 0.027422303473491772
1 0.8780788177339901 0.8025594149908593 0.012315270935960592 0.018281535648994516
0 0.8195812807881774 0.8939670932358318 0.1564039408866995 0.029250457038391225
8 0.5788177339901478 0.8939670932358318 0.15517241379310345 0.029250457038391225
6 0.28448275862068967 0.8957952468007313 0.1724137931034483 0.025594149908592323
9 0.09421182266009852 0.7870201096892139 0.03078817733990148 0.3235831809872029
3 0.8325123152709359 0.45978062157221206 0.1330049261083744 0.027422303473491772
4 0.6305418719211823 0.3647166361974406 0.24630541871921183 0.02376599634369287
5 0.6681034482758621 0.5594149908592322 0.32389162561576357 0.021937842778793418
5 0.6644088669950738 0.6581352833638026 0.3041871921182266 0.021937842778793418
5 0.5424876847290641 0.7138939670932358 0.06527093596059114 0.02010968921389397
