7 0.296875 0.2678260869565217 0.27662037037037035 0.017391304347826087
2 0.6197916666666666 0.4582608695652174 0.22106481481481483 0.02608695652173913
1 0.8790509259259259 0.8060869565217391 0.01273148148148148 0.019130434782608695
0 0.7945601851851852 0.9156521739130434 0.13541666666666666 0.02608695652173913
8 0.5729166666666666 0.9113043478260869 0.14583333333333334 0.02782608695652174
6 0.28703703703703703 0.9078260869565218 0.1597222222222222 0.02434782608695652
9 0.10300925925925926 0.7782608695652173 0.037037037037037035 0.3634782608695652
3 0.8362268518518519 0.46260869565217394 0.14699074074074073 0.02782608695652174
4 0.5642361111111112 0.3617391304347826 0.1099537037037037 0.020869565217391306
4 0.7546296296296297 0.3634782608695652 0.037037037037037035 0.020869565217391306
4 0.8946759259259259 0.3652173913043478 0.023148148148148147 0.020869565217391306
5 0.6655092592592593 0.5565217391304348 0.30324074074074076 0.02434782608695652
5 0.5503472222222222 0.5973913043478261 0.07523148148148148 0.019130434782608695
5 0.6712962962962963 0.6373913043478261 0.3125 0.022608695652173914
5 0.5584490740740741 0.6747826086956522 0.08912037037037036 0.020869565217391306
