7 0.3405688622754491 0.26282051282051283 0.3398203592814371 0.029914529914529916
2 0.6279940119760479 0.4583333333333333 0.22305389221556887 0.03205128205128205
1 0.8847305389221557 0.8162393162393162 0.008982035928143712 0.017094017094017096
0 0.812125748502994 0.9230769230769231 0.1601796407185629 0.029914529914529916
8 0.5770958083832335 0.9220085470085471 0.15718562874251496 0.027777777777777776
6 0.2971556886227545 0.9177350427350427 0.1751497005988024 0.027777777777777776
9 0.1092814371257485 0.7873931623931624 0.03592814371257485 0.31837606837606836
3 0.843562874251497 0.4594017094017094 0.14520958083832336 0.02564102564102564
4 0.5726047904191617 0.3547008547008547 0.11826347305389222 0.021367521367521368
4 0.7574850299401198 0.3611111111111111 0.03293413173652695 0.017094017094017096
4 0.9011976047904192 0.358974358974359 0.029940119760479042 0.017094017094017096
5 0.7005988023952096 0.5534188034188035 0.3712574850299401 0.021367521367521368
5 0.6601796407185628 0.6378205128205128 0.2934131736526946 0.023504273504273504
5 0.5748502994011976 0.6730769230769231 0.11976047904191617 0.021367521367521368
