7 0.3111111111111111 0.2542372881355932 0.3111111111111111 0.0211864406779661
2 0.6051851851851852 0.4459745762711864 0.20296296296296296 0.023305084745762712
1 0.8770370370370371 0.801906779661017 0.023703703703703703 0.019067796610169493
0 0.797037037037037 0.9120762711864406 0.16 0.03177966101694915
8 0.5614814814814815 0.9088983050847458 0.1451851851851852 0.03389830508474576
6 0.28444444444444444 0.9067796610169492 0.15703703703703703 0.025423728813559324
9 0.11037037037037037 0.7584745762711864 0.034074074074074076 0.3135593220338983
3 0.8266666666666667 0.4491525423728814 0.14222222222222222 0.029661016949152543
4 0.56 0.3538135593220339 0.1037037037037037 0.029661016949152543
4 0.7437037037037038 0.350635593220339 0.03259259259259259 0.019067796610169493
4 0.8851851851851852 0.350635593220339 0.022222222222222223 0.014830508474576272
5 0.654074074074074 0.5466101694915254 0.30666666666666664 0.0211864406779661
5 0.6844444444444444 0.6260593220338984 0.35555555555555557 0.023305084745762712
