7 0.3472429210134128 0.2623655913978495 0.33084947839046197 0.030107526881720432
2 0.61698956780924 0.4698924731182796 0.18479880774962743 0.023655913978494623
1 0.8666169895678092 0.8311827956989247 0.01639344262295082 0.023655913978494623
0 0.7906110283159463 0.9311827956989247 0.12965722801788376 0.025806451612903226
8 0.5625931445603577 0.9301075268817204 0.14456035767511177 0.02795698924731183
6 0.29806259314456035 0.9268817204301075 0.17585692995529062 0.025806451612903226
9 0.13189269746646795 0.12903225806451613 0.2667660208643815 0.043010752688172046
3 0.8375558867362146 0.46774193548387094 0.12816691505216096 0.02795698924731183
4 0.646795827123696 0.36666666666666664 0.23248882265275708 0.023655913978494623
5 0.6572280178837556 0.5731182795698925 0.26825633383010433 0.01935483870967742
5 0.5774962742175856 0.621505376344086 0.10283159463487332 0.021505376344086023
5 0.669150521609538 0.6731182795698925 0.29210134128166915 0.021505376344086023
5 0.5752608047690015 0.7236559139784946 0.10432190760059612 0.01935483870967742
