7 0.36428571428571427 0.27419354838709675 0.34285714285714286 0.024193548387096774
2 0.6128571428571429 0.46975806451612906 0.15428571428571428 0.024193548387096774
1 0.8728571428571429 0.8195564516129032 0.011428571428571429 0.018145161290322582
0 0.7921428571428571 0.9203629032258065 0.13857142857142857 0.02620967741935484
8 0.5678571428571428 0.9193548387096774 0.13857142857142857 0.024193548387096774
6 0.2692857142857143 0.9153225806451613 0.15285714285714286 0.03225806451612903
9 0.09571428571428571 0.7963709677419355 0.02857142857142857 0.33064516129032256
3 0.8364285714285714 0.4727822580645161 0.11 0.02217741935483871
4 0.635 0.37298387096774194 0.20142857142857143 0.020161290322580645
5 0.6557142857142857 0.5685483870967742 0.2571428571428571 0.024193548387096774
5 0.5885714285714285 0.6169354838709677 0.11714285714285715 0.024193548387096774
5 0.675 0.6673387096774194 0.28714285714285714 0.020161290322580645
5 0.5978571428571429 0.717741935483871 0.13857142857142857 0.020161290322580645
