7 0.3397626112759644 0.2914046121593291 0.33827893175074186 0.020964360587002098
2 0.6112759643916914 0.48532494758909855 0.20178041543026706 0.027253668763102725
1 0.8813056379821959 0.8375262054507338 0.02373887240356083 0.018867924528301886
0 0.8308605341246291 0.9350104821802935 0.1572700296735905 0.03773584905660377
8 0.5786350148367952 0.9308176100628931 0.1513353115727003 0.033542976939203356
6 0.3026706231454006 0.9329140461215933 0.17507418397626112 0.025157232704402517
9 0.11127596439169139 0.8165618448637316 0.03560830860534125 0.3710691823899371
3 0.8434718100890207 0.480083857442348 0.14391691394658754 0.041928721174004195
4 0.7507418397626113 0.3867924528301887 0.03560830860534125 0.018867924528301886
4 0.5600890207715133 0.3836477987421384 0.10534124629080119 0.020964360587002098
4 0.8597922848664689 0.3867924528301887 0.02225519287833828 0.014675052410901468
5 0.658753709198813 0.5849056603773585 0.27596439169139464 0.020964360587002098
5 0.6728486646884273 0.689727463312369 0.31008902077151335 0.025157232704402517
5 0.591246290801187 0.7421383647798742 0.14688427299703263 0.020964360587002098
