7 0.33897058823529413 0.2668067226890756 0.33676470588235297 0.02100840336134454
2 0.6125 0.46008403361344535 0.21911764705882353 0.04201680672268908
1 0.8588235294117647 0.8214285714285714 0.011764705882352941 0.02100840336134454
0 0.8095588235294118 0.9138655462184874 0.15735294117647058 0.029411764705882353
8 0.5713235294117647 0.9096638655462185 0.1426470588235294 0.025210084033613446
6 0.30367647058823527 0.9086134453781513 0.17205882352941176 0.0273109243697479
9 0.11029411764705882 0.8161764705882353 0.03529411764705882 0.296218487394958
3 0.825735294117647 0.46638655462184875 0.1426470588235294 0.03361344537815126
4 0.6176470588235294 0.36554621848739494 0.2323529411764706 0.025210084033613446
5 0.6522058823529412 0.5682773109243697 0.2867647058823529 0.031512605042016806
5 0.5801470588235295 0.6113445378151261 0.1426470588235294 0.025210084033613446
5 0.6772058823529412 0.6712184873949579 0.3397058823529412 0.023109243697478993
