7 0.3230616302186879 0.27823691460055094 0.3320079522862823 0.027548209366391185
2 0.5904572564612326 0.46143250688705234 0.1908548707753479 0.03581267217630854
1 0.8618290258449304 0.8154269972451791 0.013916500994035786 0.01652892561983471
0 0.790258449304175 0.9201101928374655 0.15308151093439365 0.03305785123966942
8 0.5576540755467196 0.9214876033057852 0.15308151093439365 0.03581267217630854
6 0.2823061630218688 0.9214876033057852 0.16699801192842942 0.024793388429752067
9 0.09145129224652088 0.8209366391184573 0.027833001988071572 0.3581267217630854
3 0.8190854870775348 0.4641873278236915 0.13518886679920478 0.03581267217630854
4 0.5616302186878728 0.37327823691460055 0.12127236580516898 0.024793388429752067
4 0.7445328031809145 0.37327823691460055 0.03777335984095427 0.01928374655647383
4 0.8846918489065606 0.37327823691460055 0.027833001988071572 0.01928374655647383
5 0.6898608349900597 0.5661157024793388 0.37773359840954274 0.024793388429752067
5 0.6699801192842942 0.6446280991735537 0.34592445328031807 0.02203856749311295
