7 0.3269461077844311 0.2703180212014134 0.3520958083832335 0.02120141342756184
2 0.6179640718562874 0.4549469964664311 0.22994011976047904 0.030035335689045935
1 0.8766467065868263 0.7950530035335689 0.011976047904191617 0.0176678445229682
0 0.7982035928143713 0.9037102473498233 0.14491017964071856 0.026501766784452298
8 0.555688622754491 0.9063604240282686 0.12694610778443113 0.024734982332155476
6 0.2748502994011976 0.9125441696113075 0.15449101796407186 0.022968197879858657
9 0.081437125748503 0.7729681978798587 0.02874251497005988 0.3374558303886926
3 0.8257485029940119 0.45141342756183744 0.1281437125748503 0.022968197879858657
4 0.5616766467065868 0.3621908127208481 0.11497005988023952 0.024734982332155476
4 0.7520958083832335 0.357773851590106 0.03592814371257485 0.019434628975265017
4 0.888622754491018 0.3542402826855124 0.023952095808383235 0.019434628975265017
5 0.662874251497006 0.549469964664311 0.3149700598802395 0.02120141342756184
5 0.6383233532934132 0.6298586572438163 0.2634730538922156 0.022968197879858657
5 0.5586826347305389 0.6722614840989399 0.10179640718562874 0.019434628975265017
