7 0.35785241248817407 0.28424202127659576 0.21144749290444656 0.01795212765957447
2 0.5972090823084201 0.48138297872340424 0.16887417218543047 0.018617021276595744
1 0.8569063386944181 0.8238031914893617 0.012771996215704825 0.02127659574468085
0 0.7779091769157994 0.9271941489361702 0.1480605487228004 0.028590425531914893
8 0.5711920529801324 0.9268617021276596 0.1707663197729423 0.03324468085106383
6 0.2542573320719016 0.9275265957446809 0.15657521286660359 0.022606382978723406
9 0.07332071901608325 0.777593085106383 0.030274361400189215 0.34242021276595747
3 0.8306527909176916 0.4800531914893617 0.12866603595080417 0.02526595744680851
4 0.6925260170293283 0.3803191489361702 0.08136234626300852 0.0199468085106383
5 0.7306054872280038 0.5791223404255319 0.05534531693472091 0.018617021276595744
5 0.5690633869441817 0.6306515957446809 0.10596026490066225 0.01795212765957447
5 0.7779091769157994 0.6775265957446809 0.08561967833491012 0.02127659574468085
5 0.60879848628193 0.7280585106382979 0.07190160832544938 0.02127659574468085
