7 0.33805970149253733 0.267515923566879 0.33880597014925373 0.021231422505307854
2 0.6141791044776119 0.4607218683651805 0.20149253731343283 0.025477707006369428
1 0.8917910447761194 0.8174097664543525 0.028358208955223882 0.021231422505307854
0 0.8029850746268656 0.9256900212314225 0.14328358208955225 0.029723991507430998
8 0.5888059701492537 0.9256900212314225 0.17164179104477612 0.03397027600849257
6 0.291044776119403 0.9246284501061571 0.1582089552238806 0.02335456475583864
9 0.09179104477611941 0.807855626326964 0.025373134328358207 0.2951167728237792
3 0.841044776119403 0.46178343949044587 0.14477611940298507 0.027600849256900213
4 0.755223880597015 0.3651804670912951 0.03283582089552239 0.016985138004246284
4 0.5738805970149253 0.3609341825902335 0.11492537313432835 0.021231422505307854
4 0.8955223880597015 0.3630573248407643 0.020895522388059702 0.016985138004246284
5 0.6492537313432836 0.559447983014862 0.2656716417910448 0.01910828025477707
5 0.5626865671641791 0.5987261146496815 0.09253731343283582 0.016985138004246284
5 0.6813432835820895 0.6411889596602972 0.3417910447761194 0.021231422505307854
