7 0.32085253456221197 0.26943462897526504 0.3122119815668203 0.022968197879858657
2 0.5961981566820277 0.46466431095406363 0.1716589861751152 0.024734982332155476
1 0.881336405529954 0.8180212014134276 0.020737327188940093 0.0176678445229682
0 0.7851382488479263 0.9293286219081273 0.12327188940092165 0.024734982332155476
8 0.5587557603686636 0.926678445229682 0.1336405529953917 0.03356890459363958
6 0.28513824884792627 0.9169611307420494 0.1578341013824885 0.024734982332155476
9 0.11117511520737328 0.7765017667844523 0.03571428571428571 0.3551236749116608
3 0.8289170506912442 0.46908127208480566 0.12327188940092165 0.026501766784452298
4 0.5691244239631337 0.3666077738515901 0.11290322580645161 0.022968197879858657
4 0.7609447004608295 0.3710247349823322 0.04953917050691244 0.02120141342756184
4 0.8905529953917051 0.37190812720848054 0.018433179723502304 0.012367491166077738
5 0.6716589861751152 0.5618374558303887 0.315668202764977 0.02120141342756184
5 0.6359447004608295 0.6448763250883393 0.2350230414746544 0.02120141342756184
