7 0.33890214797136037 0.2512998266897747 0.324582338902148 0.02079722703639515
2 0.6241050119331742 0.451473136915078 0.22911694510739858 0.036395147313691506
1 0.863961813842482 0.8180242634315424 0.011933174224343675 0.02079722703639515
0 0.8156324582338902 0.9098786828422877 0.14916467780429593 0.03119584055459272
8 0.5900954653937948 0.9098786828422877 0.16348448687350836 0.03119584055459272
6 0.2977326968973747 0.9081455805892548 0.16825775656324582 0.024263431542461005
9 0.10202863961813842 0.8292894280762565 0.027446300715990454 0.34488734835355284
3 0.8424821002386634 0.44974003466204504 0.15035799522673032 0.025996533795493933
4 0.6151551312649165 0.3466204506065858 0.20883054892601433 0.024263431542461005
5 0.665871121718377 0.5554592720970537 0.2935560859188544 0.022530329289428077
5 0.5608591885441527 0.6022530329289428 0.09069212410501193 0.022530329289428077
5 0.7100238663484487 0.6646447140381283 0.38663484486873506 0.022530329289428077
5 0.5602625298329356 0.7175043327556326 0.08949880668257756 0.02079722703639515
