7 0.3073286052009456 0.2661290322580645 0.26713947990543735 0.01971326164874552
2 0.6063829787234043 0.45698924731182794 0.17966903073286053 0.025089605734767026
1 0.8877068557919622 0.8055555555555556 0.014184397163120567 0.023297491039426525
0 0.8102836879432624 0.9148745519713262 0.13829787234042554 0.026881720430107527
8 0.5762411347517731 0.9157706093189965 0.12647754137115838 0.025089605734767026
6 0.3049645390070922 0.9157706093189965 0.16548463356973994 0.025089605734767026
9 0.11761229314420804 0.16845878136200718 0.2375886524822695 0.043010752688172046
3 0.8451536643026005 0.45340501792114696 0.13711583924349882 0.02867383512544803
4 0.5780141843971631 0.35842293906810035 0.11347517730496454 0.021505376344086023
4 0.7677304964539007 0.35842293906810035 0.04609929078014184 0.017921146953405017
4 0.900709219858156 0.35842293906810035 0.02127659574468085 0.017921146953405017
5 0.6495271867612293 0.553763440860215 0.25886524822695034 0.017921146953405017
5 0.6442080378250591 0.6362007168458781 0.2458628841607565 0.021505376344086023
