7 0.32814814814814813 0.2759674134419552 0.33925925925925926 0.02240325865580448
2 0.605925925925926 0.46130346232179226 0.20148148148148148 0.02240325865580448
1 0.8770370370370371 0.8044806517311609 0.02666666666666667 0.020366598778004074
0 0.7911111111111111 0.9022403258655805 0.14222222222222222 0.03665987780040733
8 0.5651851851851852 0.9063136456211812 0.14074074074074075 0.03665987780040733
6 0.29333333333333333 0.905295315682281 0.1748148148148148 0.026476578411405296
9 0.09777777777777778 0.8177189409368636 0.02666666666666667 0.28716904276985744
3 0.8244444444444444 0.46334012219959264 0.1288888888888889 0.026476578411405296
4 0.7459259259259259 0.37067209775967414 0.034074074074074076 0.016293279022403257
4 0.8859259259259259 0.37169042769857435 0.023703703703703703 0.014256619144602852
4 0.56 0.36863543788187375 0.1037037037037037 0.020366598778004074
5 0.6681481481481482 0.5560081466395111 0.32 0.020366598778004074
5 0.6548148148148148 0.6354378818737271 0.29333333333333333 0.020366598778004074
