7 0.3821428571428571 0.2692307692307692 0.3871428571428571 0.02286902286902287
2 0.6014285714285714 0.45426195426195426 0.19428571428571428 0.02286902286902287
1 0.8735714285714286 0.8056133056133056 0.02142857142857143 0.018711018711018712
0 0.8228571428571428 0.9022869022869023 0.15142857142857144 0.029106029106029108
8 0.5857142857142857 0.8991683991683992 0.13714285714285715 0.02702702702702703
6 0.3157142857142857 0.895010395010395 0.1657142857142857 0.02702702702702703
9 0.115 0.738045738045738 0.03 0.3659043659043659
3 0.8357142857142857 0.4584199584199584 0.13714285714285715 0.031185031185031187
4 0.6035714285714285 0.35343035343035345 0.2042857142857143 0.02079002079002079
5 0.6192857142857143 0.5561330561330561 0.23857142857142857 0.04365904365904366
5 0.5435714285714286 0.6008316008316008 0.08428571428571428 0.02079002079002079
5 0.68 0.6486486486486487 0.35714285714285715 0.02494802494802495
5 0.5371428571428571 0.6964656964656964 0.08285714285714285 0.02079002079002079
