7 0.3327485380116959 0.2753108348134991 0.33567251461988307 0.021314387211367674
2 0.5935672514619883 0.4689165186500888 0.1742690058479532 0.02486678507992895
1 0.8730994152046784 0.8108348134991119 0.010526315789473684 0.019538188277087035
0 0.7865497076023392 0.9209591474245116 0.12514619883040937 0.02664298401420959
8 0.5719298245614035 0.9191829484902309 0.14736842105263157 0.03019538188277087
6 0.28888888888888886 0.9227353463587922 0.15204678362573099 0.023090586145648313
9 0.09415204678362574 0.7815275310834814 0.026900584795321637 0.33747779751332146
3 0.8228070175438597 0.46536412078152756 0.12514619883040937 0.02486678507992895
4 0.747953216374269 0.36767317939609234 0.031578947368421054 0.017761989342806393
4 0.8853801169590644 0.36767317939609234 0.021052631578947368 0.017761989342806393
4 0.5625730994152047 0.36678507992895204 0.10058479532163743 0.019538188277087035
5 0.6742690058479532 0.5612788632326821 0.3309941520467836 0.021314387211367674
5 0.632748538011696 0.6412078152753108 0.2432748538011696 0.021314387211367674
5 0.5532163742690058 0.6820603907637656 0.08187134502923976 0.021314387211367674
