7 0.298444976076555 0.2699822380106572 0.2619617224880383 0.021314387211367674
2 0.6124401913875598 0.45381882770870335 0.19617224880382775 0.02664298401420959
1 0.8875598086124402 0.7948490230905861 0.011961722488038277 0.019538188277087035
0 0.8074162679425837 0.9067495559502664 0.1291866028708134 0.023090586145648313
8 0.5705741626794258 0.9085257548845471 0.12679425837320574 0.02664298401420959
6 0.3068181818181818 0.911190053285968 0.16626794258373206 0.02486678507992895
9 0.10406698564593302 0.7628774422735346 0.03827751196172249 0.35701598579040855
3 0.8391148325358851 0.4493783303730018 0.1255980861244019 0.02486678507992895
4 0.7583732057416268 0.3552397868561279 0.03349282296650718 0.017761989342806393
4 0.8989234449760766 0.35257548845470693 0.017942583732057416 0.012433392539964476
4 0.5783492822966507 0.35790408525754885 0.11842105263157894 0.023090586145648313
5 0.6483253588516746 0.5515097690941385 0.2511961722488038 0.019538188277087035
5 0.569377990430622 0.5914742451154529 0.09569377990430622 0.017761989342806393
5 0.6638755980861244 0.6287744227353463 0.284688995215311 0.021314387211367674
5 0.569377990430622 0.6714031971580817 0.09090909090909091 0.021314387211367674
