7 0.3230616302186879 0.2796143250688705 0.3320079522862823 0.024793388429752067
2 0.5934393638170974 0.4669421487603306 0.18886679920477137 0.03581267217630854
1 0.8638170974155069 0.8181818181818182 0.013916500994035786 0.01652892561983471
0 0.7922465208747514 0.9269972451790633 0.15308151093439365 0.03581267217630854
8 0.5596421471172962 0.9214876033057852 0.15308151093439365 0.024793388429752067
6 0.28429423459244535 0.9242424242424242 0.16699801192842942 0.024793388429752067
9 0.09343936381709742 0.8016528925619835 0.027833001988071572 0.3140495867768595
3 0.8210735586481114 0.4696969696969697 0.13518886679920478 0.024793388429752067
4 0.5656063618290258 0.3746556473829201 0.12127236580516898 0.02203856749311295
4 0.7544731610337972 0.3760330578512397 0.0536779324055666 0.01928374655647383
4 0.8886679920477137 0.3787878787878788 0.03180914512922465 0.024793388429752067
5 0.6749502982107356 0.571625344352617 0.34791252485089463 0.024793388429752067
5 0.6550695825049702 0.6473829201101928 0.31610337972166996 0.027548209366391185
