7 0.6321022727272727 0.7091633466135459 0.35511363636363635 0.02390438247011952
2 0.39488636363636365 0.5219123505976095 0.19886363636363635 0.04780876494023904
1 0.12357954545454546 0.1892430278884462 0.014204545454545454 0.0199203187250996
0 0.16335227272727273 0.09760956175298804 0.16761363636363635 0.027888446215139442
8 0.4147727272727273 0.10956175298804781 0.13636363636363635 0.043824701195219126
6 0.7017045454545454 0.10159362549800798 0.1534090909090909 0.0199203187250996
9 0.9048295454545454 0.20119521912350596 0.03125 0.40239043824701193
3 0.1590909090909091 0.5318725099601593 0.13636363636363635 0.0199203187250996
4 0.3806818181818182 0.6235059760956175 0.22727272727272727 0.027888446215139442
5 0.34801136363636365 0.4342629482071713 0.29261363636363635 0.02390438247011952
5 0.3380681818181818 0.34063745019920316 0.3125 0.027888446215139442
5 0.41761363636363635 0.2908366533864542 0.1534090909090909 0.03187250996015936
