7 0.344903988183161 0.28038379530916846 0.33234859675036926 0.019189765458422176
2 0.6189069423929099 0.47654584221748403 0.20088626292466766 0.02771855010660981
1 0.8862629246676514 0.8336886993603412 0.011816838995568686 0.021321961620469083
0 0.8116691285081241 0.9402985074626866 0.14032496307237813 0.0255863539445629
8 0.5886262924667651 0.94136460554371 0.155096011816839 0.031982942430703626
6 0.2961595273264402 0.9392324093816631 0.155096011816839 0.023454157782515993
9 0.11152141802067947 0.7803837953091685 0.028064992614475627 0.3368869936034115
3 0.8471196454948301 0.47761194029850745 0.1432791728212703 0.0255863539445629
4 0.7621861152141802 0.3816631130063966 0.03249630723781388 0.017057569296375266
4 0.5745937961595273 0.3773987206823028 0.103397341211226 0.021321961620469083
4 0.9002954209748892 0.3805970149253731 0.025110782865583457 0.019189765458422176
5 0.6602658788774003 0.5756929637526652 0.27474150664697194 0.021321961620469083
5 0.6957163958641064 0.6588486140724946 0.33677991137370755 0.021321961620469083
