7 0.33825198637911463 0.26398026315789475 0.2973893303064699 0.02138157894736842
2 0.6072644721906924 0.43667763157894735 0.170261066969353 0.02138157894736842
1 0.8785471055618616 0.7582236842105263 0.011350737797956867 0.01644736842105263
0 0.800794551645857 0.8601973684210527 0.13280363223609534 0.02631578947368421
8 0.58683314415437 0.852796052631579 0.14301929625425652 0.03782894736842105
6 0.31611804767309876 0.8601973684210527 0.15777525539160045 0.023026315789473683
9 0.12372304199772985 0.7302631578947368 0.02724177071509648 0.3190789473684211
3 0.8246311010215664 0.4375 0.12145289443813848 0.023026315789473683
4 0.5805902383654937 0.3470394736842105 0.10783200908059024 0.019736842105263157
4 0.7616345062429057 0.34539473684210525 0.03859250851305335 0.019736842105263157
4 0.8910329171396141 0.34539473684210525 0.024971623155505107 0.019736842105263157
5 0.6679909194097616 0.5271381578947368 0.28717366628830876 0.018092105263157895
5 0.5618615209988649 0.5608552631578947 0.06583427922814983 0.019736842105263157
5 0.6555051078320091 0.5978618421052632 0.26220204313280365 0.027960526315789474
5 0.5584562996594779 0.6398026315789473 0.06583427922814983 0.019736842105263157
