7 0.3821428571428571 0.2740963855421687 0.38142857142857145 0.02208835341365462
2 0.6121428571428571 0.4759036144578313 0.15857142857142856 0.024096385542168676
1 0.8785714285714286 0.8303212851405622 0.011428571428571429 0.018072289156626505
0 0.8028571428571428 0.929718875502008 0.15142857142857144 0.028112449799196786
8 0.5757142857142857 0.9267068273092369 0.15142857142857144 0.030120481927710843
6 0.2742857142857143 0.9186746987951807 0.15142857142857144 0.02208835341365462
9 0.09571428571428571 0.7710843373493976 0.03142857142857143 0.3534136546184739
3 0.8507142857142858 0.48092369477911645 0.1357142857142857 0.02610441767068273
4 0.6478571428571429 0.3785140562248996 0.22428571428571428 0.02208835341365462
5 0.6728571428571428 0.5783132530120482 0.28285714285714286 0.024096385542168676
5 0.5728571428571428 0.6275100401606426 0.08857142857142856 0.018072289156626505
5 0.67 0.6757028112449799 0.28 0.02208835341365462
