7 0.35308056872037913 0.2580357142857143 0.34834123222748814 0.023214285714285715
2 0.6119668246445498 0.45267857142857143 0.17654028436018956 0.030357142857142857
1 0.8874407582938388 0.7973214285714286 0.011848341232227487 0.019642857142857142
0 0.8056872037914692 0.9035714285714286 0.12796208530805686 0.025
8 0.5752369668246445 0.9142857142857143 0.12677725118483413 0.025
6 0.2908767772511848 0.9151785714285714 0.12677725118483413 0.019642857142857142
9 0.1018957345971564 0.7669642857142858 0.037914691943127965 0.35892857142857143
3 0.8376777251184834 0.44375 0.12796208530805686 0.026785714285714284
4 0.57760663507109 0.35267857142857145 0.10308056872037914 0.019642857142857142
4 0.7671800947867299 0.34910714285714284 0.03672985781990521 0.019642857142857142
4 0.8992890995260664 0.3455357142857143 0.02132701421800948 0.01607142857142857
5 0.6504739336492891 0.5455357142857142 0.24407582938388625 0.019642857142857142
5 0.566350710900474 0.5848214285714286 0.07819905213270142 0.019642857142857142
5 0.6481042654028436 0.625 0.24644549763033174 0.02142857142857143
5 0.5699052132701422 0.6696428571428571 0.08293838862559241 0.02142857142857143
