7 0.31809145129224653 0.27823691460055094 0.33001988071570576 0.027548209366391185
2 0.5904572564612326 0.4628099173553719 0.1908548707753479 0.03305785123966942
1 0.8628230616302187 0.8154269972451791 0.011928429423459244 0.02203856749311295
0 0.790258449304175 0.9173553719008265 0.15308151093439365 0.027548209366391185
8 0.5576540755467196 0.918732782369146 0.15308151093439365 0.024793388429752067
6 0.28330019880715707 0.9228650137741047 0.16898608349900596 0.03305785123966942
9 0.09145129224652088 0.800275482093664 0.027833001988071572 0.31129476584022037
3 0.8190854870775348 0.4669421487603306 0.13518886679920478 0.024793388429752067
4 0.5666003976143141 0.371900826446281 0.1312127236580517 0.027548209366391185
4 0.7445328031809145 0.37327823691460055 0.03777335984095427 0.01928374655647383
4 0.8846918489065606 0.3746556473829201 0.027833001988071572 0.02203856749311295
5 0.6988071570576541 0.568870523415978 0.3956262425447316 0.024793388429752067
5 0.6699801192842942 0.6460055096418733 0.34592445328031807 0.024793388429752067
