7 0.3110294117647059 0.2605932203389831 0.2897058823529412 0.0211864406779661
2 0.6014705882352941 0.4491525423728814 0.20294117647058824 0.025423728813559324
1 0.8661764705882353 0.7944915254237288 0.011764705882352941 0.0211864406779661
0 0.8022058823529412 0.902542372881356 0.15735294117647058 0.029661016949152543
8 0.5647058823529412 0.909957627118644 0.1411764705882353 0.036016949152542374
6 0.2926470588235294 0.909957627118644 0.15588235294117647 0.023305084745762712
9 0.1036764705882353 0.7764830508474576 0.030882352941176472 0.3707627118644068
3 0.8316176470588236 0.4459745762711864 0.1426470588235294 0.03177966101694915
4 0.5625 0.3495762711864407 0.11323529411764706 0.0211864406779661
4 0.7448529411764706 0.3485169491525424 0.03676470588235294 0.014830508474576272
4 0.8838235294117647 0.3474576271186441 0.026470588235294117 0.01694915254237288
5 0.6705882352941176 0.5423728813559322 0.3235294117647059 0.025423728813559324
5 0.6823529411764706 0.625 0.35 0.0211864406779661
5 0.5551470588235294 0.6663135593220338 0.06323529411764706 0.019067796610169493
