7 0.2856294536817102 0.2629695885509839 0.26009501187648454 0.017889087656529516
2 0.5926365795724465 0.4588550983899821 0.18052256532066507 0.023255813953488372
1 0.8842042755344418 0.8103756708407871 0.02494061757719715 0.02146690518783542
0 0.7832541567695962 0.9203935599284436 0.11520190023752969 0.023255813953488372
8 0.5540380047505938 0.9159212880143113 0.12707838479809977 0.025044722719141325
6 0.28028503562945367 0.9087656529516994 0.16389548693586697 0.025044722719141325
9 0.09382422802850356 0.7486583184257602 0.028503562945368172 0.34525939177101966
3 0.8378859857482185 0.46153846153846156 0.1508313539192399 0.028622540250447227
4 0.5694774346793349 0.35867620751341683 0.11282660332541568 0.023255813953488372
4 0.7553444180522565 0.3613595706618962 0.035629453681710214 0.02146690518783542
4 0.8925178147268409 0.3631484794275492 0.020190023752969122 0.017889087656529516
5 0.6365795724465558 0.5581395348837209 0.2589073634204275 0.02146690518783542
5 0.6442992874109263 0.6332737030411449 0.27909738717339666 0.025044722719141325
5 0.5350356294536817 0.6762075134168157 0.05819477434679335 0.017889087656529516
