7 0.30576070901033975 0.28038379530916846 0.2511078286558346 0.019189765458422176
2 0.620384047267356 0.47547974413646055 0.20088626292466766 0.0255863539445629
1 0.8877400295420975 0.8347547974413646 0.014771048744460856 0.023454157782515993
0 0.8124076809453471 0.9402985074626866 0.1447562776957164 0.0255863539445629
8 0.5893648449039882 0.94136460554371 0.15952732644017725 0.031982942430703626
6 0.2968980797636632 0.9392324093816631 0.15952732644017725 0.023454157782515993
9 0.11299852289512555 0.779317697228145 0.028064992614475627 0.3347547974413646
3 0.8485967503692762 0.47761194029850745 0.1432791728212703 0.0255863539445629
4 0.7636632200886263 0.3805970149253731 0.03249630723781388 0.019189765458422176
4 0.5768094534711965 0.3784648187633262 0.09896602658788774 0.023454157782515993
4 0.9017725258493353 0.3816631130063966 0.028064992614475627 0.021321961620469083
5 0.6676514032496307 0.5746268656716418 0.2895125553914328 0.019189765458422176
5 0.6964549483013294 0.6588486140724946 0.3353028064992615 0.021321961620469083
