7 0.37982565379825656 0.26354679802955666 0.43337484433374845 0.021346469622331693
2 0.6158156911581569 0.45566502463054187 0.22042341220423411 0.027914614121510674
1 0.8723536737235368 0.8021346469622331 0.0112079701120797 0.0180623973727422
0 0.8051058530510585 0.9080459770114943 0.1581569115815691 0.026272577996715927
8 0.5784557907845579 0.90311986863711 0.1581569115815691 0.029556650246305417
6 0.2982565379825654 0.90311986863711 0.17310087173100872 0.022988505747126436
9 0.10149439601494396 0.8210180623973727 0.028642590286425903 0.3021346469622332
3 0.8325031133250311 0.458128078817734 0.1581569115815691 0.026272577996715927
4 0.5734744707347447 0.35714285714285715 0.1307596513075965 0.021346469622331693
4 0.7496886674968867 0.361247947454844 0.039850560398505604 0.019704433497536946
4 0.8823163138231631 0.361247947454844 0.026151930261519303 0.016420361247947456
5 0.6818181818181818 0.5509031198686372 0.33997509339975096 0.0180623973727422
5 0.5504358655043586 0.5886699507389163 0.07970112079701121 0.0180623973727422
5 0.6575342465753424 0.6313628899835796 0.29638854296388545 0.0180623973727422
5 0.5709838107098381 0.6699507389162561 0.11581569115815692 0.019704433497536946
