7 0.27964071856287426 0.2703180212014134 0.25988023952095807 0.02120141342756184
2 0.6173652694610778 0.45671378091872794 0.22874251497005987 0.030035335689045935
1 0.8754491017964072 0.7950530035335689 0.011976047904191617 0.0176678445229682
0 0.7940119760479042 0.9037102473498233 0.14131736526946106 0.026501766784452298
8 0.5532934131736527 0.907243816254417 0.12694610778443113 0.026501766784452298
6 0.27305389221556886 0.9143109540636042 0.1532934131736527 0.026501766784452298
9 0.08023952095808383 0.7720848056537103 0.02874251497005988 0.3392226148409894
3 0.8245508982035928 0.45229681978798586 0.1281437125748503 0.024734982332155476
4 0.5610778443113772 0.36130742049469966 0.11377245508982035 0.022968197879858657
4 0.7508982035928143 0.357773851590106 0.03592814371257485 0.019434628975265017
4 0.8874251497005988 0.3542402826855124 0.02155688622754491 0.019434628975265017
5 0.6365269461077845 0.549469964664311 0.25988023952095807 0.02120141342756184
5 0.6449101796407186 0.6298586572438163 0.27904191616766466 0.022968197879858657
5 0.5437125748502994 0.6722614840989399 0.07664670658682635 0.019434628975265017
