7 0.3375 0.2668067226890756 0.3338235294117647 0.02100840336134454
2 0.6139705882352942 0.46638655462184875 0.21911764705882353 0.03361344537815126
1 0.8595588235294118 0.8214285714285714 0.010294117647058823 0.02100840336134454
0 0.8110294117647059 0.9180672268907563 0.15735294117647058 0.037815126050420166
8 0.5735294117647058 0.9096638655462185 0.1411764705882353 0.025210084033613446
6 0.3044117647058823 0.9086134453781513 0.17352941176470588 0.0273109243697479
9 0.11176470588235295 0.8161764705882353 0.03529411764705882 0.296218487394958
3 0.825735294117647 0.4653361344537815 0.1426470588235294 0.031512605042016806
4 0.625 0.36554621848739494 0.24411764705882352 0.025210084033613446
5 0.6529411764705882 0.5640756302521008 0.28823529411764703 0.023109243697478993
5 0.5661764705882353 0.6113445378151261 0.11176470588235295 0.025210084033613446
5 0.6794117647058824 0.6712184873949579 0.3382352941176471 0.023109243697478993
