7 0.328125 0.2698744769874477 0.31101190476190477 0.02092050209205021
2 0.6145833333333334 0.4665271966527197 0.20535714285714285 0.029288702928870293
1 0.8839285714285714 0.8106694560669456 0.011904761904761904 0.014644351464435146
0 0.8169642857142857 0.9205020920502092 0.15773809523809523 0.029288702928870293
8 0.5766369047619048 0.9110878661087866 0.14434523809523808 0.03556485355648536
6 0.28125 0.9069037656903766 0.14285714285714285 0.03138075313807531
9 0.09523809523809523 0.7615062761506276 0.02976190476190476 0.3472803347280335
3 0.8444940476190477 0.4665271966527197 0.14434523809523808 0.02510460251046025
4 0.5758928571428571 0.36610878661087864 0.11607142857142858 0.02092050209205021
4 0.7604166666666666 0.3682008368200837 0.03273809523809524 0.016736401673640166
4 0.8988095238095238 0.3713389121338912 0.020833333333333332 0.01882845188284519
5 0.6822916666666666 0.5564853556485355 0.32589285714285715 0.03347280334728033
5 0.6525297619047619 0.641213389121339 0.26339285714285715 0.01882845188284519
5 0.5736607142857143 0.6788702928870293 0.10267857142857142 0.01882845188284519
