7 0.2862481315396114 0.27176220806794055 0.2526158445440957 0.021231422505307854
2 0.6076233183856502 0.4585987261146497 0.20478325859491778 0.025477707006369428
1 0.8856502242152466 0.8099787685774947 0.01046337817638266 0.01910828025477707
0 0.8034379671150972 0.9182590233545648 0.14499252615844543 0.027600849256900213
8 0.57847533632287 0.9235668789808917 0.16143497757847533 0.03397027600849257
6 0.2982062780269058 0.9256900212314225 0.17488789237668162 0.025477707006369428
9 0.09865470852017937 0.8248407643312102 0.03288490284005979 0.3503184713375796
3 0.8288490284005979 0.4585987261146497 0.13004484304932734 0.025477707006369428
4 0.7563527653213752 0.35881104033970274 0.04484304932735426 0.016985138004246284
4 0.8916292974588939 0.35881104033970274 0.028400597907324365 0.021231422505307854
4 0.5612855007473841 0.3609341825902335 0.1031390134529148 0.021231422505307854
5 0.6502242152466368 0.5605095541401274 0.27802690582959644 0.025477707006369428
5 0.6502242152466368 0.6390658174097664 0.28101644245142005 0.021231422505307854
5 0.5403587443946188 0.6804670912951167 0.06427503736920777 0.01910828025477707
